t,y1,y2,y3,u1,u2,u3,du1,du2,du3,ref_y1,ref_y2,ref_y3,e1,e2,e3,IAE_y1,IAE_y2,IAE_y3,ISE_y1,ISE_y2,ISE_y3,E_valve
0.000000e+00,7.560000e+01,1.530000e+01,-1.096096e-01,1.262600e-01,4.006300e-01,1.226200e-01,7.000000e-03,2.000000e-02,0.000000e+00,7.760000e+01,1.830000e+01,-1.096096e-01,2.000000e+00,3.000000e+00,0.000000e+00,2.000000e+00,3.000000e+00,0.000000e+00,4.000000e+00,9.000000e+00,0.000000e+00,4.490000e-04
1.000000e+00,7.560162e+01,1.548958e+01,-1.007726e-01,1.332600e-01,4.206300e-01,1.014112e-01,7.000000e-03,2.000000e-02,-2.120880e-02,7.760000e+01,1.830000e+01,-1.096096e-01,1.998376e+00,2.810424e+00,-8.836998e-03,3.998376e+00,5.810424e+00,8.836998e-03,7.993505e+00,1.689848e+01,7.809254e-05,1.347813e-03
2.000000e+00,7.560805e+01,1.584978e+01,-9.194450e-02,1.402600e-01,4.406300e-01,8.375851e-02,7.000000e-03,2.000000e-02,-1.765269e-02,7.760000e+01,1.830000e+01,-1.096096e-01,1.991946e+00,2.450224e+00,-1.766512e-02,5.990321e+00,8.260647e+00,2.650212e-02,1.196135e+01,2.290208e+01,3.901490e-04,2.108431e-03
3.000000e+00,7.561875e+01,1.636370e+01,-8.343702e-02,1.472600e-01,4.606300e-01,6.687180e-02,7.000000e-03,2.000000e-02,-1.688671e-02,7.760000e+01,1.830000e+01,-1.096096e-01,1.981251e+00,1.936303e+00,-2.617260e-02,7.971573e+00,1.019695e+01,5.267472e-02,1.588671e+01,2.665135e+01,1.075154e-03,2.842591e-03
4.000000e+00,7.563358e+01,1.701615e+01,-7.520297e-02,1.542600e-01,4.806300e-01,5.051308e-02,7.000000e-03,2.000000e-02,-1.635872e-02,7.760000e+01,1.830000e+01,-1.096096e-01,1.966415e+00,1.283853e+00,-3.440665e-02,9.937988e+00,1.148080e+01,8.708137e-02,1.975350e+01,2.829963e+01,2.258972e-03,3.559199e-03
5.000000e+00,7.565248e+01,1.779349e+01,-6.723302e-02,1.612600e-01,4.806300e-01,3.467881e-02,7.000000e-03,0.000000e+00,-1.583428e-02,7.760000e+01,1.830000e+01,-1.096096e-01,1.947525e+00,5.065119e-01,-4.237660e-02,1.188551e+01,1.198732e+01,1.294580e-01,2.354635e+01,2.855618e+01,4.054748e-03,3.858923e-03
6.000000e+00,7.568001e+01,1.849379e+01,-6.657333e-02,1.682600e-01,4.606300e-01,3.628354e-02,7.000000e-03,-2.000000e-02,1.604726e-03,7.760000e+01,1.830000e+01,-1.096096e-01,1.919991e+00,-1.937912e-01,-4.303629e-02,1.380550e+01,1.218111e+01,1.724943e-01,2.723272e+01,2.859373e+01,5.906871e-03,4.310499e-03
7.000000e+00,7.571824e+01,1.893532e+01,-7.317942e-02,1.752600e-01,4.406300e-01,5.240203e-02,7.000000e-03,-2.000000e-02,1.611849e-02,7.760000e+01,1.830000e+01,-1.096096e-01,1.881765e+00,-6.353185e-01,-3.643020e-02,1.568727e+01,1.281642e+01,2.089245e-01,3.077376e+01,2.899736e+01,7.234031e-03,5.019304e-03
8.000000e+00,7.576496e+01,1.914413e+01,-7.970132e-02,1.822600e-01,4.206300e-01,6.541215e-02,7.000000e-03,-2.000000e-02,1.301012e-02,7.760000e+01,1.830000e+01,-1.096096e-01,1.835036e+00,-8.441261e-01,-2.990831e-02,1.752230e+01,1.366055e+01,2.388328e-01,3.414111e+01,2.970991e+01,8.128537e-03,5.637568e-03
9.000000e+00,7.582066e+01,1.914351e+01,-8.592415e-02,1.892600e-01,4.006300e-01,7.773820e-02,7.000000e-03,-2.000000e-02,1.232605e-02,7.760000e+01,1.830000e+01,-1.096096e-01,1.779345e+00,-8.435121e-01,-2.368547e-02,1.930165e+01,1.450406e+01,2.625182e-01,3.730718e+01,3.042143e+01,8.689539e-03,6.238499e-03
1.000000e+01,7.588540e+01,1.895438e+01,-9.189078e-02,1.962600e-01,3.806300e-01,8.956898e-02,7.000000e-03,-2.000000e-02,1.183078e-02,7.760000e+01,1.830000e+01,-1.096096e-01,1.714596e+00,-6.543846e-01,-1.771884e-02,2.101625e+01,1.515845e+01,2.802371e-01,4.024702e+01,3.084965e+01,9.003496e-03,6.827467e-03
1.100000e+01,7.595928e+01,1.859549e+01,-9.761110e-02,2.032600e-01,3.606300e-01,1.009111e-01,7.000000e-03,-2.000000e-02,1.134212e-02,7.760000e+01,1.830000e+01,-1.096096e-01,1.640718e+00,-2.954869e-01,-1.199852e-02,2.265696e+01,1.545393e+01,2.922356e-01,4.293898e+01,3.093696e+01,9.147460e-03,7.405110e-03
1.200000e+01,7.604236e+01,1.808361e+01,-1.030924e-01,2.102600e-01,3.806300e-01,1.117781e-01,7.000000e-03,2.000000e-02,1.086699e-02,7.760000e+01,1.830000e+01,-1.096096e-01,1.557641e+00,2.163868e-01,-6.517219e-03,2.421460e+01,1.567032e+01,2.987528e-01,4.536522e+01,3.098378e+01,9.189934e-03,7.972202e-03
1.300000e+01,7.612530e+01,1.781537e+01,-9.414699e-02,2.172600e-01,4.006300e-01,8.811658e-02,7.000000e-03,2.000000e-02,-2.366150e-02,7.760000e+01,1.830000e+01,-1.096096e-01,1.474703e+00,4.846316e-01,-1.546263e-02,2.568931e+01,1.615495e+01,3.142154e-01,4.753997e+01,3.121865e+01,9.429027e-03,8.981068e-03
1.400000e+01,7.621327e+01,1.776686e+01,-8.503350e-02,2.192600e-01,4.206300e-01,6.982235e-02,2.000000e-03,2.000000e-02,-1.829424e-02,7.760000e+01,1.830000e+01,-1.096096e-01,1.386735e+00,5.331445e-01,-2.457613e-02,2.707604e+01,1.668810e+01,3.387916e-01,4.946300e+01,3.150289e+01,1.003301e-02,9.719747e-03
1.500000e+01,7.630094e+01,1.791671e+01,-7.753753e-02,2.192600e-01,4.406300e-01,5.547744e-02,0.000000e+00,2.000000e-02,-1.434491e-02,7.760000e+01,1.830000e+01,-1.096096e-01,1.299062e+00,3.832873e-01,-3.207209e-02,2.837510e+01,1.707138e+01,3.708637e-01,5.115057e+01,3.164980e+01,1.106163e-02,1.032552e-02
1.600000e+01,7.638591e+01,1.824559e+01,-7.084858e-02,2.192600e-01,4.206300e-01,4.242233e-02,0.000000e+00,-2.000000e-02,-1.305511e-02,7.760000e+01,1.830000e+01,-1.096096e-01,1.214088e+00,5.440904e-02,-3.876105e-02,2.958919e+01,1.712579e+01,4.096247e-01,5.262457e+01,3.165276e+01,1.256405e-02,1.089596e-02
1.700000e+01,7.647744e+01,1.835249e+01,-7.866729e-02,2.192600e-01,4.006300e-01,6.386282e-02,0.000000e+00,-2.000000e-02,2.144050e-02,7.760000e+01,1.830000e+01,-1.096096e-01,1.122557e+00,-5.248509e-02,-3.094233e-02,3.071175e+01,1.717828e+01,4.405670e-01,5.388471e+01,3.165552e+01,1.352148e-02,1.175565e-02
1.800000e+01,7.657036e+01,1.825928e+01,-8.666117e-02,2.192600e-01,4.103094e-01,7.992064e-02,0.000000e+00,9.679369e-03,1.605782e-02,7.760000e+01,1.830000e+01,-1.096096e-01,1.029643e+00,4.071810e-02,-2.294845e-02,3.174139e+01,1.721900e+01,4.635155e-01,5.494487e+01,3.165717e+01,1.404811e-02,1.210720e-02
1.900000e+01,7.665844e+01,1.827083e+01,-8.371823e-02,2.192600e-01,3.940573e-01,6.966003e-02,0.000000e+00,-1.625212e-02,-1.026061e-02,7.760000e+01,1.830000e+01,-1.096096e-01,9.415607e-01,2.916510e-02,-2.589140e-02,3.268295e+01,1.724816e+01,4.894069e-01,5.583141e+01,3.165802e+01,1.471847e-02,1.247661e-02
2.000000e+01,7.675179e+01,1.812717e+01,-8.983375e-02,2.192600e-01,4.140573e-01,8.551446e-02,0.000000e+00,2.000000e-02,1.585443e-02,7.760000e+01,1.830000e+01,-1.096096e-01,8.482081e-01,1.728347e-01,-1.977587e-02,3.353116e+01,1.742100e+01,5.091828e-01,5.655087e+01,3.168790e+01,1.510956e-02,1.312797e-02
2.100000e+01,7.683788e+01,1.819296e+01,-8.309575e-02,2.192600e-01,4.275729e-01,6.689706e-02,0.000000e+00,1.351568e-02,-1.861741e-02,7.760000e+01,1.830000e+01,-1.096096e-01,7.621154e-01,1.070440e-01,-2.651387e-02,3.429328e+01,1.752804e+01,5.356966e-01,5.713169e+01,3.169935e+01,1.581255e-02,1.365725e-02
2.200000e+01,7.692343e+01,1.838498e+01,-7.848610e-02,2.192600e-01,4.075729e-01,5.852911e-02,0.000000e+00,-2.000000e-02,-8.367951e-03,7.760000e+01,1.830000e+01,-1.096096e-01,6.765708e-01,-8.498500e-02,-3.112352e-02,3.496985e+01,1.761303e+01,5.668201e-01,5.758943e+01,3.170658e+01,1.678122e-02,1.412728e-02
2.300000e+01,7.701487e+01,1.836706e+01,-8.620374e-02,2.192600e-01,3.875729e-01,7.889528e-02,0.000000e+00,-2.000000e-02,2.036617e-02,7.760000e+01,1.830000e+01,-1.096096e-01,5.851328e-01,-6.705846e-02,-2.340589e-02,3.555498e+01,1.768008e+01,5.902260e-01,5.793182e+01,3.171107e+01,1.732905e-02,1.494206e-02
2.400000e+01,7.710789e+01,1.815983e+01,-9.402576e-02,2.192600e-01,4.075729e-01,9.458109e-02,0.000000e+00,2.000000e-02,1.568581e-02,7.760000e+01,1.830000e+01,-1.096096e-01,4.921077e-01,1.401711e-01,-1.558386e-02,3.604709e+01,1.782026e+01,6.058099e-01,5.817398e+01,3.173072e+01,1.757191e-02,1.558810e-02
2.500000e+01,7.719366e+01,1.816933e+01,-8.713553e-02,2.192600e-01,4.275729e-01,7.491572e-02,0.000000e+00,2.000000e-02,-1.966537e-02,7.760000e+01,1.830000e+01,-1.096096e-01,4.063396e-01,1.306698e-01,-2.247409e-02,3.645343e+01,1.795093e+01,6.282840e-01,5.833910e+01,3.174780e+01,1.807700e-02,1.637483e-02
2.600000e+01,7.727747e+01,1.837420e+01,-8.004660e-02,2.192600e-01,4.075729e-01,6.065838e-02,0.000000e+00,-2.000000e-02,-1.425733e-02,7.760000e+01,1.830000e+01,-1.096096e-01,3.225279e-01,-7.420178e-02,-2.956302e-02,3.677595e+01,1.802513e+01,6.578470e-01,5.844312e+01,3.175330e+01,1.895097e-02,1.697810e-02
2.700000e+01,7.736809e+01,1.836678e+01,-8.770183e-02,2.192600e-01,3.875729e-01,8.186651e-02,0.000000e+00,-2.000000e-02,2.120813e-02,7.760000e+01,1.830000e+01,-1.096096e-01,2.319124e-01,-6.678293e-02,-2.190779e-02,3.700787e+01,1.809191e+01,6.797548e-01,5.849690e+01,3.175776e+01,1.943092e-02,1.782789e-02
2.800000e+01,7.746019e+01,1.816799e+01,-9.554736e-02,2.192600e-01,4.075729e-01,9.763369e-02,0.000000e+00,2.000000e-02,1.576718e-02,7.760000e+01,1.830000e+01,-1.096096e-01,1.398102e-01,1.320090e-01,-1.406226e-02,3.714768e+01,1.822392e+01,6.938171e-01,5.851645e+01,3.177519e+01,1.962867e-02,1.847649e-02
2.900000e+01,7.754500e+01,1.818606e+01,-8.860311e-02,2.122600e-01,4.275729e-01,7.782928e-02,-7.000000e-03,2.000000e-02,-1.980442e-02,7.760000e+01,1.830000e+01,-1.096096e-01,5.500064e-02,1.139383e-01,-2.100651e-02,3.720268e+01,1.833786e+01,7.148236e-01,5.851948e+01,3.178817e+01,2.006994e-02,1.931770e-02
3.000000e+01,7.762155e+01,1.839962e+01,-8.325009e-02,2.052600e-01,4.075729e-01,6.775972e-02,-7.000000e-03,-2.000000e-02,-1.006956e-02,7.760000e+01,1.830000e+01,-1.096096e-01,-2.155006e-02,-9.961535e-02,-2.635954e-02,3.722423e+01,1.843747e+01,7.411831e-01,5.851994e+01,3.179809e+01,2.076476e-02,1.986810e-02
3.100000e+01,7.769801e+01,1.839882e+01,-9.274560e-02,1.982600e-01,3.875729e-01,9.269016e-02,-7.000000e-03,-2.000000e-02,2.493044e-02,7.760000e+01,1.830000e+01,-1.096096e-01,-9.801131e-02,-9.882428e-02,-1.686402e-02,3.732224e+01,1.853630e+01,7.580471e-01,5.852955e+01,3.180786e+01,2.104916e-02,2.093863e-02
3.200000e+01,7.776914e+01,1.820469e+01,-1.024049e-01,1.912600e-01,4.075729e-01,1.120743e-01,-7.000000e-03,2.000000e-02,1.938413e-02,7.760000e+01,1.830000e+01,-1.096096e-01,-1.691439e-01,9.531217e-02,-7.204717e-03,3.749138e+01,1.863161e+01,7.652518e-01,5.855816e+01,3.181694e+01,2.110107e-02,2.176337e-02
3.300000e+01,7.782615e+01,1.822732e+01,-9.719934e-02,1.842600e-01,4.147043e-01,9.571722e-02,-7.000000e-03,7.131322e-03,-1.635707e-02,7.760000e+01,1.830000e+01,-1.096096e-01,-2.261481e-01,7.267578e-02,-1.241028e-02,3.771753e+01,1.870428e+01,7.776621e-01,5.860930e+01,3.182223e+01,2.125508e-02,2.213078e-02
3.400000e+01,7.787750e+01,1.831904e+01,-9.645411e-02,1.772600e-01,3.947043e-01,9.601089e-02,-7.000000e-03,-2.000000e-02,2.936720e-04,7.760000e+01,1.830000e+01,-1.096096e-01,-2.775030e-01,-1.904159e-02,-1.315551e-02,3.799503e+01,1.872333e+01,7.908176e-01,5.868631e+01,3.182259e+01,2.142815e-02,2.257987e-02
3.500000e+01,7.792727e+01,1.820704e+01,-1.058552e-01,1.702600e-01,4.147043e-01,1.188715e-01,-7.000000e-03,2.000000e-02,2.286060e-02,7.760000e+01,1.830000e+01,-1.096096e-01,-3.272717e-01,9.296232e-02,-3.754463e-03,3.832231e+01,1.881629e+01,7.945721e-01,5.879341e+01,3.183123e+01,2.144225e-02,2.355147e-02
3.600000e+01,7.796241e+01,1.830358e+01,-1.007227e-01,1.632600e-01,3.947043e-01,1.027931e-01,-7.000000e-03,-2.000000e-02,-1.607836e-02,7.760000e+01,1.830000e+01,-1.096096e-01,-3.624072e-01,-3.582428e-03,-8.886940e-03,3.868471e+01,1.881987e+01,8.034590e-01,5.892475e+01,3.183124e+01,2.152122e-02,2.425899e-02
3.700000e+01,7.799844e+01,1.819523e+01,-1.098774e-01,1.562600e-01,4.147043e-01,1.268175e-01,-7.000000e-03,2.000000e-02,2.402440e-02,7.760000e+01,1.830000e+01,-1.096096e-01,-3.984416e-01,1.047660e-01,2.678144e-04,3.908315e+01,1.892464e+01,8.037269e-01,5.908351e+01,3.184222e+01,2.152130e-02,2.528516e-02
3.800000e+01,7.801968e+01,1.829493e+01,-1.047194e-01,1.492600e-01,3.947043e-01,1.107763e-01,-7.000000e-03,-2.000000e-02,-1.604124e-02,7.760000e+01,1.830000e+01,-1.096096e-01,-4.196821e-01,5.070865e-03,-4.890243e-03,3.950284e+01,1.892971e+01,8.086171e-01,5.925964e+01,3.184225e+01,2.154521e-02,2.599148e-02
3.900000e+01,7.804184e+01,1.818887e+01,-1.138430e-01,1.422600e-01,4.147043e-01,1.347361e-01,-7.000000e-03,2.000000e-02,2.395985e-02,7.760000e+01,1.830000e+01,-1.096096e-01,-4.418401e-01,1.111307e-01,4.233352e-03,3.994468e+01,1.904084e+01,8.128504e-01,5.945486e+01,3.185460e+01,2.156313e-02,2.701456e-02
4.000000e+01,7.804923e+01,1.829040e+01,-1.086446e-01,1.352600e-01,3.947043e-01,1.186105e-01,-7.000000e-03,-2.000000e-02,-1.612564e-02,7.760000e+01,1.830000e+01,-1.096096e-01,-4.492300e-01,9.597707e-03,-9.650659e-04,4.039391e+01,1.905044e+01,8.138155e-01,5.965667e+01,3.185469e+01,2.156406e-02,2.772359e-02
4.100000e+01,7.805757e+01,1.818553e+01,-1.177336e-01,1.282600e-01,4.147043e-01,1.425035e-01,-7.000000e-03,2.000000e-02,2.389297e-02,7.760000e+01,1.830000e+01,-1.096096e-01,-4.575722e-01,1.144705e-01,8.123936e-03,4.085148e+01,1.916491e+01,8.219395e-01,5.986604e+01,3.186779e+01,2.163006e-02,2.874347e-02
4.200000e+01,7.805117e+01,1.828783e+01,-1.124982e-01,1.212600e-01,3.947043e-01,1.263030e-01,-7.000000e-03,-2.000000e-02,-1.620046e-02,7.760000e+01,1.830000e+01,-1.096096e-01,-4.511742e-01,1.216804e-02,2.888578e-03,4.130265e+01,1.917707e+01,8.248280e-01,6.006960e+01,3.186794e+01,2.163841e-02,2.945492e-02
4.300000e+01,7.804576e+01,1.818326e+01,-1.215509e-01,1.142600e-01,4.147043e-01,1.501237e-01,-7.000000e-03,2.000000e-02,2.382064e-02,7.760000e+01,1.830000e+01,-1.096096e-01,-4.457598e-01,1.167355e-01,1.194129e-02,4.174841e+01,1.929381e+01,8.367693e-01,6.026830e+01,3.188157e+01,2.178100e-02,3.047134e-02
4.400000e+01,7.802564e+01,1.828547e+01,-1.162819e-01,1.072600e-01,3.947043e-01,1.338569e-01,-7.000000e-03,-2.000000e-02,-1.626671e-02,7.760000e+01,1.830000e+01,-1.096096e-01,-4.256359e-01,1.453355e-02,6.672273e-03,4.217405e+01,1.930834e+01,8.434416e-01,6.044947e+01,3.188178e+01,2.182552e-02,3.118495e-02
4.500000e+01,7.800652e+01,1.818050e+01,-1.252965e-01,1.002600e-01,4.147043e-01,1.575997e-01,-7.000000e-03,2.000000e-02,2.374273e-02,7.760000e+01,1.830000e+01,-1.096096e-01,-4.065236e-01,1.194991e-01,1.568691e-02,4.258057e+01,1.942784e+01,8.591285e-01,6.061473e+01,3.189606e+01,2.207160e-02,3.219767e-02
4.600000e+01,7.797274e+01,1.828189e+01,-1.199971e-01,9.326000e-02,3.947043e-01,1.412751e-01,-7.000000e-03,-2.000000e-02,-1.632457e-02,7.760000e+01,1.830000e+01,-1.096096e-01,-3.727351e-01,1.810697e-02,1.038744e-02,4.295331e+01,1.944595e+01,8.695159e-01,6.075366e+01,3.189639e+01,2.217950e-02,3.291316e-02
4.700000e+01,7.793998e+01,1.817597e+01,-1.289718e-01,8.626000e-02,4.147043e-01,1.649342e-01,-7.000000e-03,2.000000e-02,2.365914e-02,7.760000e+01,1.830000e+01,-1.096096e-01,-3.399830e-01,1.240298e-01,1.936217e-02,4.329329e+01,1.956998e+01,8.888781e-01,6.086925e+01,3.191177e+01,2.255439e-02,3.392191e-02
4.800000e+01,7.789259e+01,1.827597e+01,-1.236450e-01,7.926000e-02,3.947043e-01,1.485600e-01,-7.000000e-03,-2.000000e-02,-1.637419e-02,7.760000e+01,1.830000e+01,-1.096096e-01,-2.925906e-01,2.402646e-02,1.403538e-02,4.358588e+01,1.959401e+01,9.029135e-01,6.095486e+01,3.191235e+01,2.275138e-02,3.463903e-02
4.900000e+01,7.784626e+01,1.816865e+01,-1.325779e-01,7.226000e-02,4.147043e-01,1.721298e-01,-7.000000e-03,2.000000e-02,2.356976e-02,7.760000e+01,1.830000e+01,-1.096096e-01,-2.462562e-01,1.313487e-01,2.296832e-02,4.383214e+01,1.972535e+01,9.258818e-01,6.101550e+01,3.192960e+01,2.327893e-02,3.564356e-02
5.000000e+01,7.778532e+01,1.826679e+01,-1.272269e-01,6.526000e-02,3.947043e-01,1.557141e-01,-7.000000e-03,-2.000000e-02,-1.641574e-02,7.760000e+01,1.830000e+01,-1.096096e-01,-1.853201e-01,3.320756e-02,1.761725e-02,4.401746e+01,1.975856e+01,9.434991e-01,6.104985e+01,3.193070e+01,2.358929e-02,3.636204e-02
5.100000e+01,7.772546e+01,1.815772e+01,-1.361161e-01,5.826000e-02,4.147043e-01,1.791886e-01,-7.000000e-03,2.000000e-02,2.347450e-02,7.760000e+01,1.830000e+01,-1.096096e-01,-1.254604e-01,1.422767e-01,2.650644e-02,4.414292e+01,1.990084e+01,9.700055e-01,6.106559e+01,3.195094e+01,2.429189e-02,3.736209e-02
5.200000e+01,7.765104e+01,1.825361e+01,-1.307437e-01,6.526000e-02,3.947043e-01,1.627392e-01,7.000000e-03,-2.000000e-02,-1.644937e-02,7.760000e+01,1.830000e+01,-1.096096e-01,-5.104033e-02,4.638543e-02,2.113407e-02,4.419396e+01,1.994722e+01,9.911396e-01,6.106819e+01,3.195310e+01,2.473853e-02,3.808167e-02
5.300000e+01,7.759031e+01,1.814253e+01,-1.360064e-01,7.226000e-02,4.147043e-01,1.775186e-01,7.000000e-03,2.000000e-02,1.477944e-02,7.760000e+01,1.830000e+01,-1.096096e-01,9.688273e-03,1.574721e-01,2.639678e-02,4.420365e+01,2.010470e+01,1.017536e+00,6.106829e+01,3.197789e+01,2.543532e-02,3.874910e-02
5.400000e+01,7.752894e+01,1.823620e+01,-1.269554e-01,7.926000e-02,4.031630e-01,1.536912e-01,7.000000e-03,-1.154122e-02,-2.382740e-02,7.760000e+01,1.830000e+01,-1.096096e-01,7.106228e-02,6.380041e-02,1.734581e-02,4.427471e+01,2.016850e+01,1.034882e+00,6.107334e+01,3.198196e+01,2.573620e-02,3.949905e-02
5.500000e+01,7.748030e+01,1.820629e+01,-1.290942e-01,8.626000e-02,4.231630e-01,1.624446e-01,7.000000e-03,2.000000e-02,8.753335e-03,7.760000e+01,1.830000e+01,-1.096096e-01,1.196990e-01,9.371143e-02,1.948454e-02,4.439441e+01,2.026221e+01,1.054367e+00,6.108766e+01,3.199075e+01,2.611585e-02,4.002467e-02
5.600000e+01,7.743192e+01,1.837295e+01,-1.201257e-01,9.326000e-02,4.031630e-01,1.400647e-01,7.000000e-03,-2.000000e-02,-2.237985e-02,7.760000e+01,1.830000e+01,-1.096096e-01,1.680847e-01,-7.294950e-02,1.051606e-02,4.456249e+01,2.033516e+01,1.064883e+00,6.111592e+01,3.199607e+01,2.622644e-02,4.097453e-02
5.700000e+01,7.739806e+01,1.832684e+01,-1.254743e-01,1.002600e-01,3.831630e-01,1.564888e-01,7.000000e-03,-2.000000e-02,1.642409e-02,7.760000e+01,1.830000e+01,-1.096096e-01,2.019410e-01,-2.683839e-02,1.586469e-02,4.476443e+01,2.036200e+01,1.080747e+00,6.115670e+01,3.199679e+01,2.647812e-02,4.169328e-02
5.800000e+01,7.737289e+01,1.808984e+01,-1.310609e-01,1.072600e-01,4.031630e-01,1.677573e-01,7.000000e-03,2.000000e-02,1.126843e-02,7.760000e+01,1.830000e+01,-1.096096e-01,2.271146e-01,2.101567e-01,2.145130e-02,4.499155e+01,2.057215e+01,1.102199e+00,6.120828e+01,3.204095e+01,2.693828e-02,4.226926e-02
5.900000e+01,7.734756e+01,1.807051e+01,-1.218996e-01,1.142600e-01,4.231630e-01,1.435354e-01,7.000000e-03,2.000000e-02,-2.422189e-02,7.760000e+01,1.830000e+01,-1.096096e-01,2.524418e-01,2.294933e-01,1.228995e-02,4.524399e+01,2.080165e+01,1.114489e+00,6.127200e+01,3.209362e+01,2.708933e-02,4.330496e-02
6.000000e+01,7.732740e+01,1.824692e+01,-1.125801e-01,1.212600e-01,4.031630e-01,1.248331e-01,7.000000e-03,-2.000000e-02,-1.870224e-02,7.760000e+01,1.830000e+01,-1.096096e-01,2.725952e-01,5.308409e-02,2.970459e-03,4.551659e+01,2.085473e+01,1.117459e+00,6.134631e+01,3.209644e+01,2.709815e-02,4.410373e-02
6.100000e+01,7.732118e+01,1.821069e+01,-1.180370e-01,1.282600e-01,4.231630e-01,1.416574e-01,7.000000e-03,2.000000e-02,1.682430e-02,7.760000e+01,1.830000e+01,-1.096096e-01,2.788198e-01,8.931139e-02,8.427336e-03,4.579541e+01,2.094404e+01,1.125887e+00,6.142405e+01,3.210441e+01,2.716917e-02,4.483579e-02
6.200000e+01,7.731395e+01,1.837232e+01,-1.092733e-01,1.352600e-01,4.031630e-01,1.184420e-01,7.000000e-03,-2.000000e-02,-2.321547e-02,7.760000e+01,1.830000e+01,-1.096096e-01,2.860527e-01,-7.231868e-02,-3.362954e-04,4.608146e+01,2.101636e+01,1.126223e+00,6.150588e+01,3.210964e+01,2.716928e-02,4.582374e-02
6.300000e+01,7.732130e+01,1.832320e+01,-1.146889e-01,1.422600e-01,3.831630e-01,1.349448e-01,7.000000e-03,-2.000000e-02,1.650284e-02,7.760000e+01,1.830000e+01,-1.096096e-01,2.786997e-01,-2.320095e-02,5.079283e-03,4.636016e+01,2.103956e+01,1.131302e+00,6.158355e+01,3.211018e+01,2.719508e-02,4.654509e-02
6.400000e+01,7.733726e+01,1.808479e+01,-1.203633e-01,1.492600e-01,4.031630e-01,1.463971e-01,7.000000e-03,2.000000e-02,1.145233e-02,7.760000e+01,1.830000e+01,-1.096096e-01,2.627391e-01,2.152106e-01,1.075368e-02,4.662290e+01,2.125477e+01,1.142056e+00,6.165258e+01,3.215650e+01,2.731072e-02,4.712524e-02
6.500000e+01,7.735299e+01,1.806503e+01,-1.112971e-01,1.562600e-01,4.231630e-01,1.223684e-01,7.000000e-03,2.000000e-02,-2.402870e-02,7.760000e+01,1.830000e+01,-1.096096e-01,2.470122e-01,2.349688e-01,1.687455e-03,4.686991e+01,2.148974e+01,1.143743e+00,6.171360e+01,3.221171e+01,2.731357e-02,4.815162e-02
6.600000e+01,7.737380e+01,1.824214e+01,-1.020641e-01,1.632600e-01,4.031630e-01,1.038359e-01,7.000000e-03,-2.000000e-02,-1.853254e-02,7.760000e+01,1.830000e+01,-1.096096e-01,2.261986e-01,5.785539e-02,-7.545475e-03,4.709611e+01,2.154760e+01,1.151289e+00,6.176477e+01,3.221506e+01,2.737051e-02,4.894408e-02
6.700000e+01,7.740846e+01,1.820760e+01,-1.076153e-01,1.702600e-01,4.231630e-01,1.208517e-01,7.000000e-03,2.000000e-02,1.701583e-02,7.760000e+01,1.830000e+01,-1.096096e-01,1.915388e-01,9.239829e-02,-1.994366e-03,4.728765e+01,2.163999e+01,1.153283e+00,6.180145e+01,3.222359e+01,2.737448e-02,4.968262e-02
6.800000e+01,7.744202e+01,1.837206e+01,-9.892880e-02,1.772600e-01,4.031630e-01,9.778377e-02,7.000000e-03,-2.000000e-02,-2.306794e-02,7.760000e+01,1.830000e+01,-1.096096e-01,1.579796e-01,-7.205849e-02,-1.068082e-02,4.744563e+01,2.171205e+01,1.163964e+00,6.182641e+01,3.222879e+01,2.748856e-02,5.066375e-02
6.900000e+01,7.749009e+01,1.832630e+01,-1.044444e-01,1.842600e-01,3.831630e-01,1.144958e-01,7.000000e-03,-2.000000e-02,1.671203e-02,7.760000e+01,1.830000e+01,-1.096096e-01,1.099080e-01,-2.629946e-02,-5.165219e-03,4.755553e+01,2.173835e+01,1.169129e+00,6.183849e+01,3.222948e+01,2.751524e-02,5.139204e-02
7.000000e+01,7.754669e+01,1.809149e+01,-1.102261e-01,1.772600e-01,4.031630e-01,1.261656e-01,-7.000000e-03,2.000000e-02,1.166984e-02,7.760000e+01,1.830000e+01,-1.096096e-01,5.330561e-02,2.085070e-01,6.164828e-04,4.760884e+01,2.194686e+01,1.169746e+00,6.184133e+01,3.227295e+01,2.751562e-02,5.197722e-02
7.100000e+01,7.759036e+01,1.807651e+01,-1.048079e-01,1.702600e-01,4.231630e-01,1.108494e-01,-7.000000e-03,2.000000e-02,-1.531627e-02,7.760000e+01,1.830000e+01,-1.096096e-01,9.638443e-03,2.234852e-01,-4.801680e-03,4.761848e+01,2.217034e+01,1.174547e+00,6.184142e+01,3.232290e+01,2.753868e-02,5.266081e-02
7.200000e+01,7.762515e+01,1.825933e+01,-9.929393e-02,1.632600e-01,4.031630e-01,9.978300e-02,-7.000000e-03,-2.000000e-02,-1.106637e-02,7.760000e+01,1.830000e+01,-1.096096e-01,-2.515263e-02,4.067079e-02,-1.031570e-02,4.764363e+01,2.221102e+01,1.184863e+00,6.184206e+01,3.232455e+01,2.764509e-02,5.323228e-02
7.300000e+01,7.766007e+01,1.822961e+01,-1.085610e-01,1.562600e-01,4.187971e-01,1.242295e-01,-7.000000e-03,1.563406e-02,2.444654e-02,7.760000e+01,1.830000e+01,-1.096096e-01,-6.006685e-02,7.039029e-02,-1.048639e-03,4.770370e+01,2.228141e+01,1.185912e+00,6.184566e+01,3.232951e+01,2.764619e-02,5.412333e-02
7.400000e+01,7.768120e+01,1.835648e+01,-1.050921e-01,1.492600e-01,3.987971e-01,1.121973e-01,-7.000000e-03,-2.000000e-02,-1.203220e-02,7.760000e+01,1.830000e+01,-1.096096e-01,-8.119952e-02,-5.648097e-02,-4.517548e-03,4.778490e+01,2.233789e+01,1.190429e+00,6.185226e+01,3.233270e+01,2.766660e-02,5.471711e-02
7.500000e+01,7.770262e+01,1.827585e+01,-1.142459e-01,1.422600e-01,4.007700e-01,1.355541e-01,-7.000000e-03,1.972888e-03,2.335671e-02,7.760000e+01,1.830000e+01,-1.096096e-01,-1.026246e-01,2.415315e-02,4.636263e-03,4.788752e+01,2.236204e+01,1.195065e+00,6.186279e+01,3.233328e+01,2.768809e-02,5.531553e-02
7.600000e+01,7.771374e+01,1.822310e+01,-1.156123e-01,1.352600e-01,4.207700e-01,1.351719e-01,-7.000000e-03,2.000000e-02,-3.821980e-04,7.760000e+01,1.830000e+01,-1.096096e-01,-1.137409e-01,7.689669e-02,6.002650e-03,4.800126e+01,2.243894e+01,1.201068e+00,6.187573e+01,3.233919e+01,2.772413e-02,5.576468e-02
7.700000e+01,7.771378e+01,1.837143e+01,-1.101513e-01,1.282600e-01,4.007700e-01,1.215191e-01,-7.000000e-03,-2.000000e-02,-1.365280e-02,7.760000e+01,1.830000e+01,-1.096096e-01,-1.137783e-01,-7.142704e-02,5.417144e-04,4.811504e+01,2.251036e+01,1.201610e+00,6.188867e+01,3.234430e+01,2.772442e-02,5.640008e-02
7.800000e+01,7.771438e+01,1.830941e+01,-1.192664e-01,1.212600e-01,3.821255e-01,1.455797e-01,-7.000000e-03,-1.864453e-02,2.406062e-02,7.760000e+01,1.830000e+01,-1.096096e-01,-1.143842e-01,-9.412086e-03,9.656818e-03,4.822942e+01,2.251978e+01,1.211267e+00,6.190176e+01,3.234438e+01,2.781767e-02,5.737561e-02
7.900000e+01,7.770957e+01,1.807136e+01,-1.280845e-01,1.142600e-01,4.021255e-01,1.630970e-01,-7.000000e-03,2.000000e-02,1.751730e-02,7.760000e+01,1.830000e+01,-1.096096e-01,-1.095743e-01,2.286446e-01,1.847488e-02,4.833900e+01,2.274842e+01,1.229741e+00,6.191376e+01,3.239666e+01,2.815900e-02,5.813147e-02
8.000000e+01,7.769102e+01,1.805249e+01,-1.225503e-01,1.072600e-01,4.221255e-01,1.462876e-01,-7.000000e-03,2.000000e-02,-1.680940e-02,7.760000e+01,1.830000e+01,-1.096096e-01,-9.102273e-02,2.475110e-01,1.294064e-02,4.843002e+01,2.299593e+01,1.242682e+00,6.192205e+01,3.245792e+01,2.832646e-02,5.886302e-02
8.100000e+01,7.766390e+01,1.823047e+01,-1.168419e-01,1.002600e-01,4.021255e-01,1.348012e-01,-7.000000e-03,-2.000000e-02,-1.148638e-02,7.760000e+01,1.830000e+01,-1.096096e-01,-6.389948e-02,6.952808e-02,7.232271e-03,4.849392e+01,2.306546e+01,1.249914e+00,6.192613e+01,3.246276e+01,2.837876e-02,5.944396e-02
8.200000e+01,7.763706e+01,1.819451e+01,-1.259394e-01,9.326000e-02,4.221255e-01,1.589186e-01,-7.000000e-03,2.000000e-02,2.411740e-02,7.760000e+01,1.830000e+01,-1.096096e-01,-3.705638e-02,1.054886e-01,1.632979e-02,4.853098e+01,2.317095e+01,1.266244e+00,6.192750e+01,3.247389e+01,2.864542e-02,6.047461e-02
8.300000e+01,7.759552e+01,1.835674e+01,-1.207276e-01,1.002600e-01,4.021255e-01,1.427712e-01,7.000000e-03,-2.000000e-02,-1.614739e-02,7.760000e+01,1.830000e+01,-1.096096e-01,4.482046e-03,-5.674235e-02,1.111797e-02,4.853546e+01,2.322769e+01,1.277362e+00,6.192752e+01,3.247711e+01,2.876903e-02,6.118435e-02
8.400000e+01,7.756758e+01,1.830638e+01,-1.261332e-01,1.072600e-01,3.824734e-01,1.578293e-01,7.000000e-03,-1.965206e-02,1.505808e-02,7.760000e+01,1.830000e+01,-1.096096e-01,3.242471e-02,-6.384732e-03,1.652353e-02,4.856788e+01,2.323408e+01,1.293886e+00,6.192858e+01,3.247715e+01,2.904206e-02,6.184630e-02
8.500000e+01,7.754844e+01,1.806864e+01,-1.315585e-01,1.142600e-01,4.024734e-01,1.686879e-01,7.000000e-03,2.000000e-02,1.085857e-02,7.760000e+01,1.830000e+01,-1.096096e-01,5.156005e-02,2.313599e-01,2.194886e-02,4.861944e+01,2.346543e+01,1.315835e+00,6.193123e+01,3.253067e+01,2.952381e-02,6.241321e-02
8.600000e+01,7.752919e+01,1.804927e+01,-1.223481e-01,1.212600e-01,4.224734e-01,1.444128e-01,7.000000e-03,2.000000e-02,-2.427502e-02,7.760000e+01,1.830000e+01,-1.096096e-01,7.080784e-02,2.507327e-01,1.273849e-02,4.869025e+01,2.371617e+01,1.328573e+00,6.193625e+01,3.259354e+01,2.968608e-02,6.345148e-02
8.700000e+01,7.751510e+01,1.822632e+01,-1.129841e-01,1.282600e-01,4.024734e-01,1.256233e-01,7.000000e-03,-2.000000e-02,-1.878957e-02,7.760000e+01,1.830000e+01,-1.096096e-01,8.489521e-02,7.368227e-02,3.374445e-03,4.877515e+01,2.378985e+01,1.331947e+00,6.194346e+01,3.259897e+01,2.969747e-02,6.425353e-02
8.800000e+01,7.751496e+01,1.819031e+01,-1.184320e-01,1.352600e-01,4.224734e-01,1.424440e-01,7.000000e-03,2.000000e-02,1.682073e-02,7.760000e+01,1.830000e+01,-1.096096e-01,8.503651e-02,1.096872e-01,8.822408e-03,4.886018e+01,2.389954e+01,1.340770e+00,6.195069e+01,3.261100e+01,2.977530e-02,6.498547e-02
8.900000e+01,7.751379e+01,1.835285e+01,-1.096244e-01,1.422600e-01,4.024734e-01,1.191265e-01,7.000000e-03,-2.000000e-02,-2.331748e-02,7.760000e+01,1.830000e+01,-1.096096e-01,8.620758e-02,-5.284947e-02,1.478525e-05,4.894639e+01,2.395239e+01,1.340785e+00,6.195812e+01,3.261379e+01,2.977530e-02,6.597817e-02
9.000000e+01,7.752723e+01,1.830416e+01,-1.150331e-01,1.492600e-01,3.834205e-01,1.356305e-01,7.000000e-03,-1.905285e-02,1.650395e-02,7.760000e+01,1.830000e+01,-1.096096e-01,7.277252e-02,-4.157333e-03,5.423493e-03,4.901916e+01,2.395654e+01,1.346208e+00,6.196341e+01,3.261381e+01,2.980472e-02,6.666256e-02
9.100000e+01,7.754905e+01,1.807494e+01,-1.203608e-01,1.562600e-01,4.034205e-01,1.462535e-01,7.000000e-03,2.000000e-02,1.062301e-02,7.760000e+01,1.830000e+01,-1.096096e-01,5.095189e-02,2.250629e-01,1.075120e-02,4.907012e+01,2.418161e+01,1.356959e+00,6.196601e+01,3.266447e+01,2.992031e-02,6.722441e-02
9.200000e+01,7.757074e+01,1.806419e+01,-1.112526e-01,1.492600e-01,4.234205e-01,1.222626e-01,-7.000000e-03,2.000000e-02,-2.399089e-02,7.760000e+01,1.830000e+01,-1.096096e-01,2.926313e-02,2.358130e-01,1.642944e-03,4.909938e+01,2.441742e+01,1.358602e+00,6.196687e+01,3.272007e+01,2.992301e-02,6.824897e-02
9.300000e+01,7.758488e+01,1.825018e+01,-1.055709e-01,1.422600e-01,4.034205e-01,1.122700e-01,-7.000000e-03,-2.000000e-02,-9.992605e-03,7.760000e+01,1.830000e+01,-1.096096e-01,1.511701e-02,4.982008e-02,-4.038684e-03,4.911450e+01,2.446724e+01,1.362641e+00,6.196709e+01,3.272255e+01,2.993932e-02,6.879783e-02
9.400000e+01,7.759902e+01,1.822284e+01,-1.147887e-01,1.352600e-01,4.219442e-01,1.366653e-01,-7.000000e-03,1.852363e-02,2.439532e-02,7.760000e+01,1.830000e+01,-1.096096e-01,9.811548e-04,7.716031e-02,5.179096e-03,4.911548e+01,2.454440e+01,1.367820e+00,6.196710e+01,3.272851e+01,2.996614e-02,6.978508e-02
9.500000e+01,7.759872e+01,1.837938e+01,-1.102197e-01,1.282600e-01,4.019442e-01,1.220125e-01,-7.000000e-03,-2.000000e-02,-1.465281e-02,7.760000e+01,1.830000e+01,-1.096096e-01,1.281949e-03,-7.937650e-02,6.100541e-04,4.911676e+01,2.462378e+01,1.368430e+00,6.196710e+01,3.273481e+01,2.996651e-02,7.044879e-02
9.600000e+01,7.759913e+01,1.832507e+01,-1.193106e-01,1.212600e-01,3.819442e-01,1.456584e-01,-7.000000e-03,-2.000000e-02,2.364588e-02,7.760000e+01,1.830000e+01,-1.096096e-01,8.716769e-04,-2.506925e-02,9.700995e-03,4.911763e+01,2.464885e+01,1.378131e+00,6.196710e+01,3.273544e+01,3.006062e-02,7.145692e-02
9.700000e+01,7.759450e+01,1.808102e+01,-1.286075e-01,1.256810e-01,4.019442e-01,1.643346e-01,4.421024e-03,2.000000e-02,1.867625e-02,7.760000e+01,1.830000e+01,-1.096096e-01,5.496132e-03,2.189796e-01,1.899792e-02,4.912313e+01,2.486783e+01,1.397129e+00,6.196713e+01,3.278339e+01,3.042154e-02,7.222526e-02
9.800000e+01,7.758625e+01,1.805644e+01,-1.201638e-01,1.326810e-01,4.219442e-01,1.403509e-01,7.000000e-03,2.000000e-02,-2.398374e-02,7.760000e+01,1.830000e+01,-1.096096e-01,1.374935e-02,2.435602e-01,1.055419e-02,4.913688e+01,2.511139e+01,1.407683e+00,6.196732e+01,3.284271e+01,3.053293e-02,7.324948e-02
9.900000e+01,7.758309e+01,1.822925e+01,-1.108036e-01,1.367964e-01,4.019442e-01,1.212638e-01,4.115422e-03,-2.000000e-02,-1.908704e-02,7.760000e+01,1.830000e+01,-1.096096e-01,1.690526e-02,7.074968e-02,1.193961e-03,4.915378e+01,2.518214e+01,1.408877e+00,6.196760e+01,3.284772e+01,3.053436e-02,7.403074e-02
1.000000e+02,7.759132e+01,1.818955e+01,-1.170008e-01,1.297964e-01,4.219442e-01,1.398812e-01,-7.000000e-03,2.000000e-02,1.861735e-02,7.760000e+01,1.830000e+01,-1.096096e-01,8.677984e-03,1.104483e-01,7.391154e-03,4.916246e+01,2.529258e+01,1.416268e+00,6.196768e+01,3.285992e+01,3.058899e-02,7.482634e-02
1.010000e+02,7.758563e+01,1.834920e+01,-1.117929e-01,1.347648e-01,4.019442e-01,1.249034e-01,4.968392e-03,-2.000000e-02,-1.497776e-02,7.760000e+01,1.830000e+01,-1.096096e-01,1.436703e-02,-4.919651e-02,2.183286e-03,4.917683e+01,2.534178e+01,1.418452e+00,6.196788e+01,3.286234e+01,3.059375e-02,7.547536e-02
1.020000e+02,7.759148e+01,1.829757e+01,-1.178035e-01,1.277648e-01,3.870083e-01,1.414121e-01,-7.000000e-03,-1.493587e-02,1.650863e-02,7.760000e+01,1.830000e+01,-1.096096e-01,8.517695e-03,2.431097e-03,8.193906e-03,4.918534e+01,2.534421e+01,1.426646e+00,6.196796e+01,3.286234e+01,3.066089e-02,7.601997e-02
1.030000e+02,7.759214e+01,1.810551e+01,-1.251914e-01,1.269874e-01,4.070083e-01,1.567387e-01,-7.774077e-04,2.000000e-02,1.532663e-02,7.760000e+01,1.830000e+01,-1.096096e-01,7.859141e-03,1.944899e-01,1.558177e-02,4.919320e+01,2.553870e+01,1.442227e+00,6.196802e+01,3.290017e+01,3.090369e-02,7.665548e-02
1.040000e+02,7.758499e+01,1.812784e+01,-1.181170e-01,1.339874e-01,4.270083e-01,1.368049e-01,7.000000e-03,2.000000e-02,-1.993375e-02,7.760000e+01,1.830000e+01,-1.096096e-01,1.501238e-02,1.721640e-01,8.507357e-03,4.920822e+01,2.571087e+01,1.450735e+00,6.196824e+01,3.292981e+01,3.097606e-02,7.750184e-02
1.050000e+02,7.758232e+01,1.834288e+01,-1.088754e-01,1.374701e-01,4.070083e-01,1.174550e-01,3.482666e-03,-2.000000e-02,-1.934998e-02,7.760000e+01,1.830000e+01,-1.096096e-01,1.767714e-02,-4.288209e-02,-7.342022e-04,4.922589e+01,2.575375e+01,1.451469e+00,6.196856e+01,3.293165e+01,3.097660e-02,7.828839e-02
1.060000e+02,7.759051e+01,1.834121e+01,-1.152949e-01,1.304701e-01,3.870083e-01,1.365584e-01,-7.000000e-03,-2.000000e-02,1.910338e-02,7.760000e+01,1.830000e+01,-1.096096e-01,9.489485e-03,-4.120986e-02,5.685279e-03,4.923538e+01,2.579496e+01,1.457154e+00,6.196865e+01,3.293335e+01,3.100892e-02,7.910233e-02
1.070000e+02,7.759433e+01,1.814476e+01,-1.246210e-01,1.241623e-01,4.070083e-01,1.563732e-01,-6.307798e-03,2.000000e-02,1.981485e-02,7.760000e+01,1.830000e+01,-1.096096e-01,5.666830e-03,1.552361e-01,1.501138e-02,4.924105e+01,2.595019e+01,1.472166e+00,6.196868e+01,3.295744e+01,3.123426e-02,7.993475e-02
1.080000e+02,7.758469e+01,1.816322e+01,-1.190204e-01,1.311623e-01,4.270083e-01,1.392013e-01,7.000000e-03,2.000000e-02,-1.717189e-02,7.760000e+01,1.830000e+01,-1.096096e-01,1.531098e-02,1.367773e-01,9.410775e-03,4.925636e+01,2.608697e+01,1.481576e+00,6.196891e+01,3.297615e+01,3.132283e-02,8.067862e-02
1.090000e+02,7.757912e+01,1.837472e+01,-1.098030e-01,1.381623e-01,4.070083e-01,1.193197e-01,7.000000e-03,-2.000000e-02,-1.988159e-02,7.760000e+01,1.830000e+01,-1.096096e-01,2.087737e-02,-7.472132e-02,1.933430e-04,4.927724e+01,2.616169e+01,1.481770e+00,6.196935e+01,3.298174e+01,3.132286e-02,8.152290e-02
1.100000e+02,7.758766e+01,1.836978e+01,-1.153049e-01,1.311623e-01,3.870083e-01,1.362114e-01,-7.000000e-03,-2.000000e-02,1.689170e-02,7.760000e+01,1.830000e+01,-1.096096e-01,1.234189e-02,-6.978012e-02,5.695313e-03,4.928958e+01,2.623147e+01,1.487465e+00,6.196950e+01,3.298660e+01,3.135530e-02,8.225723e-02
1.110000e+02,7.759216e+01,1.817041e+01,-1.246013e-01,1.262001e-01,4.070083e-01,1.563219e-01,-4.962239e-03,2.000000e-02,2.011047e-02,7.760000e+01,1.830000e+01,-1.096096e-01,7.840365e-03,1.295906e-01,1.499167e-02,4.929742e+01,2.636106e+01,1.502457e+00,6.196956e+01,3.300340e+01,3.158005e-02,8.308628e-02
1.120000e+02,7.758436e+01,1.818625e+01,-1.186595e-01,1.332001e-01,4.270083e-01,1.383429e-01,7.000000e-03,2.000000e-02,-1.797896e-02,7.760000e+01,1.830000e+01,-1.096096e-01,1.563974e-02,1.137541e-01,9.049831e-03,4.931306e+01,2.647482e+01,1.511506e+00,6.196981e+01,3.301634e+01,3.166195e-02,8.385852e-02
1.130000e+02,7.758076e+01,1.839543e+01,-1.094332e-01,1.392235e-01,4.070083e-01,1.185768e-01,6.023475e-03,-2.000000e-02,-1.976615e-02,7.760000e+01,1.830000e+01,-1.096096e-01,1.924290e-02,-9.543252e-02,-1.763718e-04,4.933230e+01,2.657025e+01,1.511683e+00,6.197018e+01,3.302545e+01,3.166198e-02,8.468551e-02
1.140000e+02,7.759036e+01,1.838846e+01,-1.151884e-01,1.322235e-01,3.870083e-01,1.360797e-01,-7.000000e-03,-2.000000e-02,1.750294e-02,7.760000e+01,1.830000e+01,-1.096096e-01,9.643197e-03,-8.846364e-02,5.578820e-03,4.934195e+01,2.665871e+01,1.517262e+00,6.197027e+01,3.303327e+01,3.169310e-02,8.544086e-02
1.150000e+02,7.759583e+01,1.818729e+01,-1.244922e-01,1.252235e-01,4.070083e-01,1.561067e-01,-7.000000e-03,2.000000e-02,2.002703e-02,7.760000e+01,1.830000e+01,-1.096096e-01,4.170445e-03,1.127113e-01,1.488261e-02,4.934612e+01,2.677142e+01,1.532144e+00,6.197029e+01,3.304598e+01,3.191460e-02,8.629094e-02
1.160000e+02,7.758718e+01,1.820153e+01,-1.190696e-01,1.322235e-01,4.270083e-01,1.393708e-01,7.000000e-03,2.000000e-02,-1.673596e-02,7.760000e+01,1.830000e+01,-1.096096e-01,1.282164e-02,9.846529e-02,9.459929e-03,4.935894e+01,2.686989e+01,1.541604e+00,6.197045e+01,3.305567e+01,3.200409e-02,8.702003e-02
1.170000e+02,7.758254e+01,1.840928e+01,-1.098537e-01,1.376501e-01,4.070083e-01,1.194218e-01,5.426591e-03,-2.000000e-02,-1.994901e-02,7.760000e+01,1.830000e+01,-1.096096e-01,1.746204e-02,-1.092753e-01,2.440595e-04,4.937640e+01,2.697916e+01,1.541848e+00,6.197076e+01,3.306761e+01,3.200415e-02,8.784745e-02
1.180000e+02,7.759059e+01,1.840097e+01,-1.157540e-01,1.306501e-01,3.870083e-01,1.372688e-01,-7.000000e-03,-2.000000e-02,1.784705e-02,7.760000e+01,1.830000e+01,-1.096096e-01,9.407684e-03,-1.009695e-01,6.144351e-03,4.938581e+01,2.708013e+01,1.547993e+00,6.197085e+01,3.307781e+01,3.204190e-02,8.861496e-02
1.190000e+02,7.759447e+01,1.819855e+01,-1.250556e-01,1.240141e-01,4.070083e-01,1.572325e-01,-6.636042e-03,2.000000e-02,1.996372e-02,7.760000e+01,1.830000e+01,-1.096096e-01,5.529684e-03,1.014505e-01,1.544595e-02,4.939134e+01,2.718158e+01,1.563439e+00,6.197088e+01,3.308810e+01,3.228048e-02,8.945755e-02
1.200000e+02,7.758456e+01,1.821163e+01,-1.195327e-01,1.310141e-01,4.235049e-01,1.402570e-01,7.000000e-03,1.649662e-02,-1.697553e-02,7.760000e+01,1.830000e+01,-1.096096e-01,1.543632e-02,8.836663e-02,9.923080e-03,4.940677e+01,2.726995e+01,1.573362e+00,6.197112e+01,3.309591e+01,3.237894e-02,9.006686e-02
1.210000e+02,7.757955e+01,1.838410e+01,-1.115755e-01,1.380141e-01,4.035049e-01,1.233688e-01,7.000000e-03,-2.000000e-02,-1.688823e-02,7.760000e+01,1.830000e+01,-1.096096e-01,2.045141e-02,-8.410450e-02,1.965840e-03,4.942723e+01,2.735406e+01,1.575327e+00,6.197153e+01,3.310298e+01,3.238281e-02,9.080107e-02
1.220000e+02,7.758819e+01,1.834406e+01,-1.170600e-01,1.310141e-01,3.835049e-01,1.397146e-01,-7.000000e-03,-2.000000e-02,1.634578e-02,7.760000e+01,1.830000e+01,-1.096096e-01,1.181449e-02,-4.405602e-02,7.450375e-03,4.943904e+01,2.739811e+01,1.582778e+00,6.197167e+01,3.310492e+01,3.243832e-02,9.151725e-02
1.230000e+02,7.759287e+01,1.811309e+01,-1.262945e-01,1.254527e-01,4.035049e-01,1.596835e-01,-5.561419e-03,2.000000e-02,1.996891e-02,7.760000e+01,1.830000e+01,-1.096096e-01,7.129636e-03,1.869143e-01,1.668484e-02,4.944617e+01,2.758503e+01,1.599463e+00,6.197172e+01,3.313986e+01,3.271670e-02,9.234694e-02
1.240000e+02,7.758474e+01,1.810049e+01,-1.204506e-01,1.324527e-01,4.235049e-01,1.419645e-01,7.000000e-03,2.000000e-02,-1.771898e-02,7.760000e+01,1.830000e+01,-1.096096e-01,1.526395e-02,1.995135e-01,1.084101e-02,4.946143e+01,2.778454e+01,1.610304e+00,6.197196e+01,3.317966e+01,3.283423e-02,9.310990e-02
1.250000e+02,7.758076e+01,1.828408e+01,-1.111740e-01,1.392960e-01,4.035049e-01,1.220382e-01,6.843381e-03,-2.000000e-02,-1.992632e-02,7.760000e+01,1.830000e+01,-1.096096e-01,1.924070e-02,1.592271e-02,1.564406e-03,4.948067e+01,2.780046e+01,1.611868e+00,6.197233e+01,3.317992e+01,3.283668e-02,9.395379e-02
1.260000e+02,7.759075e+01,1.825406e+01,-1.166649e-01,1.322960e-01,4.065999e-01,1.389269e-01,-7.000000e-03,3.094935e-03,1.688868e-02,7.760000e+01,1.830000e+01,-1.096096e-01,9.252127e-03,4.593689e-02,7.055256e-03,4.948993e+01,2.784640e+01,1.618923e+00,6.197241e+01,3.318203e+01,3.288645e-02,9.429760e-02
1.270000e+02,7.759114e+01,1.825751e+01,-1.175586e-01,1.280363e-01,4.015297e-01,1.388753e-01,-4.259771e-03,-5.070203e-03,-5.150442e-05,7.760000e+01,1.830000e+01,-1.096096e-01,8.855583e-03,4.248892e-02,7.948937e-03,4.949878e+01,2.788889e+01,1.626872e+00,6.197249e+01,3.318383e+01,3.294964e-02,9.434145e-02
1.280000e+02,7.758893e+01,1.821115e+01,-1.205058e-01,1.307678e-01,4.215297e-01,1.455913e-01,2.731492e-03,2.000000e-02,6.715969e-03,7.760000e+01,1.830000e+01,-1.096096e-01,1.106574e-02,8.885035e-02,1.089620e-02,4.950985e+01,2.797774e+01,1.637769e+00,6.197261e+01,3.319173e+01,3.306837e-02,9.479402e-02
1.290000e+02,7.758337e+01,1.836452e+01,-1.126097e-01,1.370075e-01,4.015297e-01,1.254616e-01,6.239723e-03,-2.000000e-02,-2.012970e-02,7.760000e+01,1.830000e+01,-1.096096e-01,1.663386e-02,-6.452142e-02,3.000040e-03,4.952648e+01,2.804226e+01,1.640769e+00,6.197289e+01,3.319589e+01,3.307737e-02,9.563816e-02
1.300000e+02,7.759125e+01,1.830726e+01,-1.182126e-01,1.300075e-01,3.827272e-01,1.420671e-01,-7.000000e-03,-1.880249e-02,1.660547e-02,7.760000e+01,1.830000e+01,-1.096096e-01,8.746968e-03,-7.258284e-03,8.602957e-03,4.953523e+01,2.804952e+01,1.649372e+00,6.197297e+01,3.319594e+01,3.315138e-02,9.631643e-02
1.310000e+02,7.759486e+01,1.807245e+01,-1.269861e-01,1.236761e-01,4.027272e-01,1.608823e-01,-6.331413e-03,2.000000e-02,1.881520e-02,7.760000e+01,1.830000e+01,-1.096096e-01,5.137891e-03,2.275504e-01,1.737644e-02,4.954037e+01,2.827707e+01,1.666748e+00,6.197299e+01,3.324772e+01,3.345332e-02,9.711053e-02
1.320000e+02,7.758513e+01,1.805638e+01,-1.213095e-01,1.306761e-01,4.227272e-01,1.437490e-01,7.000000e-03,2.000000e-02,-1.713326e-02,7.760000e+01,1.830000e+01,-1.096096e-01,1.486662e-02,2.436238e-01,1.169983e-02,4.955523e+01,2.852069e+01,1.678448e+00,6.197321e+01,3.330708e+01,3.359020e-02,9.785308e-02
1.330000e+02,7.757948e+01,1.823680e+01,-1.120243e-01,1.376761e-01,4.027272e-01,1.237352e-01,7.000000e-03,-2.000000e-02,-2.001382e-02,7.760000e+01,1.830000e+01,-1.096096e-01,2.052344e-02,6.319918e-02,2.414635e-03,4.957576e+01,2.858389e+01,1.680862e+00,6.197364e+01,3.331107e+01,3.359603e-02,9.870263e-02
1.340000e+02,7.758794e+01,1.820389e+01,-1.174576e-01,1.306761e-01,4.227272e-01,1.404893e-01,-7.000000e-03,2.000000e-02,1.675415e-02,7.760000e+01,1.830000e+01,-1.096096e-01,1.205848e-02,9.610726e-02,7.848000e-03,4.958781e+01,2.868000e+01,1.688710e+00,6.197378e+01,3.332031e+01,3.365762e-02,9.943234e-02
1.350000e+02,7.758277e+01,1.836965e+01,-1.122212e-01,1.375249e-01,4.027272e-01,1.257487e-01,6.848822e-03,-2.000000e-02,-1.474069e-02,7.760000e+01,1.830000e+01,-1.096096e-01,1.723050e-02,-6.964655e-02,2.611605e-03,4.960505e+01,2.874965e+01,1.691322e+00,6.197408e+01,3.332516e+01,3.366445e-02,1.000965e-01
1.360000e+02,7.759079e+01,1.832354e+01,-1.177488e-01,1.305249e-01,3.827272e-01,1.411095e-01,-7.000000e-03,-2.000000e-02,1.536083e-02,7.760000e+01,1.830000e+01,-1.096096e-01,9.208248e-03,-2.353941e-02,8.139216e-03,4.961425e+01,2.877318e+01,1.699461e+00,6.197416e+01,3.332571e+01,3.373069e-02,1.007815e-01
1.370000e+02,7.759501e+01,1.808709e+01,-1.269532e-01,1.235249e-01,4.027272e-01,1.609890e-01,-7.000000e-03,2.000000e-02,1.987953e-02,7.760000e+01,1.830000e+01,-1.096096e-01,4.989247e-03,2.129080e-01,1.734362e-02,4.961924e+01,2.898609e+01,1.716805e+00,6.197419e+01,3.337104e+01,3.403149e-02,1.016257e-01
1.380000e+02,7.758513e+01,1.806956e+01,-1.214602e-01,1.305249e-01,4.227272e-01,1.441240e-01,7.000000e-03,2.000000e-02,-1.686498e-02,7.760000e+01,1.830000e+01,-1.096096e-01,1.487025e-02,2.304418e-01,1.185061e-02,4.963411e+01,2.921653e+01,1.728655e+00,6.197441e+01,3.342414e+01,3.417193e-02,1.023591e-01
1.390000e+02,7.757928e+01,1.824866e+01,-1.121758e-01,1.375249e-01,4.027272e-01,1.240385e-01,7.000000e-03,-2.000000e-02,-2.008555e-02,7.760000e+01,1.830000e+01,-1.096096e-01,2.071938e-02,5.133552e-02,2.566131e-03,4.965483e+01,2.926787e+01,1.731222e+00,6.197484e+01,3.342678e+01,3.417852e-02,1.032115e-01
1.400000e+02,7.758756e+01,1.821456e+01,-1.176057e-01,1.305249e-01,4.227272e-01,1.407841e-01,-7.000000e-03,2.000000e-02,1.674565e-02,7.760000e+01,1.830000e+01,-1.096096e-01,1.243570e-02,8.543506e-02,7.996072e-03,4.966727e+01,2.935331e+01,1.739218e+00,6.197499e+01,3.343408e+01,3.424245e-02,1.039410e-01
1.410000e+02,7.758221e+01,1.837924e+01,-1.123669e-01,1.375249e-01,4.027272e-01,1.260391e-01,7.000000e-03,-2.000000e-02,-1.474506e-02,7.760000e+01,1.830000e+01,-1.096096e-01,1.778743e-02,-7.924067e-02,2.757286e-03,4.968506e+01,2.943255e+01,1.741975e+00,6.197531e+01,3.344036e+01,3.425006e-02,1.046074e-01
1.420000e+02,7.759019e+01,1.833216e+01,-1.178534e-01,1.305249e-01,3.827272e-01,1.413022e-01,-7.000000e-03,-2.000000e-02,1.526319e-02,7.760000e+01,1.830000e+01,-1.096096e-01,9.807961e-03,-3.215966e-02,8.243818e-03,4.969486e+01,2.946471e+01,1.750219e+00,6.197541e+01,3.344139e+01,3.431802e-02,1.052893e-01
1.430000e+02,7.759438e+01,1.809484e+01,-1.270546e-01,1.240389e-01,4.027272e-01,1.611905e-01,-6.486000e-03,2.000000e-02,1.988828e-02,7.760000e+01,1.830000e+01,-1.096096e-01,5.617075e-03,2.051637e-01,1.744502e-02,4.970048e+01,2.966987e+01,1.767664e+00,6.197544e+01,3.348348e+01,3.462234e-02,1.061269e-01
1.440000e+02,7.758494e+01,1.807651e+01,-1.214285e-01,1.310389e-01,4.227272e-01,1.440072e-01,7.000000e-03,2.000000e-02,-1.718329e-02,7.760000e+01,1.830000e+01,-1.096096e-01,1.506482e-02,2.234882e-01,1.181885e-02,4.971555e+01,2.989336e+01,1.779483e+00,6.197566e+01,3.353343e+01,3.476203e-02,1.068712e-01
1.450000e+02,7.757957e+01,1.825492e+01,-1.121393e-01,1.380389e-01,4.027272e-01,1.239636e-01,7.000000e-03,-2.000000e-02,-2.004359e-02,7.760000e+01,1.830000e+01,-1.096096e-01,2.043355e-02,4.508288e-02,2.529661e-03,4.973598e+01,2.993844e+01,1.782012e+00,6.197608e+01,3.353546e+01,3.476843e-02,1.077220e-01
1.460000e+02,7.758832e+01,1.822020e+01,-1.175692e-01,1.310389e-01,4.227272e-01,1.407112e-01,-7.000000e-03,2.000000e-02,1.674753e-02,7.760000e+01,1.830000e+01,-1.096096e-01,1.167645e-02,7.980025e-02,7.959600e-03,4.974766e+01,3.001824e+01,1.789972e+00,6.197622e+01,3.354183e+01,3.483178e-02,1.084514e-01
1.470000e+02,7.758344e+01,1.838433e+01,-1.123297e-01,1.367916e-01,4.027272e-01,1.259644e-01,5.752721e-03,-2.000000e-02,-1.474676e-02,7.760000e+01,1.830000e+01,-1.096096e-01,1.655576e-02,-8.433386e-02,2.720106e-03,4.976421e+01,3.010257e+01,1.792692e+00,6.197649e+01,3.354894e+01,3.483918e-02,1.091020e-01
1.480000e+02,7.759077e+01,1.833678e+01,-1.181348e-01,1.297916e-01,3.827272e-01,1.419924e-01,-7.000000e-03,-2.000000e-02,1.602803e-02,7.760000e+01,1.830000e+01,-1.096096e-01,9.226773e-03,-3.677551e-02,8.525205e-03,4.977344e+01,3.013935e+01,1.801217e+00,6.197658e+01,3.355030e+01,3.491186e-02,1.098079e-01
1.490000e+02,7.759420e+01,1.809900e+01,-1.273422e-01,1.243748e-01,4.027272e-01,1.617682e-01,-5.416801e-03,2.000000e-02,1.977576e-02,7.760000e+01,1.830000e+01,-1.096096e-01,5.800144e-03,2.009960e-01,1.773262e-02,4.977924e+01,3.034035e+01,1.818950e+00,6.197661e+01,3.359070e+01,3.522631e-02,1.106283e-01
1.500000e+02,7.758497e+01,1.808026e+01,-1.214376e-01,1.313748e-01,4.227272e-01,1.439140e-01,7.000000e-03,2.000000e-02,-1.785418e-02,7.760000e+01,1.830000e+01,-1.096096e-01,1.503196e-02,2.197420e-01,1.182795e-02,4.979427e+01,3.056009e+01,1.830778e+00,6.197684e+01,3.363898e+01,3.536621e-02,1.113961e-01
1.510000e+02,7.757992e+01,1.825829e+01,-1.121390e-01,1.383748e-01,4.027272e-01,1.239593e-01,7.000000e-03,-2.000000e-02,-1.995475e-02,7.760000e+01,1.830000e+01,-1.096096e-01,2.008442e-02,4.171036e-02,2.529360e-03,4.981435e+01,3.060180e+01,1.833307e+00,6.197724e+01,3.364072e+01,3.537261e-02,1.122433e-01
1.520000e+02,7.758898e+01,1.822324e+01,-1.175694e-01,1.313748e-01,4.225125e-01,1.407117e-01,-7.000000e-03,1.978534e-02,1.675241e-02,7.760000e+01,1.830000e+01,-1.096096e-01,1.102483e-02,7.675592e-02,7.959764e-03,4.982538e+01,3.067855e+01,1.841267e+00,6.197736e+01,3.364661e+01,3.543596e-02,1.129644e-01
1.530000e+02,7.758445e+01,1.838500e+01,-1.124066e-01,1.357165e-01,4.025125e-01,1.261490e-01,4.341661e-03,-2.000000e-02,-1.456274e-02,7.760000e+01,1.830000e+01,-1.096096e-01,1.555120e-02,-8.499798e-02,2.797025e-03,4.984093e+01,3.076355e+01,1.844064e+00,6.197760e+01,3.365384e+01,3.544379e-02,1.135953e-01
1.540000e+02,7.759083e+01,1.833530e+01,-1.185715e-01,1.287165e-01,3.825125e-01,1.430096e-01,-7.000000e-03,-2.000000e-02,1.686067e-02,7.760000e+01,1.830000e+01,-1.096096e-01,9.167295e-03,-3.530490e-02,8.961849e-03,4.985010e+01,3.079886e+01,1.853026e+00,6.197769e+01,3.365508e+01,3.552410e-02,1.143286e-01
1.550000e+02,7.759319e+01,1.809559e+01,-1.277824e-01,1.255977e-01,4.025125e-01,1.626500e-01,-3.118776e-03,2.000000e-02,1.964040e-02,7.760000e+01,1.830000e+01,-1.096096e-01,6.809301e-03,2.044127e-01,1.817282e-02,4.985691e+01,3.100327e+01,1.871199e+00,6.197773e+01,3.369687e+01,3.585435e-02,1.151241e-01
1.560000e+02,7.758498e+01,1.807506e+01,-1.212813e-01,1.325977e-01,4.225125e-01,1.433630e-01,7.000000e-03,2.000000e-02,-1.928703e-02,7.760000e+01,1.830000e+01,-1.096096e-01,1.501973e-02,2.249380e-01,1.167172e-02,4.987193e+01,3.122821e+01,1.882870e+00,6.197796e+01,3.374747e+01,3.599058e-02,1.159451e-01
1.570000e+02,7.758116e+01,1.825152e+01,-1.119632e-01,1.388608e-01,4.025125e-01,1.235998e-01,6.263127e-03,-2.000000e-02,-1.976316e-02,7.760000e+01,1.830000e+01,-1.096096e-01,1.883731e-02,4.848080e-02,2.353553e-03,4.989076e+01,3.127669e+01,1.885224e+00,6.197831e+01,3.374982e+01,3.599612e-02,1.167749e-01
1.580000e+02,7.759076e+01,1.821509e+01,-1.175837e-01,1.318608e-01,4.225125e-01,1.408164e-01,-7.000000e-03,2.000000e-02,1.721655e-02,7.760000e+01,1.830000e+01,-1.096096e-01,9.236507e-03,8.491124e-02,7.974088e-03,4.990000e+01,3.136160e+01,1.893198e+00,6.197840e+01,3.375703e+01,3.605971e-02,1.175203e-01
1.590000e+02,7.758666e+01,1.837771e+01,-1.123461e-01,1.334253e-01,4.025125e-01,1.259979e-01,1.564442e-03,-2.000000e-02,-1.481854e-02,7.760000e+01,1.830000e+01,-1.096096e-01,1.334381e-02,-7.770964e-02,2.736453e-03,4.991334e+01,3.143931e+01,1.895934e+00,6.197858e+01,3.376307e+01,3.606720e-02,1.181423e-01
1.600000e+02,7.759100e+01,1.832880e+01,-1.192182e-01,1.273941e-01,3.825125e-01,1.445860e-01,-6.031126e-03,-2.000000e-02,1.858811e-02,7.760000e+01,1.830000e+01,-1.096096e-01,9.002423e-03,-2.880265e-02,9.608558e-03,4.992235e+01,3.146811e+01,1.905543e+00,6.197866e+01,3.376389e+01,3.615952e-02,1.189242e-01
1.610000e+02,7.759193e+01,1.808974e+01,-1.281967e-01,1.271450e-01,4.025125e-01,1.633855e-01,-2.491915e-04,2.000000e-02,1.879955e-02,7.760000e+01,1.830000e+01,-1.096096e-01,8.071199e-03,2.102609e-01,1.858706e-02,4.993042e+01,3.167837e+01,1.924130e+00,6.197872e+01,3.380810e+01,3.650500e-02,1.196777e-01
1.620000e+02,7.758500e+01,1.806977e+01,-1.209465e-01,1.341450e-01,4.225125e-01,1.423936e-01,7.000000e-03,2.000000e-02,-2.099191e-02,7.760000e+01,1.830000e+01,-1.096096e-01,1.499765e-02,2.302341e-01,1.133684e-02,4.994542e+01,3.190861e+01,1.935467e+00,6.197895e+01,3.386111e+01,3.663352e-02,1.205673e-01
1.630000e+02,7.758272e+01,1.824675e+01,-1.116093e-01,1.369933e-01,4.025125e-01,1.228845e-01,2.848315e-03,-2.000000e-02,-1.950911e-02,7.760000e+01,1.830000e+01,-1.096096e-01,1.727733e-02,5.324668e-02,1.999680e-03,4.996269e+01,3.196185e+01,1.937467e+00,6.197925e+01,3.386395e+01,3.663752e-02,1.213561e-01
1.640000e+02,7.759075e+01,1.821084e+01,-1.181097e-01,1.299933e-01,4.225125e-01,1.422204e-01,-7.000000e-03,2.000000e-02,1.933593e-02,7.760000e+01,1.830000e+01,-1.096096e-01,9.252220e-03,8.916007e-02,8.500125e-03,4.997195e+01,3.205101e+01,1.945967e+00,6.197933e+01,3.387190e+01,3.670977e-02,1.221789e-01
1.650000e+02,7.758475e+01,1.837389e+01,-1.128938e-01,1.357106e-01,4.025125e-01,1.271019e-01,5.717381e-03,-2.000000e-02,-1.511853e-02,7.760000e+01,1.830000e+01,-1.096096e-01,1.525091e-02,-7.388525e-02,3.284143e-03,4.998720e+01,3.212490e+01,1.949251e+00,6.197957e+01,3.387736e+01,3.672056e-02,1.228402e-01
1.660000e+02,7.759098e+01,1.832531e+01,-1.186937e-01,1.287106e-01,3.825125e-01,1.431081e-01,-7.000000e-03,-2.000000e-02,1.600624e-02,7.760000e+01,1.830000e+01,-1.096096e-01,9.015612e-03,-2.531123e-02,9.084082e-03,4.999621e+01,3.215021e+01,1.958335e+00,6.197965e+01,3.387800e+01,3.680308e-02,1.235454e-01
1.670000e+02,7.759332e+01,1.808660e+01,-1.278919e-01,1.254703e-01,4.025125e-01,1.628638e-01,-3.240360e-03,2.000000e-02,1.975562e-02,7.760000e+01,1.830000e+01,-1.096096e-01,6.677843e-03,2.134035e-01,1.828225e-02,5.000289e+01,3.236361e+01,1.976617e+00,6.197969e+01,3.392354e+01,3.713732e-02,1.243462e-01
1.680000e+02,7.758496e+01,1.806697e+01,-1.214215e-01,1.324703e-01,4.225125e-01,1.436557e-01,7.000000e-03,2.000000e-02,-1.920808e-02,7.760000e+01,1.830000e+01,-1.096096e-01,1.503519e-02,2.330263e-01,1.181191e-02,5.001792e+01,3.259664e+01,1.988429e+00,6.197992e+01,3.397784e+01,3.727684e-02,1.251641e-01
1.690000e+02,7.758099e+01,1.824424e+01,-1.121021e-01,1.390666e-01,4.025125e-01,1.238772e-01,6.596261e-03,-2.000000e-02,-1.977844e-02,7.760000e+01,1.830000e+01,-1.096096e-01,1.901132e-02,5.576073e-02,2.492505e-03,5.003694e+01,3.265240e+01,1.990922e+00,6.198028e+01,3.398095e+01,3.728305e-02,1.259988e-01
1.700000e+02,7.759073e+01,1.820853e+01,-1.176350e-01,1.320666e-01,4.225125e-01,1.408839e-01,-7.000000e-03,2.000000e-02,1.700662e-02,7.760000e+01,1.830000e+01,-1.096096e-01,9.266735e-03,9.146768e-02,8.025364e-03,5.004620e+01,3.274387e+01,1.998947e+00,6.198036e+01,3.398931e+01,3.734746e-02,1.267371e-01
1.710000e+02,7.758680e+01,1.837181e+01,-1.123933e-01,1.332454e-01,4.025125e-01,1.260906e-01,1.178865e-03,-2.000000e-02,-1.479327e-02,7.760000e+01,1.830000e+01,-1.096096e-01,1.319897e-02,-7.180797e-02,2.783643e-03,5.005940e+01,3.281568e+01,2.001731e+00,6.198054e+01,3.399447e+01,3.735521e-02,1.273573e-01
1.720000e+02,7.759097e+01,1.832349e+01,-1.193630e-01,1.274605e-01,3.825125e-01,1.449147e-01,-5.784929e-03,-2.000000e-02,1.882406e-02,7.760000e+01,1.830000e+01,-1.096096e-01,9.033567e-03,-2.349490e-02,9.753380e-03,5.006844e+01,3.283917e+01,2.011484e+00,6.198062e+01,3.399502e+01,3.745034e-02,1.281451e-01
1.730000e+02,7.759191e+01,1.808496e+01,-1.282793e-01,1.271636e-01,4.025125e-01,1.635258e-01,-2.969215e-04,2.000000e-02,1.861112e-02,7.760000e+01,1.830000e+01,-1.096096e-01,8.091899e-03,2.150386e-01,1.866964e-02,5.007653e+01,3.305421e+01,2.030154e+00,6.198069e+01,3.404126e+01,3.779889e-02,1.288916e-01
1.740000e+02,7.758498e+01,1.806547e+01,-1.210372e-01,1.341636e-01,4.225125e-01,1.425783e-01,7.000000e-03,2.000000e-02,-2.094750e-02,7.760000e+01,1.830000e+01,-1.096096e-01,1.502261e-02,2.345346e-01,1.142756e-02,5.009155e+01,3.328874e+01,2.041581e+00,6.198091e+01,3.409627e+01,3.792948e-02,1.297794e-01
1.750000e+02,7.758269e+01,1.824288e+01,-1.116989e-01,1.370313e-01,4.025125e-01,1.230632e-01,2.867762e-03,-2.000000e-02,-1.951504e-02,7.760000e+01,1.830000e+01,-1.096096e-01,1.731321e-02,5.711781e-02,2.089275e-03,5.010886e+01,3.334586e+01,2.043670e+00,6.198121e+01,3.409953e+01,3.793385e-02,1.305684e-01
1.760000e+02,7.759072e+01,1.820735e+01,-1.181926e-01,1.300313e-01,4.225125e-01,1.423834e-01,-7.000000e-03,2.000000e-02,1.932018e-02,7.760000e+01,1.830000e+01,-1.096096e-01,9.280604e-03,9.264501e-02,8.582970e-03,5.011814e+01,3.343851e+01,2.052253e+00,6.198130e+01,3.410812e+01,3.800751e-02,1.313907e-01
1.770000e+02,7.758473e+01,1.837075e+01,-1.129748e-01,1.357272e-01,4.025125e-01,1.272632e-01,5.695893e-03,-2.000000e-02,-1.512017e-02,7.760000e+01,1.830000e+01,-1.096096e-01,1.526945e-02,-7.074798e-02,3.365181e-03,5.013341e+01,3.350926e+01,2.055619e+00,6.198153e+01,3.411312e+01,3.801884e-02,1.320518e-01
1.780000e+02,7.759096e+01,1.832249e+01,-1.187786e-01,1.287272e-01,3.825125e-01,1.432796e-01,-7.000000e-03,-2.000000e-02,1.601632e-02,7.760000e+01,1.830000e+01,-1.096096e-01,9.043414e-03,-2.248720e-02,9.169014e-03,5.014246e+01,3.353174e+01,2.064788e+00,6.198161e+01,3.411363e+01,3.810291e-02,1.327573e-01
1.790000e+02,7.759328e+01,1.808405e+01,-1.279753e-01,1.255110e-01,4.025125e-01,1.630301e-01,-3.216210e-03,2.000000e-02,1.975052e-02,7.760000e+01,1.830000e+01,-1.096096e-01,6.716410e-03,2.159458e-01,1.836570e-02,5.014917e+01,3.374769e+01,2.083153e+00,6.198166e+01,3.416026e+01,3.844021e-02,1.335577e-01
1.800000e+02,7.758494e+01,1.806468e+01,-1.214972e-01,1.325110e-01,4.225125e-01,1.438039e-01,7.000000e-03,2.000000e-02,-1.922623e-02,7.760000e+01,1.830000e+01,-1.096096e-01,1.506200e-02,2.353153e-01,1.188756e-02,5.016423e+01,3.398300e+01,2.095041e+00,6.198188e+01,3.421563e+01,3.858152e-02,1.343764e-01
1.810000e+02,7.758098e+01,1.824218e+01,-1.121761e-01,1.390760e-01,4.025125e-01,1.240244e-01,6.565003e-03,-2.000000e-02,-1.977942e-02,7.760000e+01,1.830000e+01,-1.096096e-01,1.902368e-02,5.782163e-02,2.566441e-03,5.018326e+01,3.404083e+01,2.097607e+00,6.198225e+01,3.421898e+01,3.858811e-02,1.352107e-01
1.820000e+02,7.759071e+01,1.820668e+01,-1.177154e-01,1.320760e-01,4.225125e-01,1.410474e-01,-7.000000e-03,2.000000e-02,1.702297e-02,7.760000e+01,1.830000e+01,-1.096096e-01,9.292634e-03,9.332282e-02,8.105826e-03,5.019255e+01,3.413415e+01,2.105713e+00,6.198233e+01,3.422769e+01,3.865381e-02,1.359495e-01
1.830000e+02,7.758676e+01,1.837014e+01,-1.124724e-01,1.332905e-01,4.025125e-01,1.262484e-01,1.214475e-03,-2.000000e-02,-1.479898e-02,7.760000e+01,1.830000e+01,-1.096096e-01,1.324084e-02,-7.013760e-02,2.862815e-03,5.020579e+01,3.420429e+01,2.108576e+00,6.198251e+01,3.423261e+01,3.866201e-02,1.365699e-01
1.840000e+02,7.759094e+01,1.832199e+01,-1.194315e-01,1.274820e-01,3.825125e-01,1.450474e-01,-5.808463e-03,-2.000000e-02,1.879898e-02,7.760000e+01,1.830000e+01,-1.096096e-01,9.058494e-03,-2.199049e-02,9.821887e-03,5.021485e+01,3.422628e+01,2.118398e+00,6.198259e+01,3.423309e+01,3.875848e-02,1.373571e-01
1.850000e+02,7.759188e+01,1.808361e+01,-1.283521e-01,1.271891e-01,4.025125e-01,1.636732e-01,-2.929378e-04,2.000000e-02,1.862580e-02,7.760000e+01,1.830000e+01,-1.096096e-01,8.117321e-03,2.163932e-01,1.874248e-02,5.022297e+01,3.444267e+01,2.137140e+00,6.198266e+01,3.427991e+01,3.910976e-02,1.381041e-01
1.860000e+02,7.758495e+01,1.806425e+01,-1.211078e-01,1.341891e-01,4.225125e-01,1.427187e-01,7.000000e-03,2.000000e-02,-2.095455e-02,7.760000e+01,1.830000e+01,-1.096096e-01,1.504714e-02,2.357543e-01,1.149819e-02,5.023801e+01,3.467842e+01,2.148639e+00,6.198288e+01,3.433550e+01,3.924197e-02,1.389922e-01
1.870000e+02,7.758266e+01,1.824178e+01,-1.117681e-01,1.370535e-01,4.025125e-01,1.232010e-01,2.864432e-03,-2.000000e-02,-1.951763e-02,7.760000e+01,1.830000e+01,-1.096096e-01,1.733579e-02,5.821630e-02,2.158457e-03,5.025535e+01,3.473664e+01,2.150797e+00,6.198318e+01,3.433888e+01,3.924663e-02,1.397813e-01
1.880000e+02,7.759070e+01,1.820637e+01,-1.182613e-01,1.300535e-01,4.225125e-01,1.425205e-01,-7.000000e-03,2.000000e-02,1.931952e-02,7.760000e+01,1.830000e+01,-1.096096e-01,9.303849e-03,9.363424e-02,8.651635e-03,5.026465e+01,3.483027e+01,2.159449e+00,6.198327e+01,3.434765e+01,3.932148e-02,1.406036e-01
1.890000e+02,7.758471e+01,1.836986e+01,-1.130421e-01,1.357511e-01,4.025125e-01,1.273974e-01,5.697620e-03,-2.000000e-02,-1.512313e-02,7.760000e+01,1.830000e+01,-1.096096e-01,1.529326e-02,-6.985701e-02,3.432527e-03,5.027995e+01,3.490013e+01,2.162881e+00,6.198350e+01,3.435253e+01,3.933326e-02,1.412647e-01
1.900000e+02,7.759093e+01,1.832168e+01,-1.188442e-01,1.287511e-01,3.825125e-01,1.434100e-01,-7.000000e-03,-2.000000e-02,1.601259e-02,7.760000e+01,1.830000e+01,-1.096096e-01,9.065785e-03,-2.168471e-02,9.234587e-03,5.028901e+01,3.492182e+01,2.172116e+00,6.198359e+01,3.435300e+01,3.941854e-02,1.419701e-01
1.910000e+02,7.759326e+01,1.808333e+01,-1.280396e-01,1.255310e-01,4.025125e-01,1.631581e-01,-3.220148e-03,2.000000e-02,1.974809e-02,7.760000e+01,1.830000e+01,-1.096096e-01,6.736789e-03,2.166685e-01,1.842997e-02,5.029575e+01,3.513848e+01,2.190546e+00,6.198363e+01,3.439995e+01,3.975820e-02,1.427705e-01
1.920000e+02,7.758492e+01,1.806403e+01,-1.215612e-01,1.325310e-01,4.225125e-01,1.439318e-01,7.000000e-03,2.000000e-02,-1.922632e-02,7.760000e+01,1.830000e+01,-1.096096e-01,1.508357e-02,2.359663e-01,1.195157e-02,5.031083e+01,3.537445e+01,2.202497e+00,6.198386e+01,3.445563e+01,3.990104e-02,1.435891e-01
1.930000e+02,7.758095e+01,1.824159e+01,-1.122388e-01,1.390990e-01,4.025125e-01,1.241495e-01,6.567997e-03,-2.000000e-02,-1.978225e-02,7.760000e+01,1.830000e+01,-1.096096e-01,1.904642e-02,5.840816e-02,2.629228e-03,5.032988e+01,3.543286e+01,2.205126e+00,6.198422e+01,3.445904e+01,3.990795e-02,1.444236e-01
1.940000e+02,7.759069e+01,1.820615e+01,-1.177762e-01,1.320990e-01,4.225125e-01,1.411682e-01,-7.000000e-03,2.000000e-02,1.701864e-02,7.760000e+01,1.830000e+01,-1.096096e-01,9.313428e-03,9.385129e-02,8.166605e-03,5.033919e+01,3.552671e+01,2.213293e+00,6.198431e+01,3.446785e+01,3.997465e-02,1.451623e-01
1.950000e+02,7.758674e+01,1.836966e+01,-1.125320e-01,1.333082e-01,4.025125e-01,1.263670e-01,1.209180e-03,-2.000000e-02,-1.480111e-02,7.760000e+01,1.830000e+01,-1.096096e-01,1.325904e-02,-6.966139e-02,2.922371e-03,5.035245e+01,3.559637e+01,2.216215e+00,6.198448e+01,3.447270e+01,3.998319e-02,1.457828e-01
1.960000e+02,7.759092e+01,1.832156e+01,-1.194912e-01,1.275024e-01,3.825125e-01,1.451669e-01,-5.805716e-03,-2.000000e-02,1.879989e-02,7.760000e+01,1.830000e+01,-1.096096e-01,9.078549e-03,-2.156142e-02,9.881618e-03,5.036153e+01,3.561793e+01,2.226097e+00,6.198457e+01,3.447316e+01,4.008083e-02,1.465699e-01
1.970000e+02,7.759186e+01,1.808322e+01,-1.284100e-01,1.272086e-01,4.025125e-01,1.637883e-01,-2.938848e-04,2.000000e-02,1.862133e-02,7.760000e+01,1.830000e+01,-1.096096e-01,8.136895e-03,2.167798e-01,1.880038e-02,5.036967e+01,3.583471e+01,2.244897e+00,6.198463e+01,3.452016e+01,4.043429e-02,1.473168e-01
1.980000e+02,7.758493e+01,1.806390e+01,-1.211648e-01,1.342086e-01,4.225125e-01,1.428322e-01,7.000000e-03,2.000000e-02,-2.095603e-02,7.760000e+01,1.830000e+01,-1.096096e-01,1.506642e-02,2.361028e-01,1.155516e-02,5.038473e+01,3.607082e+01,2.256453e+00,6.198486e+01,3.457590e+01,4.056781e-02,1.482049e-01
1.990000e+02,7.758265e+01,1.824147e+01,-1.118239e-01,1.370722e-01,4.025125e-01,1.233123e-01,2.863605e-03,-2.000000e-02,-1.951992e-02,7.760000e+01,1.830000e+01,-1.096096e-01,1.735454e-02,5.853047e-02,2.214327e-03,5.040209e+01,3.612935e+01,2.258667e+00,6.198516e+01,3.457933e+01,4.057271e-02,1.489942e-01
2.000000e+02,7.759068e+01,1.820608e+01,-1.183162e-01,1.300722e-01,4.225125e-01,1.426301e-01,-7.000000e-03,2.000000e-02,1.931782e-02,7.760000e+01,1.830000e+01,-1.096096e-01,9.322486e-03,9.391748e-02,8.706611e-03,5.041141e+01,3.622326e+01,2.267374e+00,6.198525e+01,3.458815e+01,4.064852e-02,1.498163e-01
2.010000e+02,7.758469e+01,1.836960e+01,-1.130961e-01,1.357693e-01,4.025125e-01,1.275048e-01,5.697156e-03,-2.000000e-02,-1.512535e-02,7.760000e+01,1.830000e+01,-1.096096e-01,1.531152e-02,-6.960155e-02,3.486430e-03,5.042672e+01,3.629287e+01,2.270860e+00,6.198548e+01,3.459299e+01,4.066067e-02,1.504776e-01
2.020000e+02,7.759092e+01,1.832145e+01,-1.188972e-01,1.287693e-01,3.825125e-01,1.435155e-01,-7.000000e-03,-2.000000e-02,1.601074e-02,7.760000e+01,1.830000e+01,-1.096096e-01,9.083760e-03,-2.145433e-02,9.287543e-03,5.043581e+01,3.631432e+01,2.280148e+00,6.198556e+01,3.459345e+01,4.074693e-02,1.511829e-01
2.030000e+02,7.759325e+01,1.808312e+01,-1.280915e-01,1.255483e-01,4.025125e-01,1.632615e-01,-3.221037e-03,2.000000e-02,1.974597e-02,7.760000e+01,1.830000e+01,-1.096096e-01,6.754201e-03,2.168763e-01,1.848188e-02,5.044256e+01,3.653120e+01,2.298629e+00,6.198561e+01,3.464049e+01,4.108851e-02,1.519832e-01
2.040000e+02,7.758490e+01,1.806385e+01,-1.216123e-01,1.325483e-01,4.225125e-01,1.440337e-01,7.000000e-03,2.000000e-02,-1.922780e-02,7.760000e+01,1.830000e+01,-1.096096e-01,1.510090e-02,2.361538e-01,1.200269e-02,5.045766e+01,3.676735e+01,2.310632e+00,6.198584e+01,3.469626e+01,4.123258e-02,1.528019e-01
2.050000e+02,7.758094e+01,1.824142e+01,-1.122890e-01,1.391160e-01,4.025125e-01,1.242494e-01,6.567662e-03,-2.000000e-02,-1.978433e-02,7.760000e+01,1.830000e+01,-1.096096e-01,1.906344e-02,5.857735e-02,2.679354e-03,5.047673e+01,3.682593e+01,2.313311e+00,6.198620e+01,3.469969e+01,4.123976e-02,1.536365e-01
2.060000e+02,7.759067e+01,1.820600e+01,-1.178254e-01,1.321160e-01,4.225125e-01,1.412662e-01,-7.000000e-03,2.000000e-02,1.701687e-02,7.760000e+01,1.830000e+01,-1.096096e-01,9.330140e-03,9.400400e-02,8.215826e-03,5.048606e+01,3.691993e+01,2.321527e+00,6.198629e+01,3.470853e+01,4.130726e-02,1.543750e-01
2.070000e+02,7.758672e+01,1.836952e+01,-1.125802e-01,1.333242e-01,4.025125e-01,1.264632e-01,1.208230e-03,-2.000000e-02,-1.480307e-02,7.760000e+01,1.830000e+01,-1.096096e-01,1.327517e-02,-6.952346e-02,2.970626e-03,5.049933e+01,3.698945e+01,2.324498e+00,6.198646e+01,3.471336e+01,4.131608e-02,1.549956e-01
2.080000e+02,7.759091e+01,1.832144e+01,-1.195388e-01,1.275186e-01,3.825125e-01,1.452617e-01,-5.805621e-03,-2.000000e-02,1.879857e-02,7.760000e+01,1.830000e+01,-1.096096e-01,9.094662e-03,-2.143687e-02,9.929163e-03,5.050843e+01,3.701089e+01,2.334427e+00,6.198655e+01,3.471382e+01,4.141467e-02,1.557827e-01
2.090000e+02,7.759185e+01,1.808311e+01,-1.284566e-01,1.272243e-01,4.025125e-01,1.638811e-01,-2.942414e-04,2.000000e-02,1.861933e-02,7.760000e+01,1.830000e+01,-1.096096e-01,8.152709e-03,2.168923e-01,1.884697e-02,5.051658e+01,3.722778e+01,2.353274e+00,6.198661e+01,3.476086e+01,4.176988e-02,1.565295e-01
2.100000e+02,7.758492e+01,1.806380e+01,-1.212106e-01,1.342243e-01,4.225125e-01,1.429234e-01,7.000000e-03,2.000000e-02,-2.095763e-02,7.760000e+01,1.830000e+01,-1.096096e-01,1.508195e-02,2.362044e-01,1.160093e-02,5.053166e+01,3.746399e+01,2.364875e+00,6.198684e+01,3.481665e+01,4.190446e-02,1.574177e-01
2.110000e+02,7.758263e+01,1.824138e+01,-1.118688e-01,1.370871e-01,4.025125e-01,1.234017e-01,2.862760e-03,-2.000000e-02,-1.952174e-02,7.760000e+01,1.830000e+01,-1.096096e-01,1.736956e-02,5.862239e-02,2.259197e-03,5.054903e+01,3.752261e+01,2.367134e+00,6.198714e+01,3.482009e+01,4.190956e-02,1.582070e-01
2.120000e+02,7.759066e+01,1.820600e+01,-1.183604e-01,1.300871e-01,4.225125e-01,1.427183e-01,-7.000000e-03,2.000000e-02,1.931656e-02,7.760000e+01,1.830000e+01,-1.096096e-01,9.337468e-03,9.400060e-02,8.750810e-03,5.055837e+01,3.761661e+01,2.375885e+00,6.198723e+01,3.482893e+01,4.198614e-02,1.590291e-01
2.130000e+02,7.758467e+01,1.836953e+01,-1.131394e-01,1.357840e-01,4.025125e-01,1.275911e-01,5.696963e-03,-2.000000e-02,-1.512715e-02,7.760000e+01,1.830000e+01,-1.096096e-01,1.532628e-02,-6.952632e-02,3.529767e-03,5.057369e+01,3.768614e+01,2.379415e+00,6.198746e+01,3.483376e+01,4.199860e-02,1.596904e-01
2.140000e+02,7.759090e+01,1.832139e+01,-1.189397e-01,1.287840e-01,3.825125e-01,1.436003e-01,-7.000000e-03,-2.000000e-02,1.600915e-02,7.760000e+01,1.830000e+01,-1.096096e-01,9.098204e-03,-2.138624e-02,9.330073e-03,5.058279e+01,3.770752e+01,2.388745e+00,6.198755e+01,3.483422e+01,4.208565e-02,1.603957e-01
2.150000e+02,7.759323e+01,1.808306e+01,-1.281332e-01,1.255621e-01,4.025125e-01,1.633446e-01,-3.221973e-03,2.000000e-02,1.974429e-02,7.760000e+01,1.830000e+01,-1.096096e-01,6.768092e-03,2.169379e-01,1.852358e-02,5.058956e+01,3.792446e+01,2.407268e+00,6.198759e+01,3.488128e+01,4.242877e-02,1.611959e-01
2.160000e+02,7.758489e+01,1.806379e+01,-1.216534e-01,1.325621e-01,4.225125e-01,1.441157e-01,7.000000e-03,2.000000e-02,-1.922885e-02,7.760000e+01,1.830000e+01,-1.096096e-01,1.511483e-02,2.362096e-01,1.204380e-02,5.060467e+01,3.816067e+01,2.419312e+00,6.198782e+01,3.493707e+01,4.257383e-02,1.620147e-01
2.170000e+02,7.758092e+01,1.824137e+01,-1.123293e-01,1.391297e-01,4.025125e-01,1.243297e-01,6.567660e-03,-2.000000e-02,-1.978602e-02,7.760000e+01,1.830000e+01,-1.096096e-01,1.907725e-02,5.862799e-02,2.719669e-03,5.062375e+01,3.821930e+01,2.422032e+00,6.198819e+01,3.494051e+01,4.258122e-02,1.628493e-01
2.180000e+02,7.759066e+01,1.820595e+01,-1.178650e-01,1.321297e-01,4.225125e-01,1.413450e-01,-7.000000e-03,2.000000e-02,1.701527e-02,7.760000e+01,1.830000e+01,-1.096096e-01,9.343569e-03,9.404993e-02,8.255343e-03,5.063310e+01,3.831335e+01,2.430287e+00,6.198827e+01,3.494936e+01,4.264937e-02,1.635878e-01
2.190000e+02,7.758671e+01,1.836948e+01,-1.126190e-01,1.333369e-01,4.025125e-01,1.265403e-01,1.207145e-03,-2.000000e-02,-1.480461e-02,7.760000e+01,1.830000e+01,-1.096096e-01,1.328799e-02,-6.948174e-02,3.009366e-03,5.064638e+01,3.838283e+01,2.433297e+00,6.198845e+01,3.495418e+01,4.265843e-02,1.642084e-01
2.200000e+02,7.759089e+01,1.832140e+01,-1.195770e-01,1.275315e-01,3.825125e-01,1.453380e-01,-5.805339e-03,-2.000000e-02,1.879771e-02,7.760000e+01,1.830000e+01,-1.096096e-01,9.107612e-03,-2.139899e-02,9.967414e-03,5.065549e+01,3.840423e+01,2.443264e+00,6.198853e+01,3.495464e+01,4.275778e-02,1.649955e-01
2.210000e+02,7.759183e+01,1.808307e+01,-1.284940e-01,1.272370e-01,4.025125e-01,1.639556e-01,-2.945674e-04,2.000000e-02,1.861757e-02,7.760000e+01,1.830000e+01,-1.096096e-01,8.165409e-03,2.169267e-01,1.888441e-02,5.066366e+01,3.862116e+01,2.462148e+00,6.198860e+01,3.500170e+01,4.311440e-02,1.657422e-01
2.220000e+02,7.758491e+01,1.806376e+01,-1.212473e-01,1.342370e-01,4.225125e-01,1.429967e-01,7.000000e-03,2.000000e-02,-2.095887e-02,7.760000e+01,1.830000e+01,-1.096096e-01,1.509443e-02,2.362357e-01,1.163771e-02,5.067875e+01,3.885739e+01,2.473786e+00,6.198883e+01,3.505751e+01,4.324984e-02,1.666305e-01
2.230000e+02,7.758262e+01,1.824135e+01,-1.119049e-01,1.370991e-01,4.025125e-01,1.234735e-01,2.862099e-03,-2.000000e-02,-1.952321e-02,7.760000e+01,1.830000e+01,-1.096096e-01,1.738163e-02,5.865090e-02,2.295258e-03,5.069613e+01,3.891604e+01,2.476081e+00,6.198913e+01,3.506095e+01,4.325510e-02,1.674198e-01
2.240000e+02,7.759065e+01,1.820597e+01,-1.183959e-01,1.300991e-01,4.225125e-01,1.427891e-01,-7.000000e-03,2.000000e-02,1.931555e-02,7.760000e+01,1.830000e+01,-1.096096e-01,9.349506e-03,9.402657e-02,8.786326e-03,5.070548e+01,3.901007e+01,2.484868e+00,6.198922e+01,3.506979e+01,4.333230e-02,1.682419e-01
2.250000e+02,7.758466e+01,1.836950e+01,-1.131742e-01,1.357959e-01,4.025125e-01,1.276605e-01,5.696791e-03,-2.000000e-02,-1.512859e-02,7.760000e+01,1.830000e+01,-1.096096e-01,1.533813e-02,-6.950259e-02,3.564592e-03,5.072082e+01,3.907957e+01,2.488432e+00,6.198945e+01,3.507462e+01,4.334501e-02,1.689032e-01
2.260000e+02,7.759089e+01,1.832136e+01,-1.189739e-01,1.287959e-01,3.825125e-01,1.436684e-01,-7.000000e-03,-2.000000e-02,1.600788e-02,7.760000e+01,1.830000e+01,-1.096096e-01,9.109812e-03,-2.136458e-02,9.364253e-03,5.072993e+01,3.910094e+01,2.497797e+00,6.198953e+01,3.507507e+01,4.343270e-02,1.696085e-01
2.270000e+02,7.759322e+01,1.808304e+01,-1.281667e-01,1.255732e-01,4.025125e-01,1.634113e-01,-3.222703e-03,2.000000e-02,1.974293e-02,7.760000e+01,1.830000e+01,-1.096096e-01,6.779265e-03,2.169577e-01,1.855708e-02,5.073671e+01,3.931789e+01,2.516354e+00,6.198958e+01,3.512215e+01,4.377706e-02,1.704087e-01
2.280000e+02,7.758487e+01,1.806377e+01,-1.216865e-01,1.325732e-01,4.225125e-01,1.441816e-01,7.000000e-03,2.000000e-02,-1.922972e-02,7.760000e+01,1.830000e+01,-1.096096e-01,1.512602e-02,2.362277e-01,1.207684e-02,5.075184e+01,3.955412e+01,2.528430e+00,6.198981e+01,3.517795e+01,4.392291e-02,1.712274e-01
2.290000e+02,7.758091e+01,1.824136e+01,-1.123617e-01,1.391408e-01,4.025125e-01,1.243942e-01,6.567633e-03,-2.000000e-02,-1.978737e-02,7.760000e+01,1.830000e+01,-1.096096e-01,1.908833e-02,5.864458e-02,2.752062e-03,5.077092e+01,3.961277e+01,2.531183e+00,6.199017e+01,3.518139e+01,4.393049e-02,1.720621e-01
2.300000e+02,7.759065e+01,1.820593e+01,-1.178967e-01,1.321408e-01,4.225125e-01,1.414082e-01,-7.000000e-03,2.000000e-02,1.701401e-02,7.760000e+01,1.830000e+01,-1.096096e-01,9.354361e-03,9.406515e-02,8.287103e-03,5.078028e+01,3.970683e+01,2.539470e+00,6.199026e+01,3.519024e+01,4.399916e-02,1.728006e-01
2.310000e+02,7.758670e+01,1.836947e+01,-1.126501e-01,1.333471e-01,4.025125e-01,1.266024e-01,1.206305e-03,-2.000000e-02,-1.480586e-02,7.760000e+01,1.830000e+01,-1.096096e-01,1.329830e-02,-6.946773e-02,3.040502e-03,5.079358e+01,3.977630e+01,2.542510e+00,6.199044e+01,3.519506e+01,4.400841e-02,1.734213e-01
2.320000e+02,7.759088e+01,1.832139e+01,-1.196078e-01,1.275420e-01,3.825125e-01,1.453994e-01,-5.805132e-03,-2.000000e-02,1.879699e-02,7.760000e+01,1.830000e+01,-1.096096e-01,9.118018e-03,-2.138611e-02,9.998149e-03,5.080269e+01,3.979769e+01,2.552508e+00,6.199052e+01,3.519552e+01,4.410837e-02,1.742083e-01
2.330000e+02,7.759182e+01,1.808306e+01,-1.285241e-01,1.272471e-01,4.025125e-01,1.640155e-01,-2.948256e-04,2.000000e-02,1.861616e-02,7.760000e+01,1.830000e+01,-1.096096e-01,8.175615e-03,2.169385e-01,1.891449e-02,5.081087e+01,4.001462e+01,2.571423e+00,6.199059e+01,3.524258e+01,4.446613e-02,1.749549e-01
2.340000e+02,7.758490e+01,1.806375e+01,-1.212769e-01,1.342471e-01,4.225125e-01,1.430556e-01,7.000000e-03,2.000000e-02,-2.095987e-02,7.760000e+01,1.830000e+01,-1.096096e-01,1.510446e-02,2.362466e-01,1.166727e-02,5.082597e+01,4.025087e+01,2.583090e+00,6.199082e+01,3.529839e+01,4.460225e-02,1.758433e-01
2.350000e+02,7.758261e+01,1.824134e+01,-1.119339e-01,1.371087e-01,4.025125e-01,1.235313e-01,2.861566e-03,-2.000000e-02,-1.952439e-02,7.760000e+01,1.830000e+01,-1.096096e-01,1.739133e-02,5.866101e-02,2.324236e-03,5.084337e+01,4.030953e+01,2.585414e+00,6.199112e+01,3.530184e+01,4.460766e-02,1.766326e-01
2.360000e+02,7.759064e+01,1.820596e+01,-1.184245e-01,1.301087e-01,4.225125e-01,1.428460e-01,-7.000000e-03,2.000000e-02,1.931473e-02,7.760000e+01,1.830000e+01,-1.096096e-01,9.359180e-03,9.403592e-02,8.814867e-03,5.085272e+01,4.040357e+01,2.594229e+00,6.199121e+01,3.531068e+01,4.468536e-02,1.774547e-01
2.370000e+02,7.758465e+01,1.836949e+01,-1.132022e-01,1.358054e-01,4.025125e-01,1.277162e-01,5.696655e-03,-2.000000e-02,-1.512975e-02,7.760000e+01,1.830000e+01,-1.096096e-01,1.534766e-02,-6.949390e-02,3.592577e-03,5.086807e+01,4.047306e+01,2.597822e+00,6.199144e+01,3.531551e+01,4.469827e-02,1.781161e-01
2.380000e+02,7.759088e+01,1.832136e+01,-1.190013e-01,1.288054e-01,3.825125e-01,1.437231e-01,-7.000000e-03,-2.000000e-02,1.600686e-02,7.760000e+01,1.830000e+01,-1.096096e-01,9.119140e-03,-2.135651e-02,9.391720e-03,5.087719e+01,4.049442e+01,2.607213e+00,6.199153e+01,3.531596e+01,4.478647e-02,1.788213e-01
2.390000e+02,7.759321e+01,1.808303e+01,-1.281936e-01,1.255821e-01,4.025125e-01,1.634649e-01,-3.223293e-03,2.000000e-02,1.974184e-02,7.760000e+01,1.830000e+01,-1.096096e-01,6.788242e-03,2.169652e-01,1.858401e-02,5.088398e+01,4.071138e+01,2.625797e+00,6.199157e+01,3.536304e+01,4.513184e-02,1.796214e-01
2.400000e+02,7.758486e+01,1.806377e+01,-1.217130e-01,1.325821e-01,4.225125e-01,1.442345e-01,7.000000e-03,2.000000e-02,-1.923041e-02,7.760000e+01,1.830000e+01,-1.096096e-01,1.513501e-02,2.362346e-01,1.210339e-02,5.089911e+01,4.094762e+01,2.637901e+00,6.199180e+01,3.541884e+01,4.527833e-02,1.804402e-01
2.410000e+02,7.758090e+01,1.824135e+01,-1.123877e-01,1.391497e-01,4.025125e-01,1.244461e-01,6.567613e-03,-2.000000e-02,-1.978846e-02,7.760000e+01,1.830000e+01,-1.096096e-01,1.909723e-02,5.865110e-02,2.778094e-03,5.091821e+01,4.100627e+01,2.640679e+00,6.199217e+01,3.542228e+01,4.528604e-02,1.812749e-01
2.420000e+02,7.759064e+01,1.820593e+01,-1.179222e-01,1.321497e-01,4.225125e-01,1.414591e-01,-7.000000e-03,2.000000e-02,1.701299e-02,7.760000e+01,1.830000e+01,-1.096096e-01,9.363034e-03,9.407125e-02,8.312625e-03,5.092758e+01,4.110034e+01,2.648992e+00,6.199225e+01,3.543113e+01,4.535514e-02,1.820134e-01
2.430000e+02,7.758669e+01,1.836946e+01,-1.126751e-01,1.333553e-01,4.025125e-01,1.266522e-01,1.205626e-03,-2.000000e-02,-1.480686e-02,7.760000e+01,1.830000e+01,-1.096096e-01,1.330659e-02,-6.946199e-02,3.065522e-03,5.094088e+01,4.116980e+01,2.652057e+00,6.199243e+01,3.543596e+01,4.536454e-02,1.826341e-01
2.440000e+02,7.759087e+01,1.832138e+01,-1.196325e-01,1.275503e-01,3.825125e-01,1.454486e-01,-5.804964e-03,-2.000000e-02,1.879642e-02,7.760000e+01,1.830000e+01,-1.096096e-01,9.126380e-03,-2.138073e-02,1.002285e-02,5.095001e+01,4.119118e+01,2.662080e+00,6.199251e+01,3.543642e+01,4.546500e-02,1.834211e-01
2.450000e+02,7.759182e+01,1.808306e+01,-1.285483e-01,1.272553e-01,4.025125e-01,1.640637e-01,-2.950334e-04,2.000000e-02,1.861504e-02,7.760000e+01,1.830000e+01,-1.096096e-01,8.183817e-03,2.169435e-01,1.893867e-02,5.095819e+01,4.140813e+01,2.681019e+00,6.199258e+01,3.548348e+01,4.582367e-02,1.841677e-01
2.460000e+02,7.758489e+01,1.806375e+01,-1.213006e-01,1.342553e-01,4.225125e-01,1.431030e-01,7.000000e-03,2.000000e-02,-2.096068e-02,7.760000e+01,1.830000e+01,-1.096096e-01,1.511252e-02,2.362514e-01,1.169102e-02,5.097330e+01,4.164438e+01,2.692710e+00,6.199281e+01,3.553930e+01,4.596035e-02,1.850560e-01
2.470000e+02,7.758260e+01,1.824133e+01,-1.119571e-01,1.371164e-01,4.025125e-01,1.235776e-01,2.861137e-03,-2.000000e-02,-1.952534e-02,7.760000e+01,1.830000e+01,-1.096096e-01,1.739912e-02,5.866551e-02,2.347523e-03,5.099070e+01,4.170304e+01,2.695057e+00,6.199311e+01,3.554274e+01,4.596586e-02,1.858455e-01
2.480000e+02,7.759063e+01,1.820596e+01,-1.184474e-01,1.301164e-01,4.225125e-01,1.428917e-01,-7.000000e-03,2.000000e-02,1.931407e-02,7.760000e+01,1.830000e+01,-1.096096e-01,9.366955e-03,9.404018e-02,8.837803e-03,5.100007e+01,4.179708e+01,2.703895e+00,6.199320e+01,3.555158e+01,4.604397e-02,1.866675e-01
2.490000e+02,7.758464e+01,1.836949e+01,-1.132247e-01,1.358130e-01,4.025125e-01,1.277610e-01,5.696545e-03,-2.000000e-02,-1.513068e-02,7.760000e+01,1.830000e+01,-1.096096e-01,1.535531e-02,-6.948985e-02,3.615066e-03,5.101543e+01,4.186657e+01,2.707510e+00,6.199343e+01,3.555641e+01,4.605704e-02,1.873289e-01
2.500000e+02,7.759087e+01,1.832135e+01,-1.190234e-01,1.288130e-01,3.825125e-01,1.437671e-01,-7.000000e-03,-2.000000e-02,1.600604e-02,7.760000e+01,1.830000e+01,-1.096096e-01,9.126637e-03,-2.135266e-02,9.413792e-03,5.102455e+01,4.188793e+01,2.716924e+00,6.199352e+01,3.555687e+01,4.614566e-02,1.880341e-01
2.510000e+02,7.759320e+01,1.808303e+01,-1.282153e-01,1.255892e-01,4.025125e-01,1.635080e-01,-3.223766e-03,2.000000e-02,1.974096e-02,7.760000e+01,1.830000e+01,-1.096096e-01,6.795457e-03,2.169688e-01,1.860565e-02,5.103135e+01,4.210490e+01,2.735529e+00,6.199356e+01,3.560394e+01,4.649183e-02,1.888342e-01
2.520000e+02,7.758486e+01,1.806376e+01,-1.217343e-01,1.325892e-01,4.225125e-01,1.442771e-01,7.000000e-03,2.000000e-02,-1.923096e-02,7.760000e+01,1.830000e+01,-1.096096e-01,1.514224e-02,2.362381e-01,1.212472e-02,5.104649e+01,4.234113e+01,2.747654e+00,6.199379e+01,3.565975e+01,4.663884e-02,1.896530e-01
2.530000e+02,7.758090e+01,1.824135e+01,-1.124086e-01,1.391568e-01,4.025125e-01,1.244877e-01,6.567597e-03,-2.000000e-02,-1.978933e-02,7.760000e+01,1.830000e+01,-1.096096e-01,1.910439e-02,5.865442e-02,2.799014e-03,5.106559e+01,4.239979e+01,2.750453e+00,6.199416e+01,3.566319e+01,4.664667e-02,1.904878e-01
2.540000e+02,7.759063e+01,1.820593e+01,-1.179428e-01,1.321568e-01,4.225125e-01,1.414999e-01,-7.000000e-03,2.000000e-02,1.701217e-02,7.760000e+01,1.830000e+01,-1.096096e-01,9.370003e-03,9.407443e-02,8.333134e-03,5.107496e+01,4.249386e+01,2.758786e+00,6.199425e+01,3.567204e+01,4.671611e-02,1.912262e-01
2.550000e+02,7.758669e+01,1.836946e+01,-1.126952e-01,1.333619e-01,4.025125e-01,1.266923e-01,1.205081e-03,-2.000000e-02,-1.480766e-02,7.760000e+01,1.830000e+01,-1.096096e-01,1.331325e-02,-6.945893e-02,3.085628e-03,5.108828e+01,4.256332e+01,2.761872e+00,6.199442e+01,3.567686e+01,4.672563e-02,1.918469e-01
2.560000e+02,7.759087e+01,1.832138e+01,-1.196523e-01,1.275571e-01,3.825125e-01,1.454882e-01,-5.804829e-03,-2.000000e-02,1.879597e-02,7.760000e+01,1.830000e+01,-1.096096e-01,9.133100e-03,-2.137780e-02,1.004270e-02,5.109741e+01,4.258470e+01,2.771915e+00,6.199451e+01,3.567732e+01,4.682649e-02,1.926339e-01
2.570000e+02,7.759181e+01,1.808305e+01,-1.285677e-01,1.272619e-01,4.025125e-01,1.641023e-01,-2.952003e-04,2.000000e-02,1.861413e-02,7.760000e+01,1.830000e+01,-1.096096e-01,8.190409e-03,2.169463e-01,1.895810e-02,5.110560e+01,4.280165e+01,2.790873e+00,6.199457e+01,3.572439e+01,4.718590e-02,1.933804e-01
2.580000e+02,7.758488e+01,1.806375e+01,-1.213197e-01,1.342619e-01,4.225125e-01,1.431410e-01,7.000000e-03,2.000000e-02,-2.096133e-02,7.760000e+01,1.830000e+01,-1.096096e-01,1.511899e-02,2.362540e-01,1.171011e-02,5.112072e+01,4.303790e+01,2.802583e+00,6.199480e+01,3.578020e+01,4.732303e-02,1.942688e-01
2.590000e+02,7.758259e+01,1.824133e+01,-1.119759e-01,1.371227e-01,4.025125e-01,1.236149e-01,2.860793e-03,-2.000000e-02,-1.952610e-02,7.760000e+01,1.830000e+01,-1.096096e-01,1.740538e-02,5.866811e-02,2.366237e-03,5.113813e+01,4.309657e+01,2.804949e+00,6.199511e+01,3.578364e+01,4.732863e-02,1.950583e-01
2.600000e+02,7.759063e+01,1.820596e+01,-1.184659e-01,1.301227e-01,4.225125e-01,1.429285e-01,-7.000000e-03,2.000000e-02,1.931354e-02,7.760000e+01,1.830000e+01,-1.096096e-01,9.373202e-03,9.404268e-02,8.856235e-03,5.114750e+01,4.319061e+01,2.813805e+00,6.199519e+01,3.579249e+01,4.740706e-02,1.958803e-01
2.610000e+02,7.758464e+01,1.836949e+01,-1.132428e-01,1.358191e-01,4.025125e-01,1.277970e-01,5.696456e-03,-2.000000e-02,-1.513143e-02,7.760000e+01,1.830000e+01,-1.096096e-01,1.536147e-02,-6.948742e-02,3.633139e-03,5.116286e+01,4.326010e+01,2.817438e+00,6.199543e+01,3.579732e+01,4.742026e-02,1.965417e-01
2.620000e+02,7.759087e+01,1.832135e+01,-1.190412e-01,1.288191e-01,3.825125e-01,1.438024e-01,-7.000000e-03,-2.000000e-02,1.600538e-02,7.760000e+01,1.830000e+01,-1.096096e-01,9.132660e-03,-2.135031e-02,9.431530e-03,5.117199e+01,4.328145e+01,2.826870e+00,6.199551e+01,3.579777e+01,4.750921e-02,1.972469e-01
2.630000e+02,7.759320e+01,1.808303e+01,-1.282327e-01,1.255950e-01,4.025125e-01,1.635427e-01,-3.224146e-03,2.000000e-02,1.974026e-02,7.760000e+01,1.830000e+01,-1.096096e-01,6.801255e-03,2.169711e-01,1.862304e-02,5.117879e+01,4.349842e+01,2.845493e+00,6.199556e+01,3.584485e+01,4.785603e-02,1.980469e-01
2.640000e+02,7.758485e+01,1.806376e+01,-1.217515e-01,1.325950e-01,4.225125e-01,1.443113e-01,7.000000e-03,2.000000e-02,-1.923141e-02,7.760000e+01,1.830000e+01,-1.096096e-01,1.514805e-02,2.362403e-01,1.214187e-02,5.119394e+01,4.373466e+01,2.857635e+00,6.199579e+01,3.590066e+01,4.800345e-02,1.988658e-01
2.650000e+02,7.758089e+01,1.824134e+01,-1.124254e-01,1.391626e-01,4.025125e-01,1.245212e-01,6.567584e-03,-2.000000e-02,-1.979004e-02,7.760000e+01,1.830000e+01,-1.096096e-01,1.911014e-02,5.865655e-02,2.815825e-03,5.121305e+01,4.379332e+01,2.860451e+00,6.199615e+01,3.590410e+01,4.801138e-02,1.997006e-01
2.660000e+02,7.759062e+01,1.820592e+01,-1.179592e-01,1.321626e-01,4.225125e-01,1.415327e-01,-7.000000e-03,2.000000e-02,1.701152e-02,7.760000e+01,1.830000e+01,-1.096096e-01,9.375604e-03,9.407649e-02,8.349616e-03,5.122243e+01,4.388739e+01,2.868800e+00,6.199624e+01,3.591295e+01,4.808110e-02,2.004390e-01
2.670000e+02,7.758668e+01,1.836946e+01,-1.127114e-01,1.333672e-01,4.025125e-01,1.267244e-01,1.204643e-03,-2.000000e-02,-1.480831e-02,7.760000e+01,1.830000e+01,-1.096096e-01,1.331860e-02,-6.945691e-02,3.101786e-03,5.123575e+01,4.395685e+01,2.871902e+00,6.199642e+01,3.591777e+01,4.809072e-02,2.010597e-01
2.680000e+02,7.759086e+01,1.832138e+01,-1.196683e-01,1.275625e-01,3.825125e-01,1.455200e-01,-5.804720e-03,-2.000000e-02,1.879560e-02,7.760000e+01,1.830000e+01,-1.096096e-01,9.138501e-03,-2.137585e-02,1.005865e-02,5.124489e+01,4.397822e+01,2.881961e+00,6.199650e+01,3.591823e+01,4.819190e-02,2.018467e-01
2.690000e+02,7.759180e+01,1.808305e+01,-1.285833e-01,1.272671e-01,4.025125e-01,1.641334e-01,-2.953345e-04,2.000000e-02,1.861340e-02,7.760000e+01,1.830000e+01,-1.096096e-01,8.195705e-03,2.169482e-01,1.897371e-02,5.125308e+01,4.419517e+01,2.900934e+00,6.199657e+01,3.596530e+01,4.855190e-02,2.025932e-01
2.700000e+02,7.758488e+01,1.806374e+01,-1.213351e-01,1.342671e-01,4.225125e-01,1.431716e-01,7.000000e-03,2.000000e-02,-2.096185e-02,7.760000e+01,1.830000e+01,-1.096096e-01,1.512420e-02,2.362559e-01,1.172545e-02,5.126821e+01,4.443143e+01,2.912660e+00,6.199680e+01,3.602111e+01,4.868938e-02,2.034816e-01
2.710000e+02,7.758259e+01,1.824133e+01,-1.119909e-01,1.371277e-01,4.025125e-01,1.236449e-01,2.860516e-03,-2.000000e-02,-1.952671e-02,7.760000e+01,1.830000e+01,-1.096096e-01,1.741042e-02,5.866991e-02,2.381276e-03,5.128562e+01,4.449010e+01,2.915041e+00,6.199710e+01,3.602456e+01,4.869505e-02,2.042711e-01
2.720000e+02,7.759062e+01,1.820596e+01,-1.184807e-01,1.301277e-01,4.225125e-01,1.429580e-01,-7.000000e-03,2.000000e-02,1.931312e-02,7.760000e+01,1.830000e+01,-1.096096e-01,9.378223e-03,9.404443e-02,8.871047e-03,5.129499e+01,4.458414e+01,2.923912e+00,6.199719e+01,3.603340e+01,4.877375e-02,2.050931e-01
2.730000e+02,7.758463e+01,1.836949e+01,-1.132573e-01,1.358240e-01,4.025125e-01,1.278260e-01,5.696385e-03,-2.000000e-02,-1.513203e-02,7.760000e+01,1.830000e+01,-1.096096e-01,1.536641e-02,-6.948570e-02,3.647662e-03,5.131036e+01,4.465363e+01,2.927560e+00,6.199743e+01,3.603823e+01,4.878706e-02,2.057545e-01
2.740000e+02,7.759086e+01,1.832135e+01,-1.190554e-01,1.288240e-01,3.825125e-01,1.438308e-01,-7.000000e-03,-2.000000e-02,1.600485e-02,7.760000e+01,1.830000e+01,-1.096096e-01,9.137501e-03,-2.134864e-02,9.445784e-03,5.131950e+01,4.467498e+01,2.937006e+00,6.199751e+01,3.603868e+01,4.887628e-02,2.064597e-01
2.750000e+02,7.759319e+01,1.808303e+01,-1.282466e-01,1.255996e-01,4.025125e-01,1.635705e-01,-3.224452e-03,2.000000e-02,1.973970e-02,7.760000e+01,1.830000e+01,-1.096096e-01,6.805914e-03,2.169727e-01,1.863701e-02,5.132630e+01,4.489195e+01,2.955643e+00,6.199756e+01,3.608576e+01,4.922362e-02,2.072597e-01
2.760000e+02,7.758485e+01,1.806376e+01,-1.217653e-01,1.325996e-01,4.225125e-01,1.443387e-01,7.000000e-03,2.000000e-02,-1.923177e-02,7.760000e+01,1.830000e+01,-1.096096e-01,1.515271e-02,2.362419e-01,1.215565e-02,5.134146e+01,4.512819e+01,2.967798e+00,6.199779e+01,3.614157e+01,4.937138e-02,2.080786e-01
2.770000e+02,7.758089e+01,1.824134e+01,-1.124390e-01,1.391672e-01,4.025125e-01,1.245481e-01,6.567574e-03,-2.000000e-02,-1.979060e-02,7.760000e+01,1.830000e+01,-1.096096e-01,1.911476e-02,5.865811e-02,2.829334e-03,5.136057e+01,4.518685e+01,2.970628e+00,6.199815e+01,3.614501e+01,4.937938e-02,2.089134e-01
2.780000e+02,7.759062e+01,1.820592e+01,-1.179725e-01,1.321672e-01,4.225125e-01,1.415591e-01,-7.000000e-03,2.000000e-02,1.701099e-02,7.760000e+01,1.830000e+01,-1.096096e-01,9.380105e-03,9.407801e-02,8.362861e-03,5.136995e+01,4.528093e+01,2.978991e+00,6.199824e+01,3.615386e+01,4.944932e-02,2.096518e-01
2.790000e+02,7.758668e+01,1.836946e+01,-1.127244e-01,1.333715e-01,4.025125e-01,1.267503e-01,1.204291e-03,-2.000000e-02,-1.480883e-02,7.760000e+01,1.830000e+01,-1.096096e-01,1.332290e-02,-6.945542e-02,3.114771e-03,5.138327e+01,4.535038e+01,2.982105e+00,6.199842e+01,3.615869e+01,4.945902e-02,2.102725e-01
2.800000e+02,7.759086e+01,1.832137e+01,-1.196811e-01,1.275668e-01,3.825125e-01,1.455456e-01,-5.804633e-03,-2.000000e-02,1.879530e-02,7.760000e+01,1.830000e+01,-1.096096e-01,9.142841e-03,-2.137439e-02,1.007147e-02,5.139242e+01,4.537176e+01,2.992177e+00,6.199850e+01,3.615914e+01,4.956046e-02,2.110595e-01
2.810000e+02,7.759180e+01,1.808305e+01,-1.285959e-01,1.272714e-01,4.025125e-01,1.641584e-01,-2.954423e-04,2.000000e-02,1.861281e-02,7.760000e+01,1.830000e+01,-1.096096e-01,8.199962e-03,2.169496e-01,1.898625e-02,5.140062e+01,4.558871e+01,3.011163e+00,6.199857e+01,3.620621e+01,4.992093e-02,2.118060e-01
2.820000e+02,7.758487e+01,1.806374e+01,-1.213474e-01,1.342714e-01,4.225125e-01,1.431962e-01,7.000000e-03,2.000000e-02,-2.096227e-02,7.760000e+01,1.830000e+01,-1.096096e-01,1.512838e-02,2.362573e-01,1.173777e-02,5.141575e+01,4.582497e+01,3.022901e+00,6.199880e+01,3.626203e+01,5.005871e-02,2.126944e-01
2.830000e+02,7.758259e+01,1.824133e+01,-1.120030e-01,1.371317e-01,4.025125e-01,1.236690e-01,2.860294e-03,-2.000000e-02,-1.952720e-02,7.760000e+01,1.830000e+01,-1.096096e-01,1.741446e-02,5.867128e-02,2.393361e-03,5.143316e+01,4.588364e+01,3.025294e+00,6.199910e+01,3.626547e+01,5.006444e-02,2.134839e-01
2.840000e+02,7.759062e+01,1.820595e+01,-1.184926e-01,1.301317e-01,4.225125e-01,1.429817e-01,-7.000000e-03,2.000000e-02,1.931278e-02,7.760000e+01,1.830000e+01,-1.096096e-01,9.382258e-03,9.404576e-02,8.882950e-03,5.144254e+01,4.597768e+01,3.034177e+00,6.199919e+01,3.627432e+01,5.014334e-02,2.143059e-01
2.850000e+02,7.758463e+01,1.836948e+01,-1.132690e-01,1.358280e-01,4.025125e-01,1.278492e-01,5.696328e-03,-2.000000e-02,-1.513252e-02,7.760000e+01,1.830000e+01,-1.096096e-01,1.537038e-02,-6.948438e-02,3.659333e-03,5.145791e+01,4.604717e+01,3.037836e+00,6.199942e+01,3.627914e+01,5.015673e-02,2.149673e-01
2.860000e+02,7.759086e+01,1.832135e+01,-1.190669e-01,1.288280e-01,3.825125e-01,1.438536e-01,-7.000000e-03,-2.000000e-02,1.600442e-02,7.760000e+01,1.830000e+01,-1.096096e-01,9.141392e-03,-2.134735e-02,9.457239e-03,5.146705e+01,4.606851e+01,3.047294e+00,6.199951e+01,3.627960e+01,5.024617e-02,2.156725e-01
2.870000e+02,7.759319e+01,1.808303e+01,-1.282579e-01,1.256033e-01,4.025125e-01,1.635929e-01,-3.224697e-03,2.000000e-02,1.973924e-02,7.760000e+01,1.830000e+01,-1.096096e-01,6.809658e-03,2.169739e-01,1.864824e-02,5.147386e+01,4.628549e+01,3.065942e+00,6.199955e+01,3.632668e+01,5.059393e-02,2.164725e-01
2.880000e+02,7.758484e+01,1.806376e+01,-1.217763e-01,1.326033e-01,4.225125e-01,1.443608e-01,7.000000e-03,2.000000e-02,-1.923206e-02,7.760000e+01,1.830000e+01,-1.096096e-01,1.515646e-02,2.362431e-01,1.216672e-02,5.148902e+01,4.652173e+01,3.078109e+00,6.199978e+01,3.638249e+01,5.074196e-02,2.172914e-01
2.890000e+02,7.758088e+01,1.824134e+01,-1.124498e-01,1.391709e-01,4.025125e-01,1.245698e-01,6.567566e-03,-2.000000e-02,-1.979105e-02,7.760000e+01,1.830000e+01,-1.096096e-01,1.911847e-02,5.865931e-02,2.840191e-03,5.150814e+01,4.658039e+01,3.080949e+00,6.200015e+01,3.638593e+01,5.075003e-02,2.181262e-01
2.900000e+02,7.759062e+01,1.820592e+01,-1.179831e-01,1.321709e-01,4.225125e-01,1.415803e-01,-7.000000e-03,2.000000e-02,1.701056e-02,7.760000e+01,1.830000e+01,-1.096096e-01,9.383721e-03,9.407919e-02,8.373505e-03,5.151752e+01,4.667447e+01,3.089322e+00,6.200024e+01,3.639478e+01,5.082014e-02,2.188645e-01
2.910000e+02,7.758667e+01,1.836945e+01,-1.127348e-01,1.333749e-01,4.025125e-01,1.267711e-01,1.204009e-03,-2.000000e-02,-1.480924e-02,7.760000e+01,1.830000e+01,-1.096096e-01,1.332636e-02,-6.945425e-02,3.125205e-03,5.153085e+01,4.674392e+01,3.092448e+00,6.200041e+01,3.639960e+01,5.082991e-02,2.194853e-01
2.920000e+02,7.759085e+01,1.832137e+01,-1.196914e-01,1.275703e-01,3.825125e-01,1.455662e-01,-5.804563e-03,-2.000000e-02,1.879507e-02,7.760000e+01,1.830000e+01,-1.096096e-01,9.146328e-03,-2.137325e-02,1.008177e-02,5.153999e+01,4.676530e+01,3.102529e+00,6.200050e+01,3.640006e+01,5.093155e-02,2.202723e-01
2.930000e+02,7.759180e+01,1.808305e+01,-1.286060e-01,1.272748e-01,4.025125e-01,1.641785e-01,-2.955290e-04,2.000000e-02,1.861234e-02,7.760000e+01,1.830000e+01,-1.096096e-01,8.203382e-03,2.169507e-01,1.899634e-02,5.154820e+01,4.698225e+01,3.121526e+00,6.200056e+01,3.644713e+01,5.129241e-02,2.210188e-01
2.940000e+02,7.758487e+01,1.806374e+01,-1.213573e-01,1.342748e-01,4.225125e-01,1.432159e-01,7.000000e-03,2.000000e-02,-2.096260e-02,7.760000e+01,1.830000e+01,-1.096096e-01,1.513174e-02,2.362583e-01,1.174768e-02,5.156333e+01,4.721851e+01,3.133273e+00,6.200079e+01,3.650295e+01,5.143042e-02,2.219072e-01
2.950000e+02,7.758258e+01,1.824133e+01,-1.120127e-01,1.371349e-01,4.025125e-01,1.236883e-01,2.860115e-03,-2.000000e-02,-1.952759e-02,7.760000e+01,1.830000e+01,-1.096096e-01,1.741771e-02,5.867235e-02,2.403073e-03,5.158075e+01,4.727718e+01,3.135676e+00,6.200110e+01,3.650639e+01,5.143619e-02,2.226967e-01
2.960000e+02,7.759061e+01,1.820595e+01,-1.185021e-01,1.301349e-01,4.225125e-01,1.430008e-01,-7.000000e-03,2.000000e-02,1.931250e-02,7.760000e+01,1.830000e+01,-1.096096e-01,9.385500e-03,9.404681e-02,8.892515e-03,5.159013e+01,4.737123e+01,3.144569e+00,6.200119e+01,3.651523e+01,5.151527e-02,2.235187e-01
2.970000e+02,7.758463e+01,1.836948e+01,-1.132783e-01,1.358312e-01,4.025125e-01,1.278679e-01,5.696282e-03,-2.000000e-02,-1.513291e-02,7.760000e+01,1.830000e+01,-1.096096e-01,1.537358e-02,-6.948334e-02,3.668712e-03,5.160551e+01,4.744071e+01,3.148238e+00,6.200142e+01,3.652006e+01,5.152873e-02,2.241801e-01
2.980000e+02,7.759086e+01,1.832135e+01,-1.190761e-01,1.288312e-01,3.825125e-01,1.438720e-01,-7.000000e-03,-2.000000e-02,1.600408e-02,7.760000e+01,1.830000e+01,-1.096096e-01,9.144518e-03,-2.134633e-02,9.466445e-03,5.161465e+01,4.746205e+01,3.157704e+00,6.200151e+01,3.652052e+01,5.161834e-02,2.248853e-01
2.990000e+02,7.759319e+01,1.808303e+01,-1.282669e-01,1.256063e-01,4.025125e-01,1.636109e-01,-3.224895e-03,2.000000e-02,1.973888e-02,7.760000e+01,1.830000e+01,-1.096096e-01,6.812667e-03,2.169749e-01,1.865726e-02,5.162146e+01,4.767903e+01,3.176361e+00,6.200155e+01,3.656760e+01,5.196644e-02,2.256853e-01
3.000000e+02,7.758484e+01,1.806376e+01,-1.217852e-01,1.326063e-01,4.225125e-01,1.443786e-01,7.000000e-03,2.000000e-02,-1.923229e-02,7.760000e+01,1.830000e+01,-1.096096e-01,1.515948e-02,2.362440e-01,1.217562e-02,5.163662e+01,4.791527e+01,3.188537e+00,6.200178e+01,3.662341e+01,5.211468e-02,2.265042e-01
3.010000e+02,7.758088e+01,1.824134e+01,-1.124585e-01,1.391739e-01,4.025125e-01,1.245872e-01,6.567559e-03,-2.000000e-02,-1.979142e-02,7.760000e+01,1.830000e+01,-1.096096e-01,1.912146e-02,5.866027e-02,2.848915e-03,5.165574e+01,4.797393e+01,3.191386e+00,6.200215e+01,3.662685e+01,5.212280e-02,2.273390e-01
3.020000e+02,7.759061e+01,1.820592e+01,-1.179917e-01,1.321739e-01,4.225125e-01,1.415974e-01,-7.000000e-03,2.000000e-02,1.701022e-02,7.760000e+01,1.830000e+01,-1.096096e-01,9.386628e-03,9.408013e-02,8.382059e-03,5.166513e+01,4.806801e+01,3.199768e+00,6.200224e+01,3.663570e+01,5.219306e-02,2.280773e-01
3.030000e+02,7.758667e+01,1.836945e+01,-1.127432e-01,1.333776e-01,4.025125e-01,1.267878e-01,1.203781e-03,-2.000000e-02,-1.480958e-02,7.760000e+01,1.830000e+01,-1.096096e-01,1.332914e-02,-6.945332e-02,3.133591e-03,5.167846e+01,4.813747e+01,3.202902e+00,6.200241e+01,3.664052e+01,5.220288e-02,2.286981e-01
3.040000e+02,7.759085e+01,1.832137e+01,-1.196997e-01,1.275731e-01,3.825125e-01,1.455827e-01,-5.804507e-03,-2.000000e-02,1.879487e-02,7.760000e+01,1.830000e+01,-1.096096e-01,9.149131e-03,-2.137234e-02,1.009004e-02,5.168761e+01,4.815884e+01,3.212992e+00,6.200250e+01,3.664098e+01,5.230469e-02,2.294851e-01
3.050000e+02,7.759179e+01,1.808305e+01,-1.286141e-01,1.272775e-01,4.025125e-01,1.641946e-01,-2.955986e-04,2.000000e-02,1.861197e-02,7.760000e+01,1.830000e+01,-1.096096e-01,8.206131e-03,2.169516e-01,1.900444e-02,5.169582e+01,4.837579e+01,3.231996e+00,6.200256e+01,3.668805e+01,5.266586e-02,2.302316e-01
3.060000e+02,7.758487e+01,1.806374e+01,-1.213653e-01,1.342775e-01,4.225125e-01,1.432318e-01,7.000000e-03,2.000000e-02,-2.096287e-02,7.760000e+01,1.830000e+01,-1.096096e-01,1.513444e-02,2.362592e-01,1.175564e-02,5.171095e+01,4.861205e+01,3.243752e+00,6.200279e+01,3.674387e+01,5.280405e-02,2.311200e-01
3.070000e+02,7.758258e+01,1.824133e+01,-1.120205e-01,1.371375e-01,4.025125e-01,1.237038e-01,2.859972e-03,-2.000000e-02,-1.952791e-02,7.760000e+01,1.830000e+01,-1.096096e-01,1.742033e-02,5.867320e-02,2.410877e-03,5.172837e+01,4.867072e+01,3.246163e+00,6.200310e+01,3.674731e+01,5.280986e-02,2.319095e-01
3.080000e+02,7.759061e+01,1.820595e+01,-1.185098e-01,1.301375e-01,4.225125e-01,1.430161e-01,-7.000000e-03,2.000000e-02,1.931228e-02,7.760000e+01,1.830000e+01,-1.096096e-01,9.388105e-03,9.404765e-02,8.900202e-03,5.173776e+01,4.876477e+01,3.255063e+00,6.200318e+01,3.675615e+01,5.288908e-02,2.327315e-01
3.090000e+02,7.758462e+01,1.836948e+01,-1.132859e-01,1.358337e-01,4.025125e-01,1.278829e-01,5.696246e-03,-2.000000e-02,-1.513322e-02,7.760000e+01,1.830000e+01,-1.096096e-01,1.537614e-02,-6.948251e-02,3.676249e-03,5.175313e+01,4.883425e+01,3.258739e+00,6.200342e+01,3.676098e+01,5.290259e-02,2.333929e-01
3.100000e+02,7.759085e+01,1.832135e+01,-1.190835e-01,1.288337e-01,3.825125e-01,1.438867e-01,-7.000000e-03,-2.000000e-02,1.600380e-02,7.760000e+01,1.830000e+01,-1.096096e-01,9.147030e-03,-2.134552e-02,9.473842e-03,5.176228e+01,4.885560e+01,3.268213e+00,6.200350e+01,3.676144e+01,5.299234e-02,2.340981e-01
3.110000e+02,7.759318e+01,1.808302e+01,-1.282741e-01,1.256087e-01,4.025125e-01,1.636253e-01,-3.225053e-03,2.000000e-02,1.973858e-02,7.760000e+01,1.830000e+01,-1.096096e-01,6.815084e-03,2.169757e-01,1.866452e-02,5.176910e+01,4.907258e+01,3.286877e+00,6.200355e+01,3.680852e+01,5.334071e-02,2.348981e-01
3.120000e+02,7.758484e+01,1.806376e+01,-1.217924e-01,1.326087e-01,4.225125e-01,1.443928e-01,7.000000e-03,2.000000e-02,-1.923247e-02,7.760000e+01,1.830000e+01,-1.096096e-01,1.516190e-02,2.362448e-01,1.218277e-02,5.178426e+01,4.930882e+01,3.299060e+00,6.200378e+01,3.686433e+01,5.348913e-02,2.357170e-01
3.130000e+02,7.758088e+01,1.824134e+01,-1.124655e-01,1.391762e-01,4.025125e-01,1.246011e-01,6.567554e-03,-2.000000e-02,-1.979171e-02,7.760000e+01,1.830000e+01,-1.096096e-01,1.912386e-02,5.866104e-02,2.855926e-03,5.180338e+01,4.936748e+01,3.301916e+00,6.200415e+01,3.686777e+01,5.349728e-02,2.365518e-01
3.140000e+02,7.759061e+01,1.820592e+01,-1.179986e-01,1.321762e-01,4.225125e-01,1.416111e-01,-7.000000e-03,2.000000e-02,1.700995e-02,7.760000e+01,1.830000e+01,-1.096096e-01,9.388964e-03,9.408088e-02,8.388932e-03,5.181277e+01,4.946156e+01,3.310305e+00,6.200424e+01,3.687662e+01,5.356766e-02,2.372901e-01
3.150000e+02,7.758667e+01,1.836945e+01,-1.127500e-01,1.333798e-01,4.025125e-01,1.268012e-01,1.203599e-03,-2.000000e-02,-1.480985e-02,7.760000e+01,1.830000e+01,-1.096096e-01,1.333137e-02,-6.945258e-02,3.140329e-03,5.182610e+01,4.953101e+01,3.313445e+00,6.200441e+01,3.688144e+01,5.357752e-02,2.379109e-01
3.160000e+02,7.759085e+01,1.832137e+01,-1.197063e-01,1.275754e-01,3.825125e-01,1.455959e-01,-5.804461e-03,-2.000000e-02,1.879472e-02,7.760000e+01,1.830000e+01,-1.096096e-01,9.151383e-03,-2.137162e-02,1.009670e-02,5.183525e+01,4.955239e+01,3.323542e+00,6.200450e+01,3.688190e+01,5.367946e-02,2.386979e-01
3.170000e+02,7.759179e+01,1.808305e+01,-1.286206e-01,1.272797e-01,4.025125e-01,1.642076e-01,-2.956546e-04,2.000000e-02,1.861166e-02,7.760000e+01,1.830000e+01,-1.096096e-01,8.208340e-03,2.169523e-01,1.901095e-02,5.184346e+01,4.976934e+01,3.342553e+00,6.200456e+01,3.692897e+01,5.404088e-02,2.394443e-01
3.180000e+02,7.758486e+01,1.806374e+01,-1.213717e-01,1.342797e-01,4.225125e-01,1.432445e-01,7.000000e-03,2.000000e-02,-2.096309e-02,7.760000e+01,1.830000e+01,-1.096096e-01,1.513661e-02,2.362599e-01,1.176204e-02,5.185860e+01,5.000560e+01,3.354315e+00,6.200479e+01,3.698479e+01,5.417923e-02,2.403328e-01
3.190000e+02,7.758258e+01,1.824133e+01,-1.120268e-01,1.371396e-01,4.025125e-01,1.237163e-01,2.859856e-03,-2.000000e-02,-1.952817e-02,7.760000e+01,1.830000e+01,-1.096096e-01,1.742243e-02,5.867389e-02,2.417149e-03,5.187602e+01,5.006427e+01,3.356732e+00,6.200510e+01,3.698823e+01,5.418507e-02,2.411223e-01
3.200000e+02,7.759061e+01,1.820595e+01,-1.185160e-01,1.301396e-01,4.225125e-01,1.430285e-01,-7.000000e-03,2.000000e-02,1.931211e-02,7.760000e+01,1.830000e+01,-1.096096e-01,9.390199e-03,9.404832e-02,8.906379e-03,5.188541e+01,5.015832e+01,3.365639e+00,6.200518e+01,3.699707e+01,5.426439e-02,2.419443e-01
3.210000e+02,7.758462e+01,1.836948e+01,-1.132919e-01,1.358358e-01,4.025125e-01,1.278950e-01,5.696216e-03,-2.000000e-02,-1.513347e-02,7.760000e+01,1.830000e+01,-1.096096e-01,1.537820e-02,-6.948185e-02,3.682306e-03,5.190079e+01,5.022780e+01,3.369321e+00,6.200542e+01,3.700190e+01,5.427795e-02,2.426057e-01
3.220000e+02,7.759085e+01,1.832134e+01,-1.190894e-01,1.288358e-01,3.825125e-01,1.438986e-01,-7.000000e-03,-2.000000e-02,1.600358e-02,7.760000e+01,1.830000e+01,-1.096096e-01,9.149049e-03,-2.134487e-02,9.479787e-03,5.190994e+01,5.024915e+01,3.378801e+00,6.200550e+01,3.700236e+01,5.436782e-02,2.433109e-01
3.230000e+02,7.759318e+01,1.808302e+01,-1.282800e-01,1.256106e-01,4.025125e-01,1.636369e-01,-3.225181e-03,2.000000e-02,1.973835e-02,7.760000e+01,1.830000e+01,-1.096096e-01,6.817027e-03,2.169763e-01,1.867034e-02,5.191676e+01,5.046612e+01,3.397471e+00,6.200555e+01,3.704944e+01,5.471640e-02,2.441109e-01
3.240000e+02,7.758484e+01,1.806375e+01,-1.217981e-01,1.326106e-01,4.225125e-01,1.444043e-01,7.000000e-03,2.000000e-02,-1.923262e-02,7.760000e+01,1.830000e+01,-1.096096e-01,1.516385e-02,2.362454e-01,1.218851e-02,5.193192e+01,5.070237e+01,3.409659e+00,6.200578e+01,3.710525e+01,5.486496e-02,2.449298e-01
3.250000e+02,7.758087e+01,1.824134e+01,-1.124712e-01,1.391782e-01,4.025125e-01,1.246123e-01,6.567549e-03,-2.000000e-02,-1.979195e-02,7.760000e+01,1.830000e+01,-1.096096e-01,1.912578e-02,5.866165e-02,2.861560e-03,5.195105e+01,5.076103e+01,3.412521e+00,6.200615e+01,3.710869e+01,5.487315e-02,2.457646e-01
3.260000e+02,7.759061e+01,1.820592e+01,-1.180041e-01,1.321782e-01,4.225125e-01,1.416221e-01,-7.000000e-03,2.000000e-02,1.700973e-02,7.760000e+01,1.830000e+01,-1.096096e-01,9.390841e-03,9.408149e-02,8.394456e-03,5.196044e+01,5.085511e+01,3.420915e+00,6.200624e+01,3.711754e+01,5.494361e-02,2.465029e-01
3.270000e+02,7.758667e+01,1.836945e+01,-1.127554e-01,1.333816e-01,4.025125e-01,1.268120e-01,1.203452e-03,-2.000000e-02,-1.481007e-02,7.760000e+01,1.830000e+01,-1.096096e-01,1.333316e-02,-6.945198e-02,3.145744e-03,5.197377e+01,5.092456e+01,3.424061e+00,6.200641e+01,3.712236e+01,5.495351e-02,2.471237e-01
3.280000e+02,7.759085e+01,1.832137e+01,-1.197117e-01,1.275772e-01,3.825125e-01,1.456066e-01,-5.804425e-03,-2.000000e-02,1.879460e-02,7.760000e+01,1.830000e+01,-1.096096e-01,9.153193e-03,-2.137103e-02,1.010204e-02,5.198292e+01,5.094594e+01,3.434163e+00,6.200650e+01,3.712282e+01,5.505556e-02,2.479107e-01
3.290000e+02,7.759179e+01,1.808305e+01,-1.286258e-01,1.272815e-01,4.025125e-01,1.642180e-01,-2.956995e-04,2.000000e-02,1.861142e-02,7.760000e+01,1.830000e+01,-1.096096e-01,8.210115e-03,2.169529e-01,1.901618e-02,5.199113e+01,5.116289e+01,3.453179e+00,6.200656e+01,3.716989e+01,5.541718e-02,2.486571e-01
3.300000e+02,7.758486e+01,1.806374e+01,-1.213768e-01,1.342815e-01,4.225125e-01,1.432548e-01,7.000000e-03,2.000000e-02,-2.096326e-02,7.760000e+01,1.830000e+01,-1.096096e-01,1.513836e-02,2.362605e-01,1.176718e-02,5.200627e+01,5.139915e+01,3.464947e+00,6.200679e+01,3.722571e+01,5.555564e-02,2.495456e-01
3.310000e+02,7.758258e+01,1.824133e+01,-1.120318e-01,1.371413e-01,4.025125e-01,1.237264e-01,2.859764e-03,-2.000000e-02,-1.952837e-02,7.760000e+01,1.830000e+01,-1.096096e-01,1.742411e-02,5.867444e-02,2.422189e-03,5.202370e+01,5.145782e+01,3.467369e+00,6.200710e+01,3.722915e+01,5.556151e-02,2.503351e-01
3.320000e+02,7.759061e+01,1.820595e+01,-1.185210e-01,1.301413e-01,4.225125e-01,1.430383e-01,-7.000000e-03,2.000000e-02,1.931197e-02,7.760000e+01,1.830000e+01,-1.096096e-01,9.391882e-03,9.404886e-02,8.911343e-03,5.203309e+01,5.155187e+01,3.476280e+00,6.200719e+01,3.723800e+01,5.564092e-02,2.511571e-01
3.330000e+02,7.758462e+01,1.836948e+01,-1.132968e-01,1.358375e-01,4.025125e-01,1.279047e-01,5.696192e-03,-2.000000e-02,-1.513367e-02,7.760000e+01,1.830000e+01,-1.096096e-01,1.537986e-02,-6.948131e-02,3.687173e-03,5.204847e+01,5.162135e+01,3.479967e+00,6.200742e+01,3.724282e+01,5.565452e-02,2.518185e-01
3.340000e+02,7.759085e+01,1.832134e+01,-1.190942e-01,1.288375e-01,3.825125e-01,1.439081e-01,-7.000000e-03,-2.000000e-02,1.600341e-02,7.760000e+01,1.830000e+01,-1.096096e-01,9.150671e-03,-2.134434e-02,9.484564e-03,5.205762e+01,5.164270e+01,3.489452e+00,6.200751e+01,3.724328e+01,5.574447e-02,2.525237e-01
3.350000e+02,7.759318e+01,1.808302e+01,-1.282846e-01,1.256122e-01,4.025125e-01,1.636462e-01,-3.225283e-03,2.000000e-02,1.973816e-02,7.760000e+01,1.830000e+01,-1.096096e-01,6.818589e-03,2.169768e-01,1.867503e-02,5.206444e+01,5.185967e+01,3.508127e+00,6.200755e+01,3.729036e+01,5.609323e-02,2.533237e-01
3.360000e+02,7.758483e+01,1.806375e+01,-1.218027e-01,1.326122e-01,4.225125e-01,1.444135e-01,7.000000e-03,2.000000e-02,-1.923274e-02,7.760000e+01,1.830000e+01,-1.096096e-01,1.516541e-02,2.362459e-01,1.219313e-02,5.207960e+01,5.209592e+01,3.520320e+00,6.200778e+01,3.734617e+01,5.624190e-02,2.541426e-01
3.370000e+02,7.758087e+01,1.824134e+01,-1.124757e-01,1.391797e-01,4.025125e-01,1.246214e-01,6.567546e-03,-2.000000e-02,-1.979214e-02,7.760000e+01,1.830000e+01,-1.096096e-01,1.912733e-02,5.866214e-02,2.866088e-03,5.209873e+01,5.215458e+01,3.523186e+00,6.200815e+01,3.734961e+01,5.625012e-02,2.549774e-01
3.380000e+02,7.759061e+01,1.820592e+01,-1.180085e-01,1.321797e-01,4.225125e-01,1.416309e-01,-7.000000e-03,2.000000e-02,1.700955e-02,7.760000e+01,1.830000e+01,-1.096096e-01,9.392349e-03,9.408197e-02,8.398895e-03,5.210812e+01,5.224866e+01,3.531585e+00,6.200824e+01,3.735846e+01,5.632066e-02,2.557157e-01
3.390000e+02,7.758667e+01,1.836945e+01,-1.127597e-01,1.333831e-01,4.025125e-01,1.268207e-01,1.203334e-03,-2.000000e-02,-1.481024e-02,7.760000e+01,1.830000e+01,-1.096096e-01,1.333460e-02,-6.945150e-02,3.150096e-03,5.212146e+01,5.231812e+01,3.534735e+00,6.200841e+01,3.736329e+01,5.633058e-02,2.563365e-01
3.400000e+02,7.759085e+01,1.832137e+01,-1.197160e-01,1.275787e-01,3.825125e-01,1.456152e-01,-5.804396e-03,-2.000000e-02,1.879450e-02,7.760000e+01,1.830000e+01,-1.096096e-01,9.154647e-03,-2.137056e-02,1.010634e-02,5.213061e+01,5.233949e+01,3.544841e+00,6.200850e+01,3.736374e+01,5.643272e-02,2.571235e-01
3.410000e+02,7.759179e+01,1.808305e+01,-1.286300e-01,1.272829e-01,4.025125e-01,1.642264e-01,-2.957357e-04,2.000000e-02,1.861122e-02,7.760000e+01,1.830000e+01,-1.096096e-01,8.211542e-03,2.169533e-01,1.902039e-02,5.213882e+01,5.255644e+01,3.563862e+00,6.200857e+01,3.741081e+01,5.679450e-02,2.578699e-01
3.420000e+02,7.758486e+01,1.806374e+01,-1.213809e-01,1.342829e-01,4.225125e-01,1.432630e-01,7.000000e-03,2.000000e-02,-2.096340e-02,7.760000e+01,1.830000e+01,-1.096096e-01,1.513976e-02,2.362609e-01,1.177131e-02,5.215396e+01,5.279270e+01,3.575633e+00,6.200879e+01,3.746663e+01,5.693306e-02,2.587584e-01
3.430000e+02,7.758257e+01,1.824133e+01,-1.120359e-01,1.371426e-01,4.025125e-01,1.237345e-01,2.859689e-03,-2.000000e-02,-1.952854e-02,7.760000e+01,1.830000e+01,-1.096096e-01,1.742547e-02,5.867488e-02,2.426239e-03,5.217139e+01,5.285138e+01,3.578059e+00,6.200910e+01,3.747007e+01,5.693895e-02,2.595479e-01
3.440000e+02,7.759061e+01,1.820595e+01,-1.185250e-01,1.301426e-01,4.225125e-01,1.430463e-01,-7.000000e-03,2.000000e-02,1.931185e-02,7.760000e+01,1.830000e+01,-1.096096e-01,9.393234e-03,9.404929e-02,8.915333e-03,5.218078e+01,5.294542e+01,3.586975e+00,6.200919e+01,3.747892e+01,5.701843e-02,2.603699e-01
3.450000e+02,7.758462e+01,1.836948e+01,-1.133007e-01,1.358388e-01,4.025125e-01,1.279125e-01,5.696173e-03,-2.000000e-02,-1.513383e-02,7.760000e+01,1.830000e+01,-1.096096e-01,1.538119e-02,-6.948088e-02,3.691084e-03,5.219616e+01,5.301491e+01,3.590666e+00,6.200942e+01,3.748375e+01,5.703205e-02,2.610314e-01
3.460000e+02,7.759085e+01,1.832134e+01,-1.190980e-01,1.288388e-01,3.825125e-01,1.439157e-01,-7.000000e-03,-2.000000e-02,1.600326e-02,7.760000e+01,1.830000e+01,-1.096096e-01,9.151975e-03,-2.134392e-02,9.488403e-03,5.220531e+01,5.303625e+01,3.600154e+00,6.200951e+01,3.748420e+01,5.712208e-02,2.617365e-01
3.470000e+02,7.759318e+01,1.808302e+01,-1.282884e-01,1.256134e-01,4.025125e-01,1.636537e-01,-3.225365e-03,2.000000e-02,1.973800e-02,7.760000e+01,1.830000e+01,-1.096096e-01,6.819844e-03,2.169773e-01,1.867879e-02,5.221213e+01,5.325323e+01,3.618833e+00,6.200955e+01,3.753128e+01,5.747098e-02,2.625364e-01
3.480000e+02,7.758483e+01,1.806375e+01,-1.218065e-01,1.326134e-01,4.225125e-01,1.444209e-01,7.000000e-03,2.000000e-02,-1.923284e-02,7.760000e+01,1.830000e+01,-1.096096e-01,1.516667e-02,2.362463e-01,1.219684e-02,5.222730e+01,5.348947e+01,3.631030e+00,6.200978e+01,3.758709e+01,5.761974e-02,2.633554e-01
3.490000e+02,7.758087e+01,1.824134e+01,-1.124793e-01,1.391810e-01,4.025125e-01,1.246286e-01,6.567543e-03,-2.000000e-02,-1.979229e-02,7.760000e+01,1.830000e+01,-1.096096e-01,1.912858e-02,5.866254e-02,2.869727e-03,5.224643e+01,5.354814e+01,3.633900e+00,6.201015e+01,3.759054e+01,5.762798e-02,2.641902e-01
3.500000e+02,7.759061e+01,1.820592e+01,-1.180121e-01,1.321810e-01,4.225125e-01,1.416380e-01,-7.000000e-03,2.000000e-02,1.700941e-02,7.760000e+01,1.830000e+01,-1.096096e-01,9.393561e-03,9.408236e-02,8.402462e-03,5.225582e+01,5.364222e+01,3.642302e+00,6.201024e+01,3.759939e+01,5.769858e-02,2.649285e-01
3.510000e+02,7.758666e+01,1.836945e+01,-1.127632e-01,1.333842e-01,4.025125e-01,1.268276e-01,1.203239e-03,-2.000000e-02,-1.481038e-02,7.760000e+01,1.830000e+01,-1.096096e-01,1.333576e-02,-6.945112e-02,3.153593e-03,5.226916e+01,5.371167e+01,3.645456e+00,6.201042e+01,3.760421e+01,5.770852e-02,2.655493e-01
3.520000e+02,7.759084e+01,1.832137e+01,-1.197194e-01,1.275798e-01,3.825125e-01,1.456221e-01,-5.804372e-03,-2.000000e-02,1.879442e-02,7.760000e+01,1.830000e+01,-1.096096e-01,9.155816e-03,-2.137019e-02,1.010979e-02,5.227831e+01,5.373304e+01,3.655565e+00,6.201050e+01,3.760467e+01,5.781073e-02,2.663363e-01
3.530000e+02,7.759179e+01,1.808305e+01,-1.286334e-01,1.272841e-01,4.025125e-01,1.642331e-01,-2.957647e-04,2.000000e-02,1.861106e-02,7.760000e+01,1.830000e+01,-1.096096e-01,8.212688e-03,2.169537e-01,1.902377e-02,5.228653e+01,5.394999e+01,3.674589e+00,6.201057e+01,3.765174e+01,5.817264e-02,2.670827e-01
3.540000e+02,7.758486e+01,1.806374e+01,-1.213843e-01,1.342841e-01,4.225125e-01,1.432696e-01,7.000000e-03,2.000000e-02,-2.096352e-02,7.760000e+01,1.830000e+01,-1.096096e-01,1.514088e-02,2.362613e-01,1.177463e-02,5.230167e+01,5.418625e+01,3.686364e+00,6.201080e+01,3.770756e+01,5.831128e-02,2.679712e-01
3.550000e+02,7.758257e+01,1.824132e+01,-1.120391e-01,1.371437e-01,4.025125e-01,1.237409e-01,2.859629e-03,-2.000000e-02,-1.952867e-02,7.760000e+01,1.830000e+01,-1.096096e-01,1.742656e-02,5.867524e-02,2.429494e-03,5.231909e+01,5.424493e+01,3.688793e+00,6.201110e+01,3.771100e+01,5.831718e-02,2.687607e-01
3.560000e+02,7.759061e+01,1.820595e+01,-1.185282e-01,1.301437e-01,4.225125e-01,1.430527e-01,-7.000000e-03,2.000000e-02,1.931176e-02,7.760000e+01,1.830000e+01,-1.096096e-01,9.394320e-03,9.404964e-02,8.918538e-03,5.232849e+01,5.433898e+01,3.697712e+00,6.201119e+01,3.771984e+01,5.839672e-02,2.695827e-01
3.570000e+02,7.758462e+01,1.836948e+01,-1.133038e-01,1.358398e-01,4.025125e-01,1.279187e-01,5.696158e-03,-2.000000e-02,-1.513396e-02,7.760000e+01,1.830000e+01,-1.096096e-01,1.538226e-02,-6.948054e-02,3.694228e-03,5.234387e+01,5.440846e+01,3.701406e+00,6.201142e+01,3.772467e+01,5.841037e-02,2.702442e-01
3.580000e+02,7.759085e+01,1.832134e+01,-1.191011e-01,1.288398e-01,3.825125e-01,1.439219e-01,-7.000000e-03,-2.000000e-02,1.600315e-02,7.760000e+01,1.830000e+01,-1.096096e-01,9.153023e-03,-2.134358e-02,9.491488e-03,5.235302e+01,5.442980e+01,3.710898e+00,6.201151e+01,3.772513e+01,5.850046e-02,2.709493e-01
3.590000e+02,7.759318e+01,1.808302e+01,-1.282914e-01,1.256144e-01,4.025125e-01,1.636598e-01,-3.225432e-03,2.000000e-02,1.973788e-02,7.760000e+01,1.830000e+01,-1.096096e-01,6.820852e-03,2.169776e-01,1.868182e-02,5.235984e+01,5.464678e+01,3.729579e+00,6.201155e+01,3.777221e+01,5.884947e-02,2.717492e-01
3.600000e+02,7.758483e+01,1.806375e+01,-1.218094e-01,1.326144e-01,4.225125e-01,1.444268e-01,7.000000e-03,2.000000e-02,-1.923292e-02,7.760000e+01,1.830000e+01,-1.096096e-01,1.516768e-02,2.362467e-01,1.219982e-02,5.237501e+01,5.488303e+01,3.741779e+00,6.201178e+01,3.782802e+01,5.899830e-02,2.725681e-01
3.610000e+02,7.758087e+01,1.824134e+01,-1.124823e-01,1.391820e-01,4.025125e-01,1.246344e-01,6.567541e-03,-2.000000e-02,-1.979241e-02,7.760000e+01,1.830000e+01,-1.096096e-01,1.912958e-02,5.866286e-02,2.872650e-03,5.239414e+01,5.494169e+01,3.744652e+00,6.201215e+01,3.783146e+01,5.900655e-02,2.734030e-01
3.620000e+02,7.759061e+01,1.820592e+01,-1.180150e-01,1.321820e-01,4.225125e-01,1.416437e-01,-7.000000e-03,2.000000e-02,1.700930e-02,7.760000e+01,1.830000e+01,-1.096096e-01,9.394535e-03,9.408267e-02,8.405329e-03,5.240354e+01,5.503577e+01,3.753057e+00,6.201224e+01,3.784031e+01,5.907720e-02,2.741413e-01
3.630000e+02,7.758666e+01,1.836945e+01,-1.127660e-01,1.333851e-01,4.025125e-01,1.268332e-01,1.203163e-03,-2.000000e-02,-1.481049e-02,7.760000e+01,1.830000e+01,-1.096096e-01,1.333669e-02,-6.945081e-02,3.156403e-03,5.241687e+01,5.510522e+01,3.756214e+00,6.201242e+01,3.784513e+01,5.908717e-02,2.747621e-01
3.640000e+02,7.759084e+01,1.832137e+01,-1.197222e-01,1.275808e-01,3.825125e-01,1.456276e-01,-5.804354e-03,-2.000000e-02,1.879435e-02,7.760000e+01,1.830000e+01,-1.096096e-01,9.156755e-03,-2.136988e-02,1.011256e-02,5.242603e+01,5.512659e+01,3.766326e+00,6.201250e+01,3.784559e+01,5.918943e-02,2.755491e-01
3.650000e+02,7.759179e+01,1.808305e+01,-1.286361e-01,1.272850e-01,4.025125e-01,1.642385e-01,-2.957881e-04,2.000000e-02,1.861094e-02,7.760000e+01,1.830000e+01,-1.096096e-01,8.213609e-03,2.169540e-01,1.902648e-02,5.243424e+01,5.534355e+01,3.785353e+00,6.201257e+01,3.789266e+01,5.955144e-02,2.762955e-01
3.660000e+02,7.758486e+01,1.806374e+01,-1.213869e-01,1.342850e-01,4.225125e-01,1.432749e-01,7.000000e-03,2.000000e-02,-2.096361e-02,7.760000e+01,1.830000e+01,-1.096096e-01,1.514179e-02,2.362616e-01,1.177730e-02,5.244939e+01,5.557981e+01,3.797130e+00,6.201280e+01,3.794848e+01,5.969014e-02,2.771840e-01
3.670000e+02,7.758257e+01,1.824132e+01,-1.120417e-01,1.371446e-01,4.025125e-01,1.237461e-01,2.859581e-03,-2.000000e-02,-1.952878e-02,7.760000e+01,1.830000e+01,-1.096096e-01,1.742743e-02,5.867553e-02,2.432110e-03,5.246681e+01,5.563848e+01,3.799562e+00,6.201310e+01,3.795192e+01,5.969606e-02,2.779735e-01
3.680000e+02,7.759060e+01,1.820595e+01,-1.185307e-01,1.301446e-01,4.225125e-01,1.430578e-01,-7.000000e-03,2.000000e-02,1.931169e-02,7.760000e+01,1.830000e+01,-1.096096e-01,9.395194e-03,9.404992e-02,8.921114e-03,5.247621e+01,5.573253e+01,3.808483e+00,6.201319e+01,3.796077e+01,5.977564e-02,2.787955e-01
3.690000e+02,7.758462e+01,1.836948e+01,-1.133064e-01,1.358407e-01,4.025125e-01,1.279238e-01,5.696145e-03,-2.000000e-02,-1.513407e-02,7.760000e+01,1.830000e+01,-1.096096e-01,1.538312e-02,-6.948026e-02,3.696754e-03,5.249159e+01,5.580202e+01,3.812180e+00,6.201343e+01,3.796560e+01,5.978931e-02,2.794570e-01
3.700000e+02,7.759085e+01,1.832134e+01,-1.191036e-01,1.288407e-01,3.825125e-01,1.439268e-01,-7.000000e-03,-2.000000e-02,1.600306e-02,7.760000e+01,1.830000e+01,-1.096096e-01,9.153865e-03,-2.134331e-02,9.493967e-03,5.250075e+01,5.582336e+01,3.821674e+00,6.201351e+01,3.796605e+01,5.987945e-02,2.801621e-01
3.710000e+02,7.759318e+01,1.808302e+01,-1.282939e-01,1.256152e-01,4.025125e-01,1.636646e-01,-3.225485e-03,2.000000e-02,1.973778e-02,7.760000e+01,1.830000e+01,-1.096096e-01,6.821662e-03,2.169778e-01,1.868425e-02,5.250757e+01,5.604034e+01,3.840358e+00,6.201356e+01,3.801313e+01,6.022855e-02,2.809620e-01
3.720000e+02,7.758483e+01,1.806375e+01,-1.218118e-01,1.326152e-01,4.225125e-01,1.444316e-01,7.000000e-03,2.000000e-02,-1.923298e-02,7.760000e+01,1.830000e+01,-1.096096e-01,1.516849e-02,2.362469e-01,1.220222e-02,5.252274e+01,5.627658e+01,3.852560e+00,6.201379e+01,3.806894e+01,6.037744e-02,2.817809e-01
3.730000e+02,7.758087e+01,1.824134e+01,-1.124846e-01,1.391828e-01,4.025125e-01,1.246391e-01,6.567539e-03,-2.000000e-02,-1.979251e-02,7.760000e+01,1.830000e+01,-1.096096e-01,1.913038e-02,5.866312e-02,2.875000e-03,5.254187e+01,5.633525e+01,3.855435e+00,6.201415e+01,3.807238e+01,6.038571e-02,2.826158e-01
3.740000e+02,7.759060e+01,1.820592e+01,-1.180173e-01,1.321828e-01,4.225125e-01,1.416483e-01,-7.000000e-03,2.000000e-02,1.700920e-02,7.760000e+01,1.830000e+01,-1.096096e-01,9.395318e-03,9.408292e-02,8.407632e-03,5.255126e+01,5.642933e+01,3.863843e+00,6.201424e+01,3.808124e+01,6.045639e-02,2.833541e-01
3.750000e+02,7.758666e+01,1.836945e+01,-1.127683e-01,1.333859e-01,4.025125e-01,1.268377e-01,1.203102e-03,-2.000000e-02,-1.481058e-02,7.760000e+01,1.830000e+01,-1.096096e-01,1.333744e-02,-6.945056e-02,3.158662e-03,5.256460e+01,5.649878e+01,3.867002e+00,6.201442e+01,3.808606e+01,6.046637e-02,2.839749e-01
3.760000e+02,7.759084e+01,1.832137e+01,-1.197244e-01,1.275815e-01,3.825125e-01,1.456320e-01,-5.804338e-03,-2.000000e-02,1.879430e-02,7.760000e+01,1.830000e+01,-1.096096e-01,9.157510e-03,-2.136964e-02,1.011479e-02,5.257376e+01,5.652015e+01,3.877116e+00,6.201450e+01,3.808652e+01,6.056868e-02,2.847619e-01
3.770000e+02,7.759179e+01,1.808305e+01,-1.286383e-01,1.272857e-01,4.025125e-01,1.642429e-01,-2.958068e-04,2.000000e-02,1.861083e-02,7.760000e+01,1.830000e+01,-1.096096e-01,8.214350e-03,2.169542e-01,1.902866e-02,5.258197e+01,5.673710e+01,3.896145e+00,6.201457e+01,3.813359e+01,6.093077e-02,2.855083e-01
3.780000e+02,7.758486e+01,1.806374e+01,-1.213891e-01,1.342857e-01,4.225125e-01,1.432792e-01,7.000000e-03,2.000000e-02,-2.096368e-02,7.760000e+01,1.830000e+01,-1.096096e-01,1.514252e-02,2.362618e-01,1.177944e-02,5.259711e+01,5.697337e+01,3.907925e+00,6.201480e+01,3.818941e+01,6.106953e-02,2.863968e-01
3.790000e+02,7.758257e+01,1.824132e+01,-1.120438e-01,1.371453e-01,4.025125e-01,1.237503e-01,2.859543e-03,-2.000000e-02,-1.952886e-02,7.760000e+01,1.830000e+01,-1.096096e-01,1.742814e-02,5.867576e-02,2.434212e-03,5.261454e+01,5.703204e+01,3.910359e+00,6.201510e+01,3.819285e+01,6.107545e-02,2.871863e-01
3.800000e+02,7.759060e+01,1.820595e+01,-1.185328e-01,1.301453e-01,4.225125e-01,1.430620e-01,-7.000000e-03,2.000000e-02,1.931163e-02,7.760000e+01,1.830000e+01,-1.096096e-01,9.395895e-03,9.405015e-02,8.923185e-03,5.262394e+01,5.712609e+01,3.919282e+00,6.201519e+01,3.820169e+01,6.115507e-02,2.880083e-01
3.810000e+02,7.758462e+01,1.836948e+01,-1.133084e-01,1.358414e-01,4.025125e-01,1.279278e-01,5.696135e-03,-2.000000e-02,-1.513415e-02,7.760000e+01,1.830000e+01,-1.096096e-01,1.538381e-02,-6.948004e-02,3.698784e-03,5.263932e+01,5.719557e+01,3.922981e+00,6.201543e+01,3.820652e+01,6.116876e-02,2.886698e-01
3.820000e+02,7.759085e+01,1.832134e+01,-1.191056e-01,1.288414e-01,3.825125e-01,1.439308e-01,-7.000000e-03,-2.000000e-02,1.600298e-02,7.760000e+01,1.830000e+01,-1.096096e-01,9.154541e-03,-2.134310e-02,9.495960e-03,5.264848e+01,5.721691e+01,3.932477e+00,6.201551e+01,3.820698e+01,6.125893e-02,2.893749e-01
3.830000e+02,7.759318e+01,1.808302e+01,-1.282958e-01,1.256159e-01,4.025125e-01,1.636685e-01,-3.225528e-03,2.000000e-02,1.973770e-02,7.760000e+01,1.830000e+01,-1.096096e-01,6.822314e-03,2.169781e-01,1.868620e-02,5.265530e+01,5.743389e+01,3.951163e+00,6.201556e+01,3.825406e+01,6.160810e-02,2.901748e-01
3.840000e+02,7.758483e+01,1.806375e+01,-1.218138e-01,1.326159e-01,4.225125e-01,1.444355e-01,7.000000e-03,2.000000e-02,-1.923303e-02,7.760000e+01,1.830000e+01,-1.096096e-01,1.516914e-02,2.362471e-01,1.220414e-02,5.267047e+01,5.767014e+01,3.963367e+00,6.201579e+01,3.830987e+01,6.175704e-02,2.909937e-01
3.850000e+02,7.758087e+01,1.824134e+01,-1.124865e-01,1.391834e-01,4.025125e-01,1.246429e-01,6.567538e-03,-2.000000e-02,-1.979259e-02,7.760000e+01,1.830000e+01,-1.096096e-01,1.913103e-02,5.866332e-02,2.876888e-03,5.268960e+01,5.772880e+01,3.966244e+00,6.201615e+01,3.831331e+01,6.176532e-02,2.918286e-01
3.860000e+02,7.759060e+01,1.820592e+01,-1.180191e-01,1.321834e-01,4.225125e-01,1.416520e-01,-7.000000e-03,2.000000e-02,1.700913e-02,7.760000e+01,1.830000e+01,-1.096096e-01,9.395947e-03,9.408313e-02,8.409484e-03,5.269899e+01,5.782289e+01,3.974653e+00,6.201624e+01,3.832216e+01,6.183604e-02,2.925669e-01
3.870000e+02,7.758666e+01,1.836945e+01,-1.127701e-01,1.333865e-01,4.025125e-01,1.268414e-01,1.203053e-03,-2.000000e-02,-1.481066e-02,7.760000e+01,1.830000e+01,-1.096096e-01,1.333804e-02,-6.945036e-02,3.160477e-03,5.271233e+01,5.789234e+01,3.977814e+00,6.201642e+01,3.832698e+01,6.184603e-02,2.931877e-01
3.880000e+02,7.759084e+01,1.832137e+01,-1.197262e-01,1.275821e-01,3.825125e-01,1.456356e-01,-5.804326e-03,-2.000000e-02,1.879426e-02,7.760000e+01,1.830000e+01,-1.096096e-01,9.158117e-03,-2.136944e-02,1.011658e-02,5.272149e+01,5.791371e+01,3.987930e+00,6.201650e+01,3.832744e+01,6.194837e-02,2.939747e-01
3.890000e+02,7.759179e+01,1.808305e+01,-1.286400e-01,1.272863e-01,4.025125e-01,1.642464e-01,-2.958219e-04,2.000000e-02,1.861075e-02,7.760000e+01,1.830000e+01,-1.096096e-01,8.214945e-03,2.169544e-01,1.903042e-02,5.272970e+01,5.813066e+01,4.006961e+00,6.201657e+01,3.837451e+01,6.231053e-02,2.947211e-01
3.900000e+02,7.758486e+01,1.806374e+01,-1.213908e-01,1.342863e-01,4.225125e-01,1.432826e-01,7.000000e-03,2.000000e-02,-2.096374e-02,7.760000e+01,1.830000e+01,-1.096096e-01,1.514310e-02,2.362620e-01,1.178116e-02,5.274485e+01,5.836692e+01,4.018742e+00,6.201680e+01,3.843033e+01,6.244933e-02,2.956096e-01
3.910000e+02,7.758257e+01,1.824132e+01,-1.120455e-01,1.371458e-01,4.025125e-01,1.237537e-01,2.859511e-03,-2.000000e-02,-1.952893e-02,7.760000e+01,1.830000e+01,-1.096096e-01,1.742870e-02,5.867594e-02,2.435901e-03,5.276228e+01,5.842560e+01,4.021178e+00,6.201710e+01,3.843377e+01,6.245526e-02,2.963991e-01
3.920000e+02,7.759060e+01,1.820595e+01,-1.185345e-01,1.301458e-01,4.225125e-01,1.430653e-01,-7.000000e-03,2.000000e-02,1.931158e-02,7.760000e+01,1.830000e+01,-1.096096e-01,9.396459e-03,9.405033e-02,8.924848e-03,5.277167e+01,5.851965e+01,4.030103e+00,6.201719e+01,3.844262e+01,6.253491e-02,2.972211e-01
3.930000e+02,7.758462e+01,1.836948e+01,-1.133100e-01,1.358419e-01,4.025125e-01,1.279311e-01,5.696127e-03,-2.000000e-02,-1.513422e-02,7.760000e+01,1.830000e+01,-1.096096e-01,1.538437e-02,-6.947986e-02,3.700415e-03,5.278706e+01,5.858913e+01,4.033803e+00,6.201743e+01,3.844745e+01,6.254861e-02,2.978826e-01
3.940000e+02,7.759084e+01,1.832134e+01,-1.191072e-01,1.288419e-01,3.825125e-01,1.439340e-01,-7.000000e-03,-2.000000e-02,1.600292e-02,7.760000e+01,1.830000e+01,-1.096096e-01,9.155085e-03,-2.134292e-02,9.497561e-03,5.279621e+01,5.861047e+01,4.043301e+00,6.201751e+01,3.844790e+01,6.263881e-02,2.985877e-01
3.950000e+02,7.759318e+01,1.808302e+01,-1.282974e-01,1.256164e-01,4.025125e-01,1.636716e-01,-3.225562e-03,2.000000e-02,1.973764e-02,7.760000e+01,1.830000e+01,-1.096096e-01,6.822837e-03,2.169782e-01,1.868777e-02,5.280304e+01,5.882745e+01,4.061989e+00,6.201756e+01,3.849498e+01,6.298804e-02,2.993876e-01
3.960000e+02,7.758483e+01,1.806375e+01,-1.218153e-01,1.326164e-01,4.225125e-01,1.444386e-01,7.000000e-03,2.000000e-02,-1.923307e-02,7.760000e+01,1.830000e+01,-1.096096e-01,1.516967e-02,2.362473e-01,1.220569e-02,5.281821e+01,5.906370e+01,4.074194e+00,6.201779e+01,3.855079e+01,6.313702e-02,3.002065e-01
3.970000e+02,7.758087e+01,1.824134e+01,-1.124880e-01,1.391839e-01,4.025125e-01,1.246459e-01,6.567537e-03,-2.000000e-02,-1.979265e-02,7.760000e+01,1.830000e+01,-1.096096e-01,1.913155e-02,5.866349e-02,2.878406e-03,5.283734e+01,5.912236e+01,4.077073e+00,6.201816e+01,3.855424e+01,6.314531e-02,3.010414e-01
3.980000e+02,7.759060e+01,1.820592e+01,-1.180206e-01,1.321839e-01,4.225125e-01,1.416550e-01,-7.000000e-03,2.000000e-02,1.700907e-02,7.760000e+01,1.830000e+01,-1.096096e-01,9.396453e-03,9.408329e-02,8.410971e-03,5.284673e+01,5.921644e+01,4.085484e+00,6.201824e+01,3.856309e+01,6.321605e-02,3.017797e-01
3.990000e+02,7.758666e+01,1.836945e+01,-1.127716e-01,1.333869e-01,4.025125e-01,1.268443e-01,1.203013e-03,-2.000000e-02,-1.481071e-02,7.760000e+01,1.830000e+01,-1.096096e-01,1.333852e-02,-6.945020e-02,3.161935e-03,5.286007e+01,5.928589e+01,4.088646e+00,6.201842e+01,3.856791e+01,6.322605e-02,3.024005e-01
4.000000e+02,7.759084e+01,1.832137e+01,-1.197276e-01,1.275826e-01,3.825125e-01,1.456385e-01,-5.804316e-03,-2.000000e-02,1.879423e-02,7.760000e+01,1.830000e+01,-1.096096e-01,9.158604e-03,-2.136929e-02,1.011802e-02,5.286923e+01,5.930726e+01,4.098764e+00,6.201851e+01,3.856837e+01,6.332842e-02,3.031875e-01
4.010000e+02,7.759178e+01,1.808305e+01,-1.286414e-01,1.272868e-01,4.025125e-01,1.642492e-01,-2.958340e-04,2.000000e-02,1.861069e-02,7.760000e+01,1.830000e+01,-1.096096e-01,8.215423e-03,2.169546e-01,1.903183e-02,5.287745e+01,5.952422e+01,4.117795e+00,6.201857e+01,3.861544e+01,6.369063e-02,3.039339e-01
4.020000e+02,7.758486e+01,1.806374e+01,-1.213922e-01,1.342868e-01,4.225125e-01,1.432854e-01,7.000000e-03,2.000000e-02,-2.096379e-02,7.760000e+01,1.830000e+01,-1.096096e-01,1.514357e-02,2.362621e-01,1.178255e-02,5.289259e+01,5.976048e+01,4.129578e+00,6.201880e+01,3.867126e+01,6.382946e-02,3.048224e-01
4.030000e+02,7.758257e+01,1.824132e+01,-1.120469e-01,1.371463e-01,4.025125e-01,1.237564e-01,2.859487e-03,-2.000000e-02,-1.952898e-02,7.760000e+01,1.830000e+01,-1.096096e-01,1.742916e-02,5.867609e-02,2.437258e-03,5.291002e+01,5.981916e+01,4.132015e+00,6.201911e+01,3.867470e+01,6.383540e-02,3.056119e-01
4.040000e+02,7.759060e+01,1.820595e+01,-1.185358e-01,1.301463e-01,4.225125e-01,1.430679e-01,-7.000000e-03,2.000000e-02,1.931154e-02,7.760000e+01,1.830000e+01,-1.096096e-01,9.396913e-03,9.405047e-02,8.926185e-03,5.291942e+01,5.991321e+01,4.140941e+00,6.201920e+01,3.868354e+01,6.391508e-02,3.064339e-01
4.050000e+02,7.758462e+01,1.836948e+01,-1.133113e-01,1.358424e-01,4.025125e-01,1.279337e-01,5.696121e-03,-2.000000e-02,-1.513427e-02,7.760000e+01,1.830000e+01,-1.096096e-01,1.538481e-02,-6.947972e-02,3.701726e-03,5.293480e+01,5.998269e+01,4.144643e+00,6.201943e+01,3.868837e+01,6.392878e-02,3.070954e-01
4.060000e+02,7.759084e+01,1.832134e+01,-1.191085e-01,1.288424e-01,3.825125e-01,1.439365e-01,-7.000000e-03,-2.000000e-02,1.600288e-02,7.760000e+01,1.830000e+01,-1.096096e-01,9.155522e-03,-2.134278e-02,9.498847e-03,5.294396e+01,6.000403e+01,4.154142e+00,6.201952e+01,3.868883e+01,6.401901e-02,3.078005e-01
4.070000e+02,7.759318e+01,1.808302e+01,-1.282987e-01,1.256168e-01,4.025125e-01,1.636741e-01,-3.225589e-03,2.000000e-02,1.973759e-02,7.760000e+01,1.830000e+01,-1.096096e-01,6.823258e-03,2.169784e-01,1.868903e-02,5.295078e+01,6.022101e+01,4.172831e+00,6.201956e+01,3.873591e+01,6.436829e-02,3.086004e-01
4.080000e+02,7.758483e+01,1.806375e+01,-1.218166e-01,1.326168e-01,4.225125e-01,1.444410e-01,7.000000e-03,2.000000e-02,-1.923310e-02,7.760000e+01,1.830000e+01,-1.096096e-01,1.517009e-02,2.362474e-01,1.220693e-02,5.296595e+01,6.045725e+01,4.185038e+00,6.201979e+01,3.879172e+01,6.451730e-02,3.094193e-01
4.090000e+02,7.758087e+01,1.824134e+01,-1.124892e-01,1.391843e-01,4.025125e-01,1.246483e-01,6.567536e-03,-2.000000e-02,-1.979270e-02,7.760000e+01,1.830000e+01,-1.096096e-01,1.913196e-02,5.866362e-02,2.879625e-03,5.298508e+01,6.051592e+01,4.187918e+00,6.202016e+01,3.879516e+01,6.452559e-02,3.102542e-01
4.100000e+02,7.759060e+01,1.820592e+01,-1.180218e-01,1.321843e-01,4.225125e-01,1.416574e-01,-7.000000e-03,2.000000e-02,1.700902e-02,7.760000e+01,1.830000e+01,-1.096096e-01,9.396859e-03,9.408342e-02,8.412167e-03,5.299448e+01,6.061000e+01,4.196330e+00,6.202025e+01,3.880401e+01,6.459636e-02,3.109925e-01
4.110000e+02,7.758666e+01,1.836945e+01,-1.127727e-01,1.333873e-01,4.025125e-01,1.268466e-01,1.202981e-03,-2.000000e-02,-1.481076e-02,7.760000e+01,1.830000e+01,-1.096096e-01,1.333891e-02,-6.945007e-02,3.163107e-03,5.300782e+01,6.067945e+01,4.199493e+00,6.202042e+01,3.880884e+01,6.460636e-02,3.116133e-01
4.120000e+02,7.759084e+01,1.832137e+01,-1.197288e-01,1.275830e-01,3.825125e-01,1.456408e-01,-5.804309e-03,-2.000000e-02,1.879420e-02,7.760000e+01,1.830000e+01,-1.096096e-01,9.158996e-03,-2.136916e-02,1.011918e-02,5.301698e+01,6.070082e+01,4.209612e+00,6.202051e+01,3.880929e+01,6.470876e-02,3.124003e-01
4.130000e+02,7.759178e+01,1.808305e+01,-1.286426e-01,1.272872e-01,4.025125e-01,1.642514e-01,-2.958437e-04,2.000000e-02,1.861063e-02,7.760000e+01,1.830000e+01,-1.096096e-01,8.215807e-03,2.169547e-01,1.903296e-02,5.302519e+01,6.091778e+01,4.228645e+00,6.202058e+01,3.885636e+01,6.507101e-02,3.131467e-01
4.140000e+02,7.758486e+01,1.806374e+01,-1.213933e-01,1.342872e-01,4.225125e-01,1.432876e-01,7.000000e-03,2.000000e-02,-2.096382e-02,7.760000e+01,1.830000e+01,-1.096096e-01,1.514395e-02,2.362622e-01,1.178366e-02,5.304034e+01,6.115404e+01,4.240429e+00,6.202081e+01,3.891218e+01,6.520987e-02,3.140352e-01
4.150000e+02,7.758257e+01,1.824132e+01,-1.120480e-01,1.371466e-01,4.025125e-01,1.237586e-01,2.859466e-03,-2.000000e-02,-1.952903e-02,7.760000e+01,1.830000e+01,-1.096096e-01,1.742952e-02,5.867621e-02,2.438349e-03,5.305776e+01,6.121271e+01,4.242867e+00,6.202111e+01,3.891563e+01,6.521581e-02,3.148247e-01
4.160000e+02,7.759060e+01,1.820595e+01,-1.185369e-01,1.301466e-01,4.225125e-01,1.430701e-01,-7.000000e-03,2.000000e-02,1.931151e-02,7.760000e+01,1.830000e+01,-1.096096e-01,9.397277e-03,9.405059e-02,8.927260e-03,5.306716e+01,6.130676e+01,4.251794e+00,6.202120e+01,3.892447e+01,6.529551e-02,3.156467e-01
4.170000e+02,7.758461e+01,1.836948e+01,-1.133124e-01,1.358428e-01,4.025125e-01,1.279358e-01,5.696116e-03,-2.000000e-02,-1.513432e-02,7.760000e+01,1.830000e+01,-1.096096e-01,1.538517e-02,-6.947960e-02,3.702779e-03,5.308255e+01,6.137624e+01,4.255497e+00,6.202143e+01,3.892930e+01,6.530922e-02,3.163082e-01
4.180000e+02,7.759084e+01,1.832134e+01,-1.191095e-01,1.288428e-01,3.825125e-01,1.439386e-01,-7.000000e-03,-2.000000e-02,1.600284e-02,7.760000e+01,1.830000e+01,-1.096096e-01,9.155873e-03,-2.134267e-02,9.499881e-03,5.309170e+01,6.139759e+01,4.264997e+00,6.202152e+01,3.892975e+01,6.539947e-02,3.170133e-01
4.190000e+02,7.759318e+01,1.808302e+01,-1.282997e-01,1.256171e-01,4.025125e-01,1.636762e-01,-3.225612e-03,2.000000e-02,1.973755e-02,7.760000e+01,1.830000e+01,-1.096096e-01,6.823595e-03,2.169785e-01,1.869004e-02,5.309853e+01,6.161457e+01,4.283687e+00,6.202156e+01,3.897683e+01,6.574878e-02,3.178132e-01
4.200000e+02,7.758483e+01,1.806375e+01,-1.218176e-01,1.326171e-01,4.225125e-01,1.444430e-01,7.000000e-03,2.000000e-02,-1.923313e-02,7.760000e+01,1.830000e+01,-1.096096e-01,1.517043e-02,2.362475e-01,1.220793e-02,5.311370e+01,6.185081e+01,4.295895e+00,6.202179e+01,3.903265e+01,6.589782e-02,3.186321e-01
4.210000e+02,7.758087e+01,1.824134e+01,-1.124902e-01,1.391847e-01,4.025125e-01,1.246503e-01,6.567535e-03,-2.000000e-02,-1.979274e-02,7.760000e+01,1.830000e+01,-1.096096e-01,1.913230e-02,5.866373e-02,2.880605e-03,5.313283e+01,6.190948e+01,4.298775e+00,6.202216e+01,3.903609e+01,6.590612e-02,3.194670e-01
4.220000e+02,7.759060e+01,1.820592e+01,-1.180227e-01,1.321847e-01,4.225125e-01,1.416593e-01,-7.000000e-03,2.000000e-02,1.700899e-02,7.760000e+01,1.830000e+01,-1.096096e-01,9.397185e-03,9.408352e-02,8.413128e-03,5.314223e+01,6.200356e+01,4.307189e+00,6.202225e+01,3.904494e+01,6.597690e-02,3.202053e-01
4.230000e+02,7.758666e+01,1.836945e+01,-1.127737e-01,1.333876e-01,4.025125e-01,1.268485e-01,1.202956e-03,-2.000000e-02,-1.481080e-02,7.760000e+01,1.830000e+01,-1.096096e-01,1.333922e-02,-6.944996e-02,3.164049e-03,5.315557e+01,6.207301e+01,4.310353e+00,6.202243e+01,3.904976e+01,6.598691e-02,3.208261e-01
4.240000e+02,7.759084e+01,1.832137e+01,-1.197297e-01,1.275833e-01,3.825125e-01,1.456426e-01,-5.804302e-03,-2.000000e-02,1.879418e-02,7.760000e+01,1.830000e+01,-1.096096e-01,9.159311e-03,-2.136906e-02,1.012011e-02,5.316473e+01,6.209438e+01,4.320473e+00,6.202251e+01,3.905022e+01,6.608932e-02,3.216131e-01
4.250000e+02,7.759178e+01,1.808305e+01,-1.286435e-01,1.272875e-01,4.025125e-01,1.642532e-01,-2.958515e-04,2.000000e-02,1.861059e-02,7.760000e+01,1.830000e+01,-1.096096e-01,8.216116e-03,2.169548e-01,1.903387e-02,5.317294e+01,6.231133e+01,4.339507e+00,6.202258e+01,3.909729e+01,6.645161e-02,3.223595e-01
4.260000e+02,7.758486e+01,1.806374e+01,-1.213942e-01,1.342875e-01,4.225125e-01,1.432894e-01,7.000000e-03,2.000000e-02,-2.096385e-02,7.760000e+01,1.830000e+01,-1.096096e-01,1.514425e-02,2.362623e-01,1.178455e-02,5.318809e+01,6.254760e+01,4.351291e+00,6.202281e+01,3.915311e+01,6.659049e-02,3.232480e-01
4.270000e+02,7.758257e+01,1.824132e+01,-1.120488e-01,1.371469e-01,4.025125e-01,1.237603e-01,2.859450e-03,-2.000000e-02,-1.952906e-02,7.760000e+01,1.830000e+01,-1.096096e-01,1.742981e-02,5.867630e-02,2.439226e-03,5.320552e+01,6.260627e+01,4.353730e+00,6.202311e+01,3.915655e+01,6.659644e-02,3.240375e-01
4.280000e+02,7.759060e+01,1.820595e+01,-1.185377e-01,1.301469e-01,4.225125e-01,1.430718e-01,-7.000000e-03,2.000000e-02,1.931149e-02,7.760000e+01,1.830000e+01,-1.096096e-01,9.397569e-03,9.405068e-02,8.928123e-03,5.321491e+01,6.270032e+01,4.362658e+00,6.202320e+01,3.916540e+01,6.667615e-02,3.248595e-01
4.290000e+02,7.758461e+01,1.836948e+01,-1.133132e-01,1.358430e-01,4.025125e-01,1.279375e-01,5.696112e-03,-2.000000e-02,-1.513435e-02,7.760000e+01,1.830000e+01,-1.096096e-01,1.538546e-02,-6.947951e-02,3.703626e-03,5.323030e+01,6.276980e+01,4.366362e+00,6.202344e+01,3.917022e+01,6.668987e-02,3.255210e-01
4.300000e+02,7.759084e+01,1.832134e+01,-1.191103e-01,1.288430e-01,3.825125e-01,1.439403e-01,-7.000000e-03,-2.000000e-02,1.600281e-02,7.760000e+01,1.830000e+01,-1.096096e-01,9.156155e-03,-2.134257e-02,9.500712e-03,5.323945e+01,6.279115e+01,4.375863e+00,6.202352e+01,3.917068e+01,6.678013e-02,3.262261e-01
4.310000e+02,7.759318e+01,1.808302e+01,-1.283005e-01,1.256174e-01,4.025125e-01,1.636778e-01,-3.225629e-03,2.000000e-02,1.973752e-02,7.760000e+01,1.830000e+01,-1.096096e-01,6.823867e-03,2.169786e-01,1.869086e-02,5.324628e+01,6.300812e+01,4.394554e+00,6.202357e+01,3.921776e+01,6.712948e-02,3.270260e-01
4.320000e+02,7.758483e+01,1.806375e+01,-1.218184e-01,1.326174e-01,4.225125e-01,1.444446e-01,7.000000e-03,2.000000e-02,-1.923315e-02,7.760000e+01,1.830000e+01,-1.096096e-01,1.517070e-02,2.362476e-01,1.220874e-02,5.326145e+01,6.324437e+01,4.406762e+00,6.202380e+01,3.927357e+01,6.727853e-02,3.278449e-01
4.330000e+02,7.758087e+01,1.824134e+01,-1.124910e-01,1.391849e-01,4.025125e-01,1.246518e-01,6.567534e-03,-2.000000e-02,-1.979278e-02,7.760000e+01,1.830000e+01,-1.096096e-01,1.913257e-02,5.866381e-02,2.881393e-03,5.328058e+01,6.330304e+01,4.409644e+00,6.202416e+01,3.927701e+01,6.728683e-02,3.286798e-01
4.340000e+02,7.759060e+01,1.820592e+01,-1.180235e-01,1.321849e-01,4.225125e-01,1.416608e-01,-7.000000e-03,2.000000e-02,1.700895e-02,7.760000e+01,1.830000e+01,-1.096096e-01,9.397448e-03,9.408361e-02,8.413900e-03,5.328998e+01,6.339712e+01,4.418058e+00,6.202425e+01,3.928587e+01,6.735763e-02,3.294181e-01
4.350000e+02,7.758666e+01,1.836945e+01,-1.127744e-01,1.333879e-01,4.025125e-01,1.268500e-01,1.202935e-03,-2.000000e-02,-1.481083e-02,7.760000e+01,1.830000e+01,-1.096096e-01,1.333947e-02,-6.944988e-02,3.164806e-03,5.330332e+01,6.346657e+01,4.421223e+00,6.202443e+01,3.929069e+01,6.736764e-02,3.300389e-01
4.360000e+02,7.759084e+01,1.832137e+01,-1.197305e-01,1.275836e-01,3.825125e-01,1.456441e-01,-5.804297e-03,-2.000000e-02,1.879416e-02,7.760000e+01,1.830000e+01,-1.096096e-01,9.159564e-03,-2.136898e-02,1.012086e-02,5.331248e+01,6.348794e+01,4.431343e+00,6.202451e+01,3.929115e+01,6.747008e-02,3.308259e-01
4.370000e+02,7.759178e+01,1.808305e+01,-1.286442e-01,1.272877e-01,4.025125e-01,1.642547e-01,-2.958578e-04,2.000000e-02,1.861056e-02,7.760000e+01,1.830000e+01,-1.096096e-01,8.216364e-03,2.169549e-01,1.903460e-02,5.332069e+01,6.370489e+01,4.450378e+00,6.202458e+01,3.933822e+01,6.783239e-02,3.315723e-01
4.380000e+02,7.758486e+01,1.806374e+01,-1.213949e-01,1.342877e-01,4.225125e-01,1.432908e-01,7.000000e-03,2.000000e-02,-2.096388e-02,7.760000e+01,1.830000e+01,-1.096096e-01,1.514450e-02,2.362624e-01,1.178527e-02,5.333584e+01,6.394116e+01,4.462163e+00,6.202481e+01,3.939403e+01,6.797128e-02,3.324608e-01
4.390000e+02,7.758257e+01,1.824132e+01,-1.120496e-01,1.371472e-01,4.025125e-01,1.237617e-01,2.859437e-03,-2.000000e-02,-1.952909e-02,7.760000e+01,1.830000e+01,-1.096096e-01,1.743005e-02,5.867638e-02,2.439930e-03,5.335327e+01,6.399983e+01,4.464603e+00,6.202511e+01,3.939748e+01,6.797724e-02,3.332503e-01
4.400000e+02,7.759060e+01,1.820595e+01,-1.185384e-01,1.301472e-01,4.225125e-01,1.430732e-01,-7.000000e-03,2.000000e-02,1.931147e-02,7.760000e+01,1.830000e+01,-1.096096e-01,9.397805e-03,9.405076e-02,8.928817e-03,5.336267e+01,6.409388e+01,4.473532e+00,6.202520e+01,3.940632e+01,6.805696e-02,3.340723e-01
4.410000e+02,7.758461e+01,1.836948e+01,-1.133139e-01,1.358433e-01,4.025125e-01,1.279388e-01,5.696108e-03,-2.000000e-02,-1.513438e-02,7.760000e+01,1.830000e+01,-1.096096e-01,1.538569e-02,-6.947943e-02,3.704306e-03,5.337805e+01,6.416336e+01,4.477236e+00,6.202544e+01,3.941115e+01,6.807068e-02,3.347338e-01
4.420000e+02,7.759084e+01,1.832134e+01,-1.191110e-01,1.288433e-01,3.825125e-01,1.439416e-01,-7.000000e-03,-2.000000e-02,1.600278e-02,7.760000e+01,1.830000e+01,-1.096096e-01,9.156382e-03,-2.134250e-02,9.501380e-03,5.338721e+01,6.418470e+01,4.486738e+00,6.202552e+01,3.941161e+01,6.816096e-02,3.354389e-01
4.430000e+02,7.759318e+01,1.808302e+01,-1.283011e-01,1.256176e-01,4.025125e-01,1.636791e-01,-3.225644e-03,2.000000e-02,1.973749e-02,7.760000e+01,1.830000e+01,-1.096096e-01,6.824085e-03,2.169786e-01,1.869151e-02,5.339403e+01,6.440168e+01,4.505429e+00,6.202557e+01,3.945869e+01,6.851033e-02,3.362388e-01
4.440000e+02,7.758483e+01,1.806375e+01,-1.218190e-01,1.326176e-01,4.225125e-01,1.444459e-01,7.000000e-03,2.000000e-02,-1.923317e-02,7.760000e+01,1.830000e+01,-1.096096e-01,1.517092e-02,2.362477e-01,1.220938e-02,5.340920e+01,6.463793e+01,4.517639e+00,6.202580e+01,3.951450e+01,6.865940e-02,3.370577e-01
4.450000e+02,7.758087e+01,1.824134e+01,-1.124916e-01,1.391852e-01,4.025125e-01,1.246531e-01,6.567534e-03,-2.000000e-02,-1.979280e-02,7.760000e+01,1.830000e+01,-1.096096e-01,1.913279e-02,5.866388e-02,2.882025e-03,5.342834e+01,6.469659e+01,4.520521e+00,6.202617e+01,3.951794e+01,6.866771e-02,3.378926e-01
4.460000e+02,7.759060e+01,1.820592e+01,-1.180241e-01,1.321852e-01,4.225125e-01,1.416620e-01,-7.000000e-03,2.000000e-02,1.700893e-02,7.760000e+01,1.830000e+01,-1.096096e-01,9.397658e-03,9.408368e-02,8.414520e-03,5.343773e+01,6.479068e+01,4.528935e+00,6.202625e+01,3.952679e+01,6.873851e-02,3.386309e-01
4.470000e+02,7.758666e+01,1.836945e+01,-1.127750e-01,1.333881e-01,4.025125e-01,1.268512e-01,1.202919e-03,-2.000000e-02,-1.481085e-02,7.760000e+01,1.830000e+01,-1.096096e-01,1.333968e-02,-6.944981e-02,3.165414e-03,5.345107e+01,6.486013e+01,4.532101e+00,6.202643e+01,3.953162e+01,6.874853e-02,3.392517e-01
4.480000e+02,7.759084e+01,1.832137e+01,-1.197311e-01,1.275838e-01,3.825125e-01,1.456453e-01,-5.804293e-03,-2.000000e-02,1.879415e-02,7.760000e+01,1.830000e+01,-1.096096e-01,9.159767e-03,-2.136891e-02,1.012146e-02,5.346023e+01,6.488150e+01,4.542222e+00,6.202652e+01,3.953207e+01,6.885097e-02,3.400387e-01
4.490000e+02,7.759178e+01,1.808305e+01,-1.286448e-01,1.272879e-01,4.025125e-01,1.642559e-01,-2.958629e-04,2.000000e-02,1.861053e-02,7.760000e+01,1.830000e+01,-1.096096e-01,8.216563e-03,2.169549e-01,1.903519e-02,5.346845e+01,6.509845e+01,4.561257e+00,6.202658e+01,3.957914e+01,6.921331e-02,3.407851e-01
4.500000e+02,7.758486e+01,1.806374e+01,-1.213955e-01,1.342879e-01,4.225125e-01,1.432920e-01,7.000000e-03,2.000000e-02,-2.096390e-02,7.760000e+01,1.830000e+01,-1.096096e-01,1.514469e-02,2.362625e-01,1.178585e-02,5.348360e+01,6.533471e+01,4.573043e+00,6.202681e+01,3.963496e+01,6.935222e-02,3.416736e-01
4.510000e+02,7.758257e+01,1.824132e+01,-1.120501e-01,1.371473e-01,4.025125e-01,1.237629e-01,2.859427e-03,-2.000000e-02,-1.952912e-02,7.760000e+01,1.830000e+01,-1.096096e-01,1.743024e-02,5.867644e-02,2.440496e-03,5.350103e+01,6.539339e+01,4.575484e+00,6.202712e+01,3.963840e+01,6.935818e-02,3.424631e-01
4.520000e+02,7.759060e+01,1.820595e+01,-1.185390e-01,1.301473e-01,4.225125e-01,1.430743e-01,-7.000000e-03,2.000000e-02,1.931145e-02,7.760000e+01,1.830000e+01,-1.096096e-01,9.397994e-03,9.405082e-02,8.929375e-03,5.351042e+01,6.548744e+01,4.584413e+00,6.202720e+01,3.964725e+01,6.943791e-02,3.432851e-01
4.530000e+02,7.758461e+01,1.836948e+01,-1.133145e-01,1.358435e-01,4.025125e-01,1.279399e-01,5.696106e-03,-2.000000e-02,-1.513440e-02,7.760000e+01,1.830000e+01,-1.096096e-01,1.538588e-02,-6.947937e-02,3.704853e-03,5.352581e+01,6.555692e+01,4.588118e+00,6.202744e+01,3.965208e+01,6.945164e-02,3.439466e-01
4.540000e+02,7.759084e+01,1.832134e+01,-1.191115e-01,1.288435e-01,3.825125e-01,1.439427e-01,-7.000000e-03,-2.000000e-02,1.600276e-02,7.760000e+01,1.830000e+01,-1.096096e-01,9.156564e-03,-2.134244e-02,9.501916e-03,5.353497e+01,6.557826e+01,4.597620e+00,6.202753e+01,3.965253e+01,6.954192e-02,3.446517e-01
4.550000e+02,7.759318e+01,1.808302e+01,-1.283017e-01,1.256178e-01,4.025125e-01,1.636801e-01,-3.225655e-03,2.000000e-02,1.973747e-02,7.760000e+01,1.830000e+01,-1.096096e-01,6.824261e-03,2.169787e-01,1.869204e-02,5.354179e+01,6.579524e+01,4.616312e+00,6.202757e+01,3.969961e+01,6.989131e-02,3.454516e-01
4.560000e+02,7.758483e+01,1.806375e+01,-1.218195e-01,1.326178e-01,4.225125e-01,1.444469e-01,7.000000e-03,2.000000e-02,-1.923318e-02,7.760000e+01,1.830000e+01,-1.096096e-01,1.517109e-02,2.362477e-01,1.220990e-02,5.355696e+01,6.603149e+01,4.628522e+00,6.202780e+01,3.975543e+01,7.004040e-02,3.462705e-01
4.570000e+02,7.758087e+01,1.824134e+01,-1.124922e-01,1.391853e-01,4.025125e-01,1.246541e-01,6.567533e-03,-2.000000e-02,-1.979283e-02,7.760000e+01,1.830000e+01,-1.096096e-01,1.913296e-02,5.866394e-02,2.882534e-03,5.357609e+01,6.609015e+01,4.631404e+00,6.202817e+01,3.975887e+01,7.004870e-02,3.471054e-01
4.580000e+02,7.759060e+01,1.820592e+01,-1.180246e-01,1.321853e-01,4.225125e-01,1.416630e-01,-7.000000e-03,2.000000e-02,1.700891e-02,7.760000e+01,1.830000e+01,-1.096096e-01,9.397828e-03,9.408373e-02,8.415019e-03,5.358549e+01,6.618424e+01,4.639819e+00,6.202826e+01,3.976772e+01,7.011952e-02,3.478437e-01
4.590000e+02,7.758666e+01,1.836945e+01,-1.127755e-01,1.333882e-01,4.025125e-01,1.268522e-01,1.202905e-03,-2.000000e-02,-1.481087e-02,7.760000e+01,1.830000e+01,-1.096096e-01,1.333984e-02,-6.944976e-02,3.165903e-03,5.359883e+01,6.625369e+01,4.642985e+00,6.202843e+01,3.977254e+01,7.012954e-02,3.484645e-01
4.600000e+02,7.759084e+01,1.832137e+01,-1.197316e-01,1.275839e-01,3.825125e-01,1.456463e-01,-5.804290e-03,-2.000000e-02,1.879414e-02,7.760000e+01,1.830000e+01,-1.096096e-01,9.159930e-03,-2.136886e-02,1.012194e-02,5.360799e+01,6.627506e+01,4.653107e+00,6.202852e+01,3.977300e+01,7.023199e-02,3.492515e-01
4.610000e+02,7.759178e+01,1.808305e+01,-1.286453e-01,1.272881e-01,4.025125e-01,1.642568e-01,-2.958669e-04,2.000000e-02,1.861051e-02,7.760000e+01,1.830000e+01,-1.096096e-01,8.216723e-03,2.169550e-01,1.903566e-02,5.361621e+01,6.649201e+01,4.672143e+00,6.202859e+01,3.982007e+01,7.059435e-02,3.499979e-01
4.620000e+02,7.758486e+01,1.806374e+01,-1.213959e-01,1.342881e-01,4.225125e-01,1.432929e-01,7.000000e-03,2.000000e-02,-2.096391e-02,7.760000e+01,1.830000e+01,-1.096096e-01,1.514485e-02,2.362625e-01,1.178631e-02,5.363135e+01,6.672827e+01,4.683929e+00,6.202882e+01,3.987589e+01,7.073327e-02,3.508864e-01
4.630000e+02,7.758257e+01,1.824132e+01,-1.120506e-01,1.371475e-01,4.025125e-01,1.237638e-01,2.859419e-03,-2.000000e-02,-1.952913e-02,7.760000e+01,1.830000e+01,-1.096096e-01,1.743039e-02,5.867649e-02,2.440951e-03,5.364878e+01,6.678695e+01,4.686370e+00,6.202912e+01,3.987933e+01,7.073923e-02,3.516759e-01
4.640000e+02,7.759060e+01,1.820595e+01,-1.185394e-01,1.301475e-01,4.225125e-01,1.430752e-01,-7.000000e-03,2.000000e-02,1.931144e-02,7.760000e+01,1.830000e+01,-1.096096e-01,9.398145e-03,9.405087e-02,8.929823e-03,5.365818e+01,6.688100e+01,4.695300e+00,6.202921e+01,3.988818e+01,7.081897e-02,3.524979e-01
4.650000e+02,7.758461e+01,1.836948e+01,-1.133149e-01,1.358436e-01,4.025125e-01,1.279408e-01,5.696104e-03,-2.000000e-02,-1.513442e-02,7.760000e+01,1.830000e+01,-1.096096e-01,1.538603e-02,-6.947933e-02,3.705292e-03,5.367357e+01,6.695048e+01,4.699005e+00,6.202944e+01,3.989300e+01,7.083270e-02,3.531594e-01
4.660000e+02,7.759084e+01,1.832134e+01,-1.191120e-01,1.288436e-01,3.825125e-01,1.439435e-01,-7.000000e-03,-2.000000e-02,1.600274e-02,7.760000e+01,1.830000e+01,-1.096096e-01,9.156711e-03,-2.134240e-02,9.502348e-03,5.368272e+01,6.697182e+01,4.708507e+00,6.202953e+01,3.989346e+01,7.092299e-02,3.538645e-01
4.670000e+02,7.759318e+01,1.808302e+01,-1.283021e-01,1.256179e-01,4.025125e-01,1.636810e-01,-3.225664e-03,2.000000e-02,1.973745e-02,7.760000e+01,1.830000e+01,-1.096096e-01,6.824402e-03,2.169787e-01,1.869246e-02,5.368955e+01,6.718880e+01,4.727200e+00,6.202957e+01,3.994054e+01,7.127240e-02,3.546644e-01
4.680000e+02,7.758483e+01,1.806375e+01,-1.218199e-01,1.326179e-01,4.225125e-01,1.444478e-01,7.000000e-03,2.000000e-02,-1.923319e-02,7.760000e+01,1.830000e+01,-1.096096e-01,1.517123e-02,2.362478e-01,1.221032e-02,5.370472e+01,6.742505e+01,4.739410e+00,6.202980e+01,3.999635e+01,7.142149e-02,3.554833e-01
4.690000e+02,7.758087e+01,1.824134e+01,-1.124926e-01,1.391855e-01,4.025125e-01,1.246549e-01,6.567533e-03,-2.000000e-02,-1.979284e-02,7.760000e+01,1.830000e+01,-1.096096e-01,1.913310e-02,5.866398e-02,2.882943e-03,5.372385e+01,6.748371e+01,4.742293e+00,6.203017e+01,3.999979e+01,7.142980e-02,3.563182e-01
4.700000e+02,7.759060e+01,1.820592e+01,-1.180250e-01,1.321855e-01,4.225125e-01,1.416638e-01,-7.000000e-03,2.000000e-02,1.700889e-02,7.760000e+01,1.830000e+01,-1.096096e-01,9.397964e-03,9.408377e-02,8.415419e-03,5.373325e+01,6.757780e+01,4.750709e+00,6.203026e+01,4.000865e+01,7.150062e-02,3.570565e-01
4.710000e+02,7.758666e+01,1.836945e+01,-1.127759e-01,1.333884e-01,4.025125e-01,1.268529e-01,1.202895e-03,-2.000000e-02,-1.481089e-02,7.760000e+01,1.830000e+01,-1.096096e-01,1.333997e-02,-6.944972e-02,3.166296e-03,5.374659e+01,6.764725e+01,4.753875e+00,6.203044e+01,4.001347e+01,7.151065e-02,3.576773e-01
4.720000e+02,7.759084e+01,1.832137e+01,-1.197320e-01,1.275841e-01,3.825125e-01,1.456471e-01,-5.804287e-03,-2.000000e-02,1.879413e-02,7.760000e+01,1.830000e+01,-1.096096e-01,9.160062e-03,-2.136882e-02,1.012233e-02,5.375575e+01,6.766862e+01,4.763997e+00,6.203052e+01,4.001393e+01,7.161311e-02,3.584643e-01
4.730000e+02,7.759178e+01,1.808304e+01,-1.286457e-01,1.272882e-01,4.025125e-01,1.642576e-01,-2.958702e-04,2.000000e-02,1.861049e-02,7.760000e+01,1.830000e+01,-1.096096e-01,8.216852e-03,2.169550e-01,1.903604e-02,5.376397e+01,6.788557e+01,4.783033e+00,6.203059e+01,4.006099e+01,7.197548e-02,3.592107e-01
4.740000e+02,7.758486e+01,1.806374e+01,-1.213963e-01,1.342882e-01,4.225125e-01,1.432936e-01,7.000000e-03,2.000000e-02,-2.096393e-02,7.760000e+01,1.830000e+01,-1.096096e-01,1.514498e-02,2.362626e-01,1.178669e-02,5.377911e+01,6.812183e+01,4.794820e+00,6.203082e+01,4.011681e+01,7.211441e-02,3.600992e-01
4.750000e+02,7.758257e+01,1.824132e+01,-1.120509e-01,1.371476e-01,4.025125e-01,1.237645e-01,2.859412e-03,-2.000000e-02,-1.952915e-02,7.760000e+01,1.830000e+01,-1.096096e-01,1.743051e-02,5.867653e-02,2.441317e-03,5.379654e+01,6.818051e+01,4.797261e+00,6.203112e+01,4.012026e+01,7.212037e-02,3.608887e-01
4.760000e+02,7.759060e+01,1.820595e+01,-1.185398e-01,1.301476e-01,4.225125e-01,1.430759e-01,-7.000000e-03,2.000000e-02,1.931143e-02,7.760000e+01,1.830000e+01,-1.096096e-01,9.398267e-03,9.405091e-02,8.930183e-03,5.380594e+01,6.827456e+01,4.806191e+00,6.203121e+01,4.012910e+01,7.220011e-02,3.617107e-01
4.770000e+02,7.758461e+01,1.836948e+01,-1.133153e-01,1.358437e-01,4.025125e-01,1.279415e-01,5.696102e-03,-2.000000e-02,-1.513444e-02,7.760000e+01,1.830000e+01,-1.096096e-01,1.538615e-02,-6.947929e-02,3.705645e-03,5.382133e+01,6.834404e+01,4.809897e+00,6.203145e+01,4.013393e+01,7.221385e-02,3.623722e-01
4.780000e+02,7.759084e+01,1.832134e+01,-1.191123e-01,1.288437e-01,3.825125e-01,1.439442e-01,-7.000000e-03,-2.000000e-02,1.600273e-02,7.760000e+01,1.830000e+01,-1.096096e-01,9.156829e-03,-2.134236e-02,9.502694e-03,5.383048e+01,6.836538e+01,4.819400e+00,6.203153e+01,4.013439e+01,7.230415e-02,3.630773e-01
4.790000e+02,7.759318e+01,1.808302e+01,-1.283024e-01,1.256181e-01,4.025125e-01,1.636816e-01,-3.225672e-03,2.000000e-02,1.973744e-02,7.760000e+01,1.830000e+01,-1.096096e-01,6.824515e-03,2.169788e-01,1.869280e-02,5.383731e+01,6.858236e+01,4.838093e+00,6.203158e+01,4.018147e+01,7.265357e-02,3.638772e-01
4.800000e+02,7.758483e+01,1.806375e+01,-1.218203e-01,1.326181e-01,4.225125e-01,1.444484e-01,7.000000e-03,2.000000e-02,-1.923320e-02,7.760000e+01,1.830000e+01,-1.096096e-01,1.517135e-02,2.362478e-01,1.221065e-02,5.385248e+01,6.881861e+01,4.850303e+00,6.203181e+01,4.023728e+01,7.280267e-02,3.646961e-01
4.810000e+02,7.758087e+01,1.824134e+01,-1.124929e-01,1.391856e-01,4.025125e-01,1.246556e-01,6.567533e-03,-2.000000e-02,-1.979286e-02,7.760000e+01,1.830000e+01,-1.096096e-01,1.913321e-02,5.866402e-02,2.883271e-03,5.387161e+01,6.887727e+01,4.853186e+00,6.203217e+01,4.024072e+01,7.281098e-02,3.655310e-01
4.820000e+02,7.759060e+01,1.820592e+01,-1.180254e-01,1.321856e-01,4.225125e-01,1.416645e-01,-7.000000e-03,2.000000e-02,1.700888e-02,7.760000e+01,1.830000e+01,-1.096096e-01,9.398073e-03,9.408381e-02,8.415741e-03,5.388101e+01,6.897136e+01,4.861602e+00,6.203226e+01,4.024957e+01,7.288181e-02,3.662693e-01
4.830000e+02,7.758666e+01,1.836945e+01,-1.127762e-01,1.333885e-01,4.025125e-01,1.268536e-01,1.202886e-03,-2.000000e-02,-1.481090e-02,7.760000e+01,1.830000e+01,-1.096096e-01,1.334007e-02,-6.944968e-02,3.166611e-03,5.389435e+01,6.904081e+01,4.864769e+00,6.203244e+01,4.025440e+01,7.289183e-02,3.668902e-01
4.840000e+02,7.759084e+01,1.832137e+01,-1.197323e-01,1.275842e-01,3.825125e-01,1.456477e-01,-5.804285e-03,-2.000000e-02,1.879412e-02,7.760000e+01,1.830000e+01,-1.096096e-01,9.160167e-03,-2.136878e-02,1.012264e-02,5.390351e+01,6.906218e+01,4.874891e+00,6.203252e+01,4.025485e+01,7.299430e-02,3.676771e-01
4.850000e+02,7.759178e+01,1.808304e+01,-1.286460e-01,1.272883e-01,4.025125e-01,1.642582e-01,-2.958728e-04,2.000000e-02,1.861048e-02,7.760000e+01,1.830000e+01,-1.096096e-01,8.216956e-03,2.169551e-01,1.903634e-02,5.391173e+01,6.927913e+01,4.893928e+00,6.203259e+01,4.030192e+01,7.335668e-02,3.684235e-01
4.860000e+02,7.758485e+01,1.806374e+01,-1.213966e-01,1.342883e-01,4.225125e-01,1.432942e-01,7.000000e-03,2.000000e-02,-2.096394e-02,7.760000e+01,1.830000e+01,-1.096096e-01,1.514508e-02,2.362626e-01,1.178699e-02,5.392687e+01,6.951539e+01,4.905715e+00,6.203282e+01,4.035774e+01,7.349562e-02,3.693120e-01
4.870000e+02,7.758257e+01,1.824132e+01,-1.120512e-01,1.371477e-01,4.025125e-01,1.237651e-01,2.859406e-03,-2.000000e-02,-1.952916e-02,7.760000e+01,1.830000e+01,-1.096096e-01,1.743061e-02,5.867656e-02,2.441611e-03,5.394430e+01,6.957407e+01,4.908156e+00,6.203312e+01,4.036118e+01,7.350158e-02,3.701015e-01
4.880000e+02,7.759060e+01,1.820595e+01,-1.185401e-01,1.301477e-01,4.225125e-01,1.430765e-01,-7.000000e-03,2.000000e-02,1.931142e-02,7.760000e+01,1.830000e+01,-1.096096e-01,9.398366e-03,9.405094e-02,8.930472e-03,5.395370e+01,6.966812e+01,4.917087e+00,6.203321e+01,4.037003e+01,7.358133e-02,3.709235e-01
4.890000e+02,7.758461e+01,1.836948e+01,-1.133156e-01,1.358438e-01,4.025125e-01,1.279420e-01,5.696100e-03,-2.000000e-02,-1.513445e-02,7.760000e+01,1.830000e+01,-1.096096e-01,1.538624e-02,-6.947926e-02,3.705929e-03,5.396909e+01,6.973760e+01,4.920793e+00,6.203345e+01,4.037486e+01,7.359506e-02,3.715850e-01
4.900000e+02,7.759084e+01,1.832134e+01,-1.191126e-01,1.288438e-01,3.825125e-01,1.439448e-01,-7.000000e-03,-2.000000e-02,1.600272e-02,7.760000e+01,1.830000e+01,-1.096096e-01,9.156923e-03,-2.134233e-02,9.502973e-03,5.397825e+01,6.975894e+01,4.930296e+00,6.203353e+01,4.037531e+01,7.368537e-02,3.722901e-01
4.910000e+02,7.759318e+01,1.808302e+01,-1.283027e-01,1.256181e-01,4.025125e-01,1.636822e-01,-3.225678e-03,2.000000e-02,1.973743e-02,7.760000e+01,1.830000e+01,-1.096096e-01,6.824606e-03,2.169788e-01,1.869307e-02,5.398507e+01,6.997592e+01,4.948989e+00,6.203358e+01,4.042239e+01,7.403480e-02,3.730900e-01
4.920000e+02,7.758483e+01,1.806375e+01,-1.218205e-01,1.326181e-01,4.225125e-01,1.444490e-01,7.000000e-03,2.000000e-02,-1.923321e-02,7.760000e+01,1.830000e+01,-1.096096e-01,1.517144e-02,2.362479e-01,1.221092e-02,5.400024e+01,7.021217e+01,4.961200e+00,6.203381e+01,4.047821e+01,7.418391e-02,3.739089e-01
4.930000e+02,7.758087e+01,1.824134e+01,-1.124932e-01,1.391857e-01,4.025125e-01,1.246561e-01,6.567533e-03,-2.000000e-02,-1.979287e-02,7.760000e+01,1.830000e+01,-1.096096e-01,1.913330e-02,5.866405e-02,2.883535e-03,5.401938e+01,7.027083e+01,4.964083e+00,6.203418e+01,4.048165e+01,7.419222e-02,3.747438e-01
4.940000e+02,7.759060e+01,1.820592e+01,-1.180256e-01,1.321857e-01,4.225125e-01,1.416650e-01,-7.000000e-03,2.000000e-02,1.700887e-02,7.760000e+01,1.830000e+01,-1.096096e-01,9.398161e-03,9.408384e-02,8.416000e-03,5.402877e+01,7.036492e+01,4.972499e+00,6.203426e+01,4.049050e+01,7.426305e-02,3.754821e-01
4.950000e+02,7.758666e+01,1.836945e+01,-1.127765e-01,1.333886e-01,4.025125e-01,1.268541e-01,1.202879e-03,-2.000000e-02,-1.481091e-02,7.760000e+01,1.830000e+01,-1.096096e-01,1.334016e-02,-6.944965e-02,3.166865e-03,5.404211e+01,7.043437e+01,4.975666e+00,6.203444e+01,4.049532e+01,7.427308e-02,3.761030e-01
4.960000e+02,7.759084e+01,1.832137e+01,-1.197325e-01,1.275843e-01,3.825125e-01,1.456482e-01,-5.804283e-03,-2.000000e-02,1.879412e-02,7.760000e+01,1.830000e+01,-1.096096e-01,9.160252e-03,-2.136876e-02,1.012289e-02,5.405127e+01,7.045573e+01,4.985789e+00,6.203453e+01,4.049578e+01,7.437555e-02,3.768899e-01
4.970000e+02,7.759178e+01,1.808304e+01,-1.286462e-01,1.272884e-01,4.025125e-01,1.642587e-01,-2.958749e-04,2.000000e-02,1.861046e-02,7.760000e+01,1.830000e+01,-1.096096e-01,8.217039e-03,2.169551e-01,1.903659e-02,5.405949e+01,7.067269e+01,5.004826e+00,6.203459e+01,4.054285e+01,7.473795e-02,3.776363e-01
4.980000e+02,7.758485e+01,1.806374e+01,-1.213968e-01,1.342884e-01,4.225125e-01,1.432947e-01,7.000000e-03,2.000000e-02,-2.096394e-02,7.760000e+01,1.830000e+01,-1.096096e-01,1.514516e-02,2.362626e-01,1.178723e-02,5.407464e+01,7.090895e+01,5.016613e+00,6.203482e+01,4.059867e+01,7.487689e-02,3.785248e-01
4.990000e+02,7.758257e+01,1.824132e+01,-1.120515e-01,1.371478e-01,4.025125e-01,1.237655e-01,2.859402e-03,-2.000000e-02,-1.952917e-02,7.760000e+01,1.830000e+01,-1.096096e-01,1.743069e-02,5.867659e-02,2.441847e-03,5.409207e+01,7.096763e+01,5.019055e+00,6.203513e+01,4.060211e+01,7.488285e-02,3.793143e-01
5.000000e+02,7.759060e+01,1.820595e+01,-1.185403e-01,1.301478e-01,4.225125e-01,1.430770e-01,-7.000000e-03,2.000000e-02,1.931141e-02,7.760000e+01,1.830000e+01,-1.096096e-01,9.398444e-03,9.405096e-02,8.930705e-03,5.410147e+01,7.106168e+01,5.027985e+00,6.203522e+01,4.061096e+01,7.496261e-02,3.801363e-01
5.010000e+02,7.758461e+01,1.836948e+01,-1.133158e-01,1.358439e-01,4.025125e-01,1.279425e-01,5.696099e-03,-2.000000e-02,-1.513446e-02,7.760000e+01,1.830000e+01,-1.096096e-01,1.538632e-02,-6.947923e-02,3.706157e-03,5.411685e+01,7.113116e+01,5.031692e+00,6.203545e+01,4.061578e+01,7.497634e-02,3.807978e-01
5.020000e+02,7.759084e+01,1.832134e+01,-1.191128e-01,1.288439e-01,3.825125e-01,1.439452e-01,-7.000000e-03,-2.000000e-02,1.600271e-02,7.760000e+01,1.830000e+01,-1.096096e-01,9.156999e-03,-2.134230e-02,9.503196e-03,5.412601e+01,7.115250e+01,5.041195e+00,6.203554e+01,4.061624e+01,7.506665e-02,3.815029e-01
5.030000e+02,7.759318e+01,1.808302e+01,-1.283029e-01,1.256182e-01,4.025125e-01,1.636826e-01,-3.225683e-03,2.000000e-02,1.973742e-02,7.760000e+01,1.830000e+01,-1.096096e-01,6.824679e-03,2.169788e-01,1.869329e-02,5.413283e+01,7.136948e+01,5.059888e+00,6.203558e+01,4.066332e+01,7.541609e-02,3.823028e-01
5.040000e+02,7.758483e+01,1.806375e+01,-1.218208e-01,1.326182e-01,4.225125e-01,1.444494e-01,7.000000e-03,2.000000e-02,-1.923321e-02,7.760000e+01,1.830000e+01,-1.096096e-01,1.517151e-02,2.362479e-01,1.221114e-02,5.414801e+01,7.160573e+01,5.072099e+00,6.203581e+01,4.071913e+01,7.556520e-02,3.831218e-01
5.050000e+02,7.758087e+01,1.824134e+01,-1.124934e-01,1.391857e-01,4.025125e-01,1.246565e-01,6.567532e-03,-2.000000e-02,-1.979288e-02,7.760000e+01,1.830000e+01,-1.096096e-01,1.913337e-02,5.866407e-02,2.883747e-03,5.416714e+01,7.166439e+01,5.074983e+00,6.203618e+01,4.072257e+01,7.557352e-02,3.839566e-01
5.060000e+02,7.759060e+01,1.820592e+01,-1.180258e-01,1.321857e-01,4.225125e-01,1.416654e-01,-7.000000e-03,2.000000e-02,1.700886e-02,7.760000e+01,1.830000e+01,-1.096096e-01,9.398232e-03,9.408386e-02,8.416208e-03,5.417654e+01,7.175848e+01,5.083399e+00,6.203627e+01,4.073143e+01,7.564435e-02,3.846949e-01
5.070000e+02,7.758666e+01,1.836945e+01,-1.127767e-01,1.333886e-01,4.025125e-01,1.268545e-01,1.202874e-03,-2.000000e-02,-1.481092e-02,7.760000e+01,1.830000e+01,-1.096096e-01,1.334022e-02,-6.944963e-02,3.167069e-03,5.418988e+01,7.182793e+01,5.086566e+00,6.203644e+01,4.073625e+01,7.565438e-02,3.853158e-01
5.080000e+02,7.759084e+01,1.832137e+01,-1.197327e-01,1.275843e-01,3.825125e-01,1.456486e-01,-5.804282e-03,-2.000000e-02,1.879411e-02,7.760000e+01,1.830000e+01,-1.096096e-01,9.160320e-03,-2.136873e-02,1.012309e-02,5.419904e+01,7.184929e+01,5.096689e+00,6.203653e+01,4.073671e+01,7.575686e-02,3.861027e-01
5.090000e+02,7.759178e+01,1.808304e+01,-1.286464e-01,1.272885e-01,4.025125e-01,1.642590e-01,-2.958766e-04,2.000000e-02,1.861046e-02,7.760000e+01,1.830000e+01,-1.096096e-01,8.217106e-03,2.169551e-01,1.903679e-02,5.420725e+01,7.206625e+01,5.115726e+00,6.203660e+01,4.078378e+01,7.611926e-02,3.868491e-01
5.100000e+02,7.758485e+01,1.806374e+01,-1.213970e-01,1.342885e-01,4.225125e-01,1.432951e-01,7.000000e-03,2.000000e-02,-2.096395e-02,7.760000e+01,1.830000e+01,-1.096096e-01,1.514522e-02,2.362627e-01,1.178742e-02,5.422240e+01,7.230251e+01,5.127514e+00,6.203683e+01,4.083960e+01,7.625820e-02,3.877376e-01
5.110000e+02,7.758257e+01,1.824132e+01,-1.120517e-01,1.371479e-01,4.025125e-01,1.237659e-01,2.859399e-03,-2.000000e-02,-1.952918e-02,7.760000e+01,1.830000e+01,-1.096096e-01,1.743076e-02,5.867661e-02,2.442036e-03,5.423983e+01,7.236119e+01,5.129956e+00,6.203713e+01,4.084304e+01,7.626416e-02,3.885271e-01
5.120000e+02,7.759060e+01,1.820595e+01,-1.185405e-01,1.301479e-01,4.225125e-01,1.430773e-01,-7.000000e-03,2.000000e-02,1.931141e-02,7.760000e+01,1.830000e+01,-1.096096e-01,9.398508e-03,9.405098e-02,8.930891e-03,5.424923e+01,7.245524e+01,5.138886e+00,6.203722e+01,4.085188e+01,7.634393e-02,3.893491e-01
5.130000e+02,7.758461e+01,1.836948e+01,-1.133160e-01,1.358440e-01,4.025125e-01,1.279429e-01,5.696098e-03,-2.000000e-02,-1.513446e-02,7.760000e+01,1.830000e+01,-1.096096e-01,1.538638e-02,-6.947921e-02,3.706340e-03,5.426462e+01,7.252472e+01,5.142593e+00,6.203745e+01,4.085671e+01,7.635766e-02,3.900106e-01
5.140000e+02,7.759084e+01,1.832134e+01,-1.191130e-01,1.288440e-01,3.825125e-01,1.439456e-01,-7.000000e-03,-2.000000e-02,1.600271e-02,7.760000e+01,1.830000e+01,-1.096096e-01,9.157060e-03,-2.134228e-02,9.503376e-03,5.427377e+01,7.254606e+01,5.152096e+00,6.203754e+01,4.085717e+01,7.644798e-02,3.907157e-01
5.150000e+02,7.759318e+01,1.808302e+01,-1.283031e-01,1.256183e-01,4.025125e-01,1.636830e-01,-3.225687e-03,2.000000e-02,1.973741e-02,7.760000e+01,1.830000e+01,-1.096096e-01,6.824738e-03,2.169788e-01,1.869347e-02,5.428060e+01,7.276304e+01,5.170790e+00,6.203759e+01,4.090425e+01,7.679742e-02,3.915156e-01
5.160000e+02,7.758483e+01,1.806375e+01,-1.218209e-01,1.326183e-01,4.225125e-01,1.444498e-01,7.000000e-03,2.000000e-02,-1.923322e-02,7.760000e+01,1.830000e+01,-1.096096e-01,1.517157e-02,2.362479e-01,1.221131e-02,5.429577e+01,7.299929e+01,5.183001e+00,6.203782e+01,4.096006e+01,7.694654e-02,3.923346e-01
5.170000e+02,7.758087e+01,1.824134e+01,-1.124935e-01,1.391858e-01,4.025125e-01,1.246569e-01,6.567532e-03,-2.000000e-02,-1.979288e-02,7.760000e+01,1.830000e+01,-1.096096e-01,1.913343e-02,5.866409e-02,2.883918e-03,5.431490e+01,7.305795e+01,5.185885e+00,6.203818e+01,4.096350e+01,7.695486e-02,3.931694e-01
5.180000e+02,7.759060e+01,1.820592e+01,-1.180260e-01,1.321858e-01,4.225125e-01,1.416657e-01,-7.000000e-03,2.000000e-02,1.700886e-02,7.760000e+01,1.830000e+01,-1.096096e-01,9.398289e-03,9.408388e-02,8.416375e-03,5.432430e+01,7.315204e+01,5.194301e+00,6.203827e+01,4.097235e+01,7.702569e-02,3.939077e-01
5.190000e+02,7.758666e+01,1.836945e+01,-1.127769e-01,1.333887e-01,4.025125e-01,1.268548e-01,1.202869e-03,-2.000000e-02,-1.481093e-02,7.760000e+01,1.830000e+01,-1.096096e-01,1.334028e-02,-6.944961e-02,3.167233e-03,5.433764e+01,7.322149e+01,5.197468e+00,6.203845e+01,4.097718e+01,7.703572e-02,3.945286e-01
5.200000e+02,7.759084e+01,1.832137e+01,-1.197329e-01,1.275844e-01,3.825125e-01,1.456489e-01,-5.804281e-03,-2.000000e-02,1.879411e-02,7.760000e+01,1.830000e+01,-1.096096e-01,9.160375e-03,-2.136872e-02,1.012325e-02,5.434680e+01,7.324285e+01,5.207592e+00,6.203853e+01,4.097763e+01,7.713820e-02,3.953155e-01
5.210000e+02,7.759178e+01,1.808304e+01,-1.286466e-01,1.272885e-01,4.025125e-01,1.642594e-01,-2.958780e-04,2.000000e-02,1.861045e-02,7.760000e+01,1.830000e+01,-1.096096e-01,8.217159e-03,2.169551e-01,1.903694e-02,5.435502e+01,7.345981e+01,5.226629e+00,6.203860e+01,4.102470e+01,7.750061e-02,3.960619e-01
5.220000e+02,7.758485e+01,1.806374e+01,-1.213972e-01,1.342885e-01,4.225125e-01,1.432954e-01,7.000000e-03,2.000000e-02,-2.096396e-02,7.760000e+01,1.830000e+01,-1.096096e-01,1.514528e-02,2.362627e-01,1.178758e-02,5.437016e+01,7.369607e+01,5.238416e+00,6.203883e+01,4.108052e+01,7.763955e-02,3.969504e-01
5.230000e+02,7.758257e+01,1.824132e+01,-1.120518e-01,1.371479e-01,4.025125e-01,1.237662e-01,2.859396e-03,-2.000000e-02,-1.952919e-02,7.760000e+01,1.830000e+01,-1.096096e-01,1.743081e-02,5.867663e-02,2.442189e-03,5.438759e+01,7.375475e+01,5.240858e+00,6.203913e+01,4.108397e+01,7.764552e-02,3.977400e-01
5.240000e+02,7.759060e+01,1.820595e+01,-1.185407e-01,1.301479e-01,4.225125e-01,1.430776e-01,-7.000000e-03,2.000000e-02,1.931140e-02,7.760000e+01,1.830000e+01,-1.096096e-01,9.398559e-03,9.405100e-02,8.931042e-03,5.439699e+01,7.384880e+01,5.249789e+00,6.203922e+01,4.109281e+01,7.772528e-02,3.985619e-01
5.250000e+02,7.758461e+01,1.836948e+01,-1.133161e-01,1.358440e-01,4.025125e-01,1.279432e-01,5.696098e-03,-2.000000e-02,-1.513447e-02,7.760000e+01,1.830000e+01,-1.096096e-01,1.538643e-02,-6.947920e-02,3.706487e-03,5.441238e+01,7.391828e+01,5.253496e+00,6.203946e+01,4.109764e+01,7.773902e-02,3.992234e-01
5.260000e+02,7.759084e+01,1.832134e+01,-1.191131e-01,1.288440e-01,3.825125e-01,1.439459e-01,-7.000000e-03,-2.000000e-02,1.600270e-02,7.760000e+01,1.830000e+01,-1.096096e-01,9.157109e-03,-2.134227e-02,9.503521e-03,5.442154e+01,7.393962e+01,5.262999e+00,6.203954e+01,4.109809e+01,7.782934e-02,3.999285e-01
5.270000e+02,7.759318e+01,1.808302e+01,-1.283032e-01,1.256183e-01,4.025125e-01,1.636833e-01,-3.225690e-03,2.000000e-02,1.973740e-02,7.760000e+01,1.830000e+01,-1.096096e-01,6.824785e-03,2.169789e-01,1.869361e-02,5.442836e+01,7.415660e+01,5.281693e+00,6.203959e+01,4.114517e+01,7.817879e-02,4.007284e-01
5.280000e+02,7.758483e+01,1.806375e+01,-1.218211e-01,1.326183e-01,4.225125e-01,1.444500e-01,7.000000e-03,2.000000e-02,-1.923322e-02,7.760000e+01,1.830000e+01,-1.096096e-01,1.517162e-02,2.362479e-01,1.221145e-02,5.444353e+01,7.439285e+01,5.293905e+00,6.203982e+01,4.120099e+01,7.832791e-02,4.015474e-01
5.290000e+02,7.758087e+01,1.824134e+01,-1.124937e-01,1.391859e-01,4.025125e-01,1.246572e-01,6.567532e-03,-2.000000e-02,-1.979289e-02,7.760000e+01,1.830000e+01,-1.096096e-01,1.913348e-02,5.866410e-02,2.884054e-03,5.446267e+01,7.445151e+01,5.296789e+00,6.204018e+01,4.120443e+01,7.833623e-02,4.023822e-01
5.300000e+02,7.759060e+01,1.820592e+01,-1.180261e-01,1.321859e-01,4.225125e-01,1.416660e-01,-7.000000e-03,2.000000e-02,1.700885e-02,7.760000e+01,1.830000e+01,-1.096096e-01,9.398334e-03,9.408389e-02,8.416509e-03,5.447206e+01,7.454560e+01,5.305205e+00,6.204027e+01,4.121328e+01,7.840706e-02,4.031205e-01
5.310000e+02,7.758666e+01,1.836945e+01,-1.127770e-01,1.333887e-01,4.025125e-01,1.268551e-01,1.202866e-03,-2.000000e-02,-1.481093e-02,7.760000e+01,1.830000e+01,-1.096096e-01,1.334032e-02,-6.944960e-02,3.167364e-03,5.448540e+01,7.461505e+01,5.308372e+00,6.204045e+01,4.121810e+01,7.841710e-02,4.037414e-01
5.320000e+02,7.759084e+01,1.832137e+01,-1.197330e-01,1.275844e-01,3.825125e-01,1.456492e-01,-5.804280e-03,-2.000000e-02,1.879410e-02,7.760000e+01,1.830000e+01,-1.096096e-01,9.160419e-03,-2.136870e-02,1.012338e-02,5.449457e+01,7.463641e+01,5.318496e+00,6.204053e+01,4.121856e+01,7.851958e-02,4.045283e-01
5.330000e+02,7.759178e+01,1.808304e+01,-1.286467e-01,1.272886e-01,4.025125e-01,1.642596e-01,-2.958791e-04,2.000000e-02,1.861044e-02,7.760000e+01,1.830000e+01,-1.096096e-01,8.217202e-03,2.169551e-01,1.903707e-02,5.450278e+01,7.485337e+01,5.337533e+00,6.204060e+01,4.126563e+01,7.888199e-02,4.052747e-01
5.340000e+02,7.758485e+01,1.806374e+01,-1.213973e-01,1.342886e-01,4.225125e-01,1.432957e-01,7.000000e-03,2.000000e-02,-2.096396e-02,7.760000e+01,1.830000e+01,-1.096096e-01,1.514532e-02,2.362627e-01,1.178770e-02,5.451793e+01,7.508963e+01,5.349321e+00,6.204083e+01,4.132145e+01,7.902094e-02,4.061632e-01
5.350000e+02,7.758257e+01,1.824132e+01,-1.120519e-01,1.371480e-01,4.025125e-01,1.237665e-01,2.859394e-03,-2.000000e-02,-1.952919e-02,7.760000e+01,1.830000e+01,-1.096096e-01,1.743085e-02,5.867664e-02,2.442311e-03,5.453536e+01,7.514831e+01,5.351763e+00,6.204114e+01,4.132489e+01,7.902690e-02,4.069528e-01
5.360000e+02,7.759060e+01,1.820595e+01,-1.185408e-01,1.301480e-01,4.225125e-01,1.430779e-01,-7.000000e-03,2.000000e-02,1.931140e-02,7.760000e+01,1.830000e+01,-1.096096e-01,9.398599e-03,9.405101e-02,8.931162e-03,5.454476e+01,7.524236e+01,5.360694e+00,6.204122e+01,4.133374e+01,7.910667e-02,4.077747e-01
5.370000e+02,7.758461e+01,1.836948e+01,-1.133162e-01,1.358440e-01,4.025125e-01,1.279434e-01,5.696097e-03,-2.000000e-02,-1.513448e-02,7.760000e+01,1.830000e+01,-1.096096e-01,1.538647e-02,-6.947918e-02,3.706606e-03,5.456014e+01,7.531184e+01,5.364401e+00,6.204146e+01,4.133857e+01,7.912041e-02,4.084362e-01
5.380000e+02,7.759084e+01,1.832134e+01,-1.191133e-01,1.288440e-01,3.825125e-01,1.439461e-01,-7.000000e-03,-2.000000e-02,1.600270e-02,7.760000e+01,1.830000e+01,-1.096096e-01,9.157149e-03,-2.134225e-02,9.503637e-03,5.456930e+01,7.533318e+01,5.373904e+00,6.204154e+01,4.133902e+01,7.921073e-02,4.091413e-01
5.390000e+02,7.759318e+01,1.808302e+01,-1.283033e-01,1.256184e-01,4.025125e-01,1.636835e-01,-3.225692e-03,2.000000e-02,1.973740e-02,7.760000e+01,1.830000e+01,-1.096096e-01,6.824823e-03,2.169789e-01,1.869373e-02,5.457613e+01,7.555016e+01,5.392598e+00,6.204159e+01,4.138610e+01,7.956018e-02,4.099412e-01
5.400000e+02,7.758483e+01,1.806375e+01,-1.218212e-01,1.326184e-01,4.225125e-01,1.444503e-01,7.000000e-03,2.000000e-02,-1.923322e-02,7.760000e+01,1.830000e+01,-1.096096e-01,1.517166e-02,2.362479e-01,1.221156e-02,5.459130e+01,7.578641e+01,5.404810e+00,6.204182e+01,4.144191e+01,7.970930e-02,4.107602e-01
5.410000e+02,7.758087e+01,1.824134e+01,-1.124938e-01,1.391859e-01,4.025125e-01,1.246574e-01,6.567532e-03,-2.000000e-02,-1.979289e-02,7.760000e+01,1.830000e+01,-1.096096e-01,1.913352e-02,5.866411e-02,2.884165e-03,5.461043e+01,7.584507e+01,5.407694e+00,6.204219e+01,4.144536e+01,7.971762e-02,4.115950e-01
5.420000e+02,7.759060e+01,1.820592e+01,-1.180262e-01,1.321859e-01,4.225125e-01,1.416662e-01,-7.000000e-03,2.000000e-02,1.700885e-02,7.760000e+01,1.830000e+01,-1.096096e-01,9.398371e-03,9.408390e-02,8.416617e-03,5.461983e+01,7.593916e+01,5.416110e+00,6.204228e+01,4.145421e+01,7.978846e-02,4.123333e-01
5.430000e+02,7.758666e+01,1.836945e+01,-1.127771e-01,1.333888e-01,4.025125e-01,1.268553e-01,1.202863e-03,-2.000000e-02,-1.481093e-02,7.760000e+01,1.830000e+01,-1.096096e-01,1.334036e-02,-6.944959e-02,3.167470e-03,5.463317e+01,7.600861e+01,5.419278e+00,6.204245e+01,4.145903e+01,7.979850e-02,4.129542e-01
5.440000e+02,7.759084e+01,1.832137e+01,-1.197331e-01,1.275845e-01,3.825125e-01,1.456494e-01,-5.804279e-03,-2.000000e-02,1.879410e-02,7.760000e+01,1.830000e+01,-1.096096e-01,9.160454e-03,-2.136869e-02,1.012349e-02,5.464233e+01,7.602997e+01,5.429401e+00,6.204254e+01,4.145949e+01,7.990098e-02,4.137411e-01
5.450000e+02,7.759178e+01,1.808304e+01,-1.286468e-01,1.272886e-01,4.025125e-01,1.642598e-01,-2.958800e-04,2.000000e-02,1.861044e-02,7.760000e+01,1.830000e+01,-1.096096e-01,8.217237e-03,2.169552e-01,1.903717e-02,5.465055e+01,7.624693e+01,5.448439e+00,6.204260e+01,4.150656e+01,8.026339e-02,4.144875e-01
5.460000e+02,7.758485e+01,1.806374e+01,-1.213974e-01,1.342886e-01,4.225125e-01,1.432959e-01,7.000000e-03,2.000000e-02,-2.096396e-02,7.760000e+01,1.830000e+01,-1.096096e-01,1.514535e-02,2.362627e-01,1.178780e-02,5.466569e+01,7.648319e+01,5.460226e+00,6.204283e+01,4.156238e+01,8.040235e-02,4.153760e-01
5.470000e+02,7.758257e+01,1.824132e+01,-1.120520e-01,1.371480e-01,4.025125e-01,1.237667e-01,2.859392e-03,-2.000000e-02,-1.952919e-02,7.760000e+01,1.830000e+01,-1.096096e-01,1.743088e-02,5.867665e-02,2.442410e-03,5.468312e+01,7.654187e+01,5.462669e+00,6.204314e+01,4.156582e+01,8.040831e-02,4.161656e-01
5.480000e+02,7.759060e+01,1.820595e+01,-1.185409e-01,1.301480e-01,4.225125e-01,1.430781e-01,-7.000000e-03,2.000000e-02,1.931140e-02,7.760000e+01,1.830000e+01,-1.096096e-01,9.398632e-03,9.405102e-02,8.931259e-03,5.469252e+01,7.663592e+01,5.471600e+00,6.204323e+01,4.157467e+01,8.048808e-02,4.169875e-01
5.490000e+02,7.758461e+01,1.836948e+01,-1.133163e-01,1.358441e-01,4.025125e-01,1.279436e-01,5.696097e-03,-2.000000e-02,-1.513448e-02,7.760000e+01,1.830000e+01,-1.096096e-01,1.538651e-02,-6.947917e-02,3.706701e-03,5.470791e+01,7.670540e+01,5.475307e+00,6.204346e+01,4.157949e+01,8.050182e-02,4.176490e-01
5.500000e+02,7.759084e+01,1.832134e+01,-1.191134e-01,1.288441e-01,3.825125e-01,1.439463e-01,-7.000000e-03,-2.000000e-02,1.600269e-02,7.760000e+01,1.830000e+01,-1.096096e-01,9.157180e-03,-2.134224e-02,9.503730e-03,5.471707e+01,7.672674e+01,5.484810e+00,6.204355e+01,4.157995e+01,8.059214e-02,4.183541e-01
5.510000e+02,7.759318e+01,1.808302e+01,-1.283034e-01,1.256184e-01,4.025125e-01,1.636837e-01,-3.225694e-03,2.000000e-02,1.973740e-02,7.760000e+01,1.830000e+01,-1.096096e-01,6.824854e-03,2.169789e-01,1.869382e-02,5.472389e+01,7.694372e+01,5.503504e+00,6.204359e+01,4.162703e+01,8.094160e-02,4.191540e-01
5.520000e+02,7.758483e+01,1.806375e+01,-1.218213e-01,1.326184e-01,4.225125e-01,1.444504e-01,7.000000e-03,2.000000e-02,-1.923323e-02,7.760000e+01,1.830000e+01,-1.096096e-01,1.517169e-02,2.362479e-01,1.221165e-02,5.473906e+01,7.717997e+01,5.515716e+00,6.204382e+01,4.168284e+01,8.109072e-02,4.199730e-01
5.530000e+02,7.758087e+01,1.824134e+01,-1.124939e-01,1.391859e-01,4.025125e-01,1.246575e-01,6.567532e-03,-2.000000e-02,-1.979290e-02,7.760000e+01,1.830000e+01,-1.096096e-01,1.913355e-02,5.866412e-02,2.884253e-03,5.475820e+01,7.723863e+01,5.518600e+00,6.204419e+01,4.168628e+01,8.109904e-02,4.208078e-01
5.540000e+02,7.759060e+01,1.820592e+01,-1.180263e-01,1.321859e-01,4.225125e-01,1.416664e-01,-7.000000e-03,2.000000e-02,1.700884e-02,7.760000e+01,1.830000e+01,-1.096096e-01,9.398401e-03,9.408391e-02,8.416704e-03,5.476759e+01,7.733272e+01,5.527017e+00,6.204428e+01,4.169513e+01,8.116988e-02,4.215461e-01
5.550000e+02,7.758666e+01,1.836945e+01,-1.127772e-01,1.333888e-01,4.025125e-01,1.268555e-01,1.202861e-03,-2.000000e-02,-1.481094e-02,7.760000e+01,1.830000e+01,-1.096096e-01,1.334038e-02,-6.944958e-02,3.167555e-03,5.478093e+01,7.740217e+01,5.530184e+00,6.204446e+01,4.169996e+01,8.117992e-02,4.221670e-01
5.560000e+02,7.759084e+01,1.832137e+01,-1.197332e-01,1.275845e-01,3.825125e-01,1.456496e-01,-5.804279e-03,-2.000000e-02,1.879410e-02,7.760000e+01,1.830000e+01,-1.096096e-01,9.160483e-03,-2.136868e-02,1.012357e-02,5.479010e+01,7.742353e+01,5.540308e+00,6.204454e+01,4.170041e+01,8.128240e-02,4.229539e-01
5.570000e+02,7.759178e+01,1.808304e+01,-1.286469e-01,1.272886e-01,4.025125e-01,1.642600e-01,-2.958807e-04,2.000000e-02,1.861043e-02,7.760000e+01,1.830000e+01,-1.096096e-01,8.217265e-03,2.169552e-01,1.903726e-02,5.479831e+01,7.764049e+01,5.559345e+00,6.204461e+01,4.174748e+01,8.164482e-02,4.237003e-01
5.580000e+02,7.758485e+01,1.806374e+01,-1.213975e-01,1.342886e-01,4.225125e-01,1.432960e-01,7.000000e-03,2.000000e-02,-2.096397e-02,7.760000e+01,1.830000e+01,-1.096096e-01,1.514538e-02,2.362627e-01,1.178788e-02,5.481346e+01,7.787675e+01,5.571133e+00,6.204484e+01,4.180330e+01,8.178377e-02,4.245888e-01
5.590000e+02,7.758257e+01,1.824132e+01,-1.120521e-01,1.371480e-01,4.025125e-01,1.237668e-01,2.859390e-03,-2.000000e-02,-1.952920e-02,7.760000e+01,1.830000e+01,-1.096096e-01,1.743091e-02,5.867666e-02,2.442489e-03,5.483089e+01,7.793543e+01,5.573576e+00,6.204514e+01,4.180675e+01,8.178974e-02,4.253784e-01
5.600000e+02,7.759060e+01,1.820595e+01,-1.185410e-01,1.301480e-01,4.225125e-01,1.430782e-01,-7.000000e-03,2.000000e-02,1.931139e-02,7.760000e+01,1.830000e+01,-1.096096e-01,9.398659e-03,9.405103e-02,8.931337e-03,5.484029e+01,7.802948e+01,5.582507e+00,6.204523e+01,4.181559e+01,8.186951e-02,4.262003e-01
5.610000e+02,7.758461e+01,1.836948e+01,-1.133164e-01,1.358441e-01,4.025125e-01,1.279437e-01,5.696096e-03,-2.000000e-02,-1.513448e-02,7.760000e+01,1.830000e+01,-1.096096e-01,1.538653e-02,-6.947916e-02,3.706777e-03,5.485567e+01,7.809896e+01,5.586214e+00,6.204547e+01,4.182042e+01,8.188325e-02,4.268618e-01
5.620000e+02,7.759084e+01,1.832134e+01,-1.191134e-01,1.288441e-01,3.825125e-01,1.439464e-01,-7.000000e-03,-2.000000e-02,1.600269e-02,7.760000e+01,1.830000e+01,-1.096096e-01,9.157206e-03,-2.134224e-02,9.503805e-03,5.486483e+01,7.812030e+01,5.595718e+00,6.204555e+01,4.182088e+01,8.197357e-02,4.275669e-01
5.630000e+02,7.759318e+01,1.808302e+01,-1.283035e-01,1.256184e-01,4.025125e-01,1.636838e-01,-3.225696e-03,2.000000e-02,1.973739e-02,7.760000e+01,1.830000e+01,-1.096096e-01,6.824878e-03,2.169789e-01,1.869389e-02,5.487166e+01,7.833728e+01,5.614411e+00,6.204560e+01,4.186795e+01,8.232303e-02,4.283668e-01
5.640000e+02,7.758483e+01,1.806375e+01,-1.218213e-01,1.326184e-01,4.225125e-01,1.444506e-01,7.000000e-03,2.000000e-02,-1.923323e-02,7.760000e+01,1.830000e+01,-1.096096e-01,1.517171e-02,2.362479e-01,1.221173e-02,5.488683e+01,7.857353e+01,5.626623e+00,6.204583e+01,4.192377e+01,8.247216e-02,4.291858e-01
5.650000e+02,7.758087e+01,1.824134e+01,-1.124939e-01,1.391859e-01,4.025125e-01,1.246577e-01,6.567532e-03,-2.000000e-02,-1.979290e-02,7.760000e+01,1.830000e+01,-1.096096e-01,1.913357e-02,5.866413e-02,2.884324e-03,5.490596e+01,7.863219e+01,5.629507e+00,6.204619e+01,4.192721e+01,8.248048e-02,4.300206e-01
5.660000e+02,7.759060e+01,1.820592e+01,-1.180264e-01,1.321859e-01,4.225125e-01,1.416665e-01,-7.000000e-03,2.000000e-02,1.700884e-02,7.760000e+01,1.830000e+01,-1.096096e-01,9.398424e-03,9.408392e-02,8.416774e-03,5.491536e+01,7.872628e+01,5.637924e+00,6.204628e+01,4.193606e+01,8.255132e-02,4.307589e-01
5.670000e+02,7.758666e+01,1.836945e+01,-1.127772e-01,1.333888e-01,4.025125e-01,1.268556e-01,1.202859e-03,-2.000000e-02,-1.481094e-02,7.760000e+01,1.830000e+01,-1.096096e-01,1.334041e-02,-6.944957e-02,3.167623e-03,5.492870e+01,7.879573e+01,5.641092e+00,6.204646e+01,4.194088e+01,8.256135e-02,4.313798e-01
5.680000e+02,7.759084e+01,1.832137e+01,-1.197333e-01,1.275845e-01,3.825125e-01,1.456497e-01,-5.804278e-03,-2.000000e-02,1.879410e-02,7.760000e+01,1.830000e+01,-1.096096e-01,9.160505e-03,-2.136868e-02,1.012364e-02,5.493786e+01,7.881709e+01,5.651216e+00,6.204654e+01,4.194134e+01,8.266384e-02,4.321667e-01
5.690000e+02,7.759178e+01,1.808304e+01,-1.286469e-01,1.272886e-01,4.025125e-01,1.642601e-01,-2.958812e-04,2.000000e-02,1.861043e-02,7.760000e+01,1.830000e+01,-1.096096e-01,8.217287e-03,2.169552e-01,1.903732e-02,5.494608e+01,7.903405e+01,5.670253e+00,6.204661e+01,4.198841e+01,8.302626e-02,4.329131e-01
5.700000e+02,7.758485e+01,1.806374e+01,-1.213976e-01,1.342886e-01,4.225125e-01,1.432961e-01,7.000000e-03,2.000000e-02,-2.096397e-02,7.760000e+01,1.830000e+01,-1.096096e-01,1.514540e-02,2.362627e-01,1.178795e-02,5.496122e+01,7.927031e+01,5.682041e+00,6.204684e+01,4.204423e+01,8.316522e-02,4.338016e-01
5.710000e+02,7.758257e+01,1.824132e+01,-1.120522e-01,1.371480e-01,4.025125e-01,1.237669e-01,2.859389e-03,-2.000000e-02,-1.952920e-02,7.760000e+01,1.830000e+01,-1.096096e-01,1.743093e-02,5.867667e-02,2.442553e-03,5.497865e+01,7.932899e+01,5.684483e+00,6.204714e+01,4.204767e+01,8.317118e-02,4.345912e-01
5.720000e+02,7.759060e+01,1.820595e+01,-1.185410e-01,1.301480e-01,4.225125e-01,1.430783e-01,-7.000000e-03,2.000000e-02,1.931139e-02,7.760000e+01,1.830000e+01,-1.096096e-01,9.398680e-03,9.405104e-02,8.931400e-03,5.498805e+01,7.942304e+01,5.693415e+00,6.204723e+01,4.205652e+01,8.325095e-02,4.354131e-01
5.730000e+02,7.758461e+01,1.836948e+01,-1.133165e-01,1.358441e-01,4.025125e-01,1.279439e-01,5.696096e-03,-2.000000e-02,-1.513449e-02,7.760000e+01,1.830000e+01,-1.096096e-01,1.538655e-02,-6.947916e-02,3.706839e-03,5.500344e+01,7.949252e+01,5.697122e+00,6.204747e+01,4.206135e+01,8.326469e-02,4.360746e-01
5.740000e+02,7.759084e+01,1.832134e+01,-1.191135e-01,1.288441e-01,3.825125e-01,1.439465e-01,-7.000000e-03,-2.000000e-02,1.600269e-02,7.760000e+01,1.830000e+01,-1.096096e-01,9.157226e-03,-2.134223e-02,9.503865e-03,5.501260e+01,7.951386e+01,5.706625e+00,6.204755e+01,4.206180e+01,8.335502e-02,4.367797e-01
5.750000e+02,7.759318e+01,1.808302e+01,-1.283036e-01,1.256184e-01,4.025125e-01,1.636839e-01,-3.225697e-03,2.000000e-02,1.973739e-02,7.760000e+01,1.830000e+01,-1.096096e-01,6.824898e-03,2.169789e-01,1.869395e-02,5.501942e+01,7.973084e+01,5.725319e+00,6.204760e+01,4.210888e+01,8.370448e-02,4.375796e-01
5.760000e+02,7.758483e+01,1.806375e+01,-1.218214e-01,1.326184e-01,4.225125e-01,1.444507e-01,7.000000e-03,2.000000e-02,-1.923323e-02,7.760000e+01,1.830000e+01,-1.096096e-01,1.517173e-02,2.362479e-01,1.221178e-02,5.503459e+01,7.996709e+01,5.737531e+00,6.204783e+01,4.216470e+01,8.385361e-02,4.383986e-01
5.770000e+02,7.758087e+01,1.824134e+01,-1.124940e-01,1.391860e-01,4.025125e-01,1.246578e-01,6.567532e-03,-2.000000e-02,-1.979290e-02,7.760000e+01,1.830000e+01,-1.096096e-01,1.913359e-02,5.866414e-02,2.884381e-03,5.505373e+01,8.002575e+01,5.740416e+00,6.204820e+01,4.216814e+01,8.386193e-02,4.392334e-01
5.780000e+02,7.759060e+01,1.820592e+01,-1.180265e-01,1.321860e-01,4.225125e-01,1.416666e-01,-7.000000e-03,2.000000e-02,1.700884e-02,7.760000e+01,1.830000e+01,-1.096096e-01,9.398443e-03,9.408393e-02,8.416830e-03,5.506313e+01,8.011984e+01,5.748832e+00,6.204828e+01,4.217699e+01,8.393277e-02,4.399717e-01
5.790000e+02,7.758666e+01,1.836945e+01,-1.127773e-01,1.333888e-01,4.025125e-01,1.268557e-01,1.202857e-03,-2.000000e-02,-1.481094e-02,7.760000e+01,1.830000e+01,-1.096096e-01,1.334042e-02,-6.944956e-02,3.167678e-03,5.507647e+01,8.018929e+01,5.752000e+00,6.204846e+01,4.218181e+01,8.394281e-02,4.405926e-01
5.800000e+02,7.759084e+01,1.832137e+01,-1.197333e-01,1.275845e-01,3.825125e-01,1.456498e-01,-5.804278e-03,-2.000000e-02,1.879410e-02,7.760000e+01,1.830000e+01,-1.096096e-01,9.160524e-03,-2.136867e-02,1.012369e-02,5.508563e+01,8.021065e+01,5.762124e+00,6.204855e+01,4.218227e+01,8.404530e-02,4.413795e-01
5.810000e+02,7.759178e+01,1.808304e+01,-1.286470e-01,1.272887e-01,4.025125e-01,1.642602e-01,-2.958817e-04,2.000000e-02,1.861043e-02,7.760000e+01,1.830000e+01,-1.096096e-01,8.217305e-03,2.169552e-01,1.903737e-02,5.509384e+01,8.042761e+01,5.781161e+00,6.204861e+01,4.222934e+01,8.440772e-02,4.421259e-01
5.820000e+02,7.758485e+01,1.806374e+01,-1.213976e-01,1.342887e-01,4.225125e-01,1.432963e-01,7.000000e-03,2.000000e-02,-2.096397e-02,7.760000e+01,1.830000e+01,-1.096096e-01,1.514542e-02,2.362627e-01,1.178800e-02,5.510899e+01,8.066387e+01,5.792949e+00,6.204884e+01,4.228516e+01,8.454667e-02,4.430144e-01
5.830000e+02,7.758257e+01,1.824132e+01,-1.120522e-01,1.371480e-01,4.025125e-01,1.237670e-01,2.859388e-03,-2.000000e-02,-1.952920e-02,7.760000e+01,1.830000e+01,-1.096096e-01,1.743095e-02,5.867667e-02,2.442604e-03,5.512642e+01,8.072255e+01,5.795392e+00,6.204915e+01,4.228860e+01,8.455264e-02,4.438040e-01
5.840000e+02,7.759060e+01,1.820595e+01,-1.185411e-01,1.301480e-01,4.225125e-01,1.430784e-01,-7.000000e-03,2.000000e-02,1.931139e-02,7.760000e+01,1.830000e+01,-1.096096e-01,9.398697e-03,9.405105e-02,8.931450e-03,5.513582e+01,8.081660e+01,5.804323e+00,6.204923e+01,4.229745e+01,8.463241e-02,4.446259e-01
5.850000e+02,7.758461e+01,1.836948e+01,-1.133165e-01,1.358441e-01,4.025125e-01,1.279440e-01,5.696096e-03,-2.000000e-02,-1.513449e-02,7.760000e+01,1.830000e+01,-1.096096e-01,1.538657e-02,-6.947915e-02,3.706888e-03,5.515121e+01,8.088608e+01,5.808030e+00,6.204947e+01,4.230227e+01,8.464615e-02,4.452874e-01
5.860000e+02,7.759084e+01,1.832134e+01,-1.191135e-01,1.288441e-01,3.825125e-01,1.439466e-01,-7.000000e-03,-2.000000e-02,1.600269e-02,7.760000e+01,1.830000e+01,-1.096096e-01,9.157243e-03,-2.134222e-02,9.503914e-03,5.516036e+01,8.090742e+01,5.817534e+00,6.204955e+01,4.230273e+01,8.473648e-02,4.459925e-01
5.870000e+02,7.759318e+01,1.808302e+01,-1.283036e-01,1.256184e-01,4.025125e-01,1.636840e-01,-3.225698e-03,2.000000e-02,1.973739e-02,7.760000e+01,1.830000e+01,-1.096096e-01,6.824914e-03,2.169789e-01,1.869400e-02,5.516719e+01,8.112440e+01,5.836228e+00,6.204960e+01,4.234981e+01,8.508594e-02,4.467924e-01
5.880000e+02,7.758483e+01,1.806375e+01,-1.218215e-01,1.326184e-01,4.225125e-01,1.444508e-01,7.000000e-03,2.000000e-02,-1.923323e-02,7.760000e+01,1.830000e+01,-1.096096e-01,1.517175e-02,2.362479e-01,1.221183e-02,5.518236e+01,8.136065e+01,5.848440e+00,6.204983e+01,4.240562e+01,8.523507e-02,4.476114e-01
5.890000e+02,7.758087e+01,1.824134e+01,-1.124940e-01,1.391860e-01,4.025125e-01,1.246579e-01,6.567532e-03,-2.000000e-02,-1.979290e-02,7.760000e+01,1.830000e+01,-1.096096e-01,1.913361e-02,5.866414e-02,2.884427e-03,5.520149e+01,8.141931e+01,5.851324e+00,6.205020e+01,4.240906e+01,8.524339e-02,4.484462e-01
5.900000e+02,7.759060e+01,1.820592e+01,-1.180265e-01,1.321860e-01,4.225125e-01,1.416667e-01,-7.000000e-03,2.000000e-02,1.700884e-02,7.760000e+01,1.830000e+01,-1.096096e-01,9.398459e-03,9.408393e-02,8.416875e-03,5.521089e+01,8.151340e+01,5.859741e+00,6.205029e+01,4.241792e+01,8.531423e-02,4.491845e-01
5.910000e+02,7.758666e+01,1.836945e+01,-1.127773e-01,1.333888e-01,4.025125e-01,1.268558e-01,1.202856e-03,-2.000000e-02,-1.481094e-02,7.760000e+01,1.830000e+01,-1.096096e-01,1.334044e-02,-6.944956e-02,3.167722e-03,5.522423e+01,8.158285e+01,5.862909e+00,6.205046e+01,4.242274e+01,8.532427e-02,4.498054e-01
5.920000e+02,7.759084e+01,1.832137e+01,-1.197334e-01,1.275846e-01,3.825125e-01,1.456499e-01,-5.804278e-03,-2.000000e-02,1.879410e-02,7.760000e+01,1.830000e+01,-1.096096e-01,9.160538e-03,-2.136866e-02,1.012374e-02,5.523339e+01,8.160421e+01,5.873033e+00,6.205055e+01,4.242320e+01,8.542676e-02,4.505923e-01
5.930000e+02,7.759178e+01,1.808304e+01,-1.286470e-01,1.272887e-01,4.025125e-01,1.642603e-01,-2.958820e-04,2.000000e-02,1.861043e-02,7.760000e+01,1.830000e+01,-1.096096e-01,8.217320e-03,2.169552e-01,1.903742e-02,5.524161e+01,8.182117e+01,5.892070e+00,6.205062e+01,4.247026e+01,8.578918e-02,4.513387e-01
5.940000e+02,7.758485e+01,1.806374e+01,-1.213977e-01,1.342887e-01,4.225125e-01,1.432963e-01,7.000000e-03,2.000000e-02,-2.096397e-02,7.760000e+01,1.830000e+01,-1.096096e-01,1.514543e-02,2.362627e-01,1.178804e-02,5.525676e+01,8.205743e+01,5.903858e+00,6.205084e+01,4.252608e+01,8.592814e-02,4.522272e-01
5.950000e+02,7.758257e+01,1.824132e+01,-1.120523e-01,1.371481e-01,4.025125e-01,1.237671e-01,2.859387e-03,-2.000000e-02,-1.952920e-02,7.760000e+01,1.830000e+01,-1.096096e-01,1.743096e-02,5.867668e-02,2.442645e-03,5.527419e+01,8.211611e+01,5.906301e+00,6.205115e+01,4.252953e+01,8.593411e-02,4.530168e-01
5.960000e+02,7.759060e+01,1.820595e+01,-1.185411e-01,1.301481e-01,4.225125e-01,1.430785e-01,-7.000000e-03,2.000000e-02,1.931139e-02,7.760000e+01,1.830000e+01,-1.096096e-01,9.398711e-03,9.405105e-02,8.931491e-03,5.528358e+01,8.221016e+01,5.915232e+00,6.205124e+01,4.253837e+01,8.601388e-02,4.538387e-01
5.970000e+02,7.758461e+01,1.836948e+01,-1.133165e-01,1.358442e-01,4.025125e-01,1.279440e-01,5.696096e-03,-2.000000e-02,-1.513449e-02,7.760000e+01,1.830000e+01,-1.096096e-01,1.538658e-02,-6.947915e-02,3.706928e-03,5.529897e+01,8.227964e+01,5.918939e+00,6.205147e+01,4.254320e+01,8.602762e-02,4.545002e-01
5.980000e+02,7.759084e+01,1.832134e+01,-1.191136e-01,1.288442e-01,3.825125e-01,1.439467e-01,-7.000000e-03,-2.000000e-02,1.600269e-02,7.760000e+01,1.830000e+01,-1.096096e-01,9.157256e-03,-2.134222e-02,9.503953e-03,5.530813e+01,8.230098e+01,5.928443e+00,6.205156e+01,4.254366e+01,8.611794e-02,4.552053e-01
5.990000e+02,7.759318e+01,1.808302e+01,-1.283037e-01,1.256185e-01,4.025125e-01,1.636841e-01,-3.225699e-03,2.000000e-02,1.973739e-02,7.760000e+01,1.830000e+01,-1.096096e-01,6.824926e-03,2.169789e-01,1.869403e-02,5.531495e+01,8.251796e+01,5.947137e+00,6.205160e+01,4.259074e+01,8.646741e-02,4.560052e-01
6.000000e+02,7.758483e+01,1.806375e+01,-1.218215e-01,1.326185e-01,4.225125e-01,1.444509e-01,7.000000e-03,2.000000e-02,-1.923323e-02,7.760000e+01,1.830000e+01,-1.096096e-01,1.517176e-02,2.362480e-01,1.221187e-02,5.533013e+01,8.275421e+01,5.959349e+00,6.205183e+01,4.264655e+01,8.661654e-02,4.568242e-01
6.010000e+02,7.758087e+01,1.824134e+01,-1.124941e-01,1.391860e-01,4.025125e-01,1.246580e-01,6.567532e-03,-2.000000e-02,-1.979291e-02,7.760000e+01,1.830000e+01,-1.096096e-01,1.913362e-02,5.866415e-02,2.884464e-03,5.534926e+01,8.281287e+01,5.962233e+00,6.205220e+01,4.264999e+01,8.662486e-02,4.576590e-01
6.020000e+02,7.759060e+01,1.820592e+01,-1.180265e-01,1.321860e-01,4.225125e-01,1.416668e-01,-7.000000e-03,2.000000e-02,1.700883e-02,7.760000e+01,1.830000e+01,-1.096096e-01,9.398471e-03,9.408394e-02,8.416911e-03,5.535866e+01,8.290696e+01,5.970650e+00,6.205229e+01,4.265884e+01,8.669571e-02,4.583973e-01
6.030000e+02,7.758666e+01,1.836945e+01,-1.127774e-01,1.333888e-01,4.025125e-01,1.268559e-01,1.202855e-03,-2.000000e-02,-1.481095e-02,7.760000e+01,1.830000e+01,-1.096096e-01,1.334045e-02,-6.944956e-02,3.167758e-03,5.537200e+01,8.297641e+01,5.973818e+00,6.205247e+01,4.266367e+01,8.670574e-02,4.590182e-01
6.040000e+02,7.759084e+01,1.832137e+01,-1.197334e-01,1.275846e-01,3.825125e-01,1.456500e-01,-5.804277e-03,-2.000000e-02,1.879410e-02,7.760000e+01,1.830000e+01,-1.096096e-01,9.160550e-03,-2.136866e-02,1.012377e-02,5.538116e+01,8.299777e+01,5.983942e+00,6.205255e+01,4.266412e+01,8.680823e-02,4.598051e-01
6.050000e+02,7.759178e+01,1.808304e+01,-1.286471e-01,1.272887e-01,4.025125e-01,1.642604e-01,-2.958823e-04,2.000000e-02,1.861042e-02,7.760000e+01,1.830000e+01,-1.096096e-01,8.217332e-03,2.169552e-01,1.903745e-02,5.538938e+01,8.321473e+01,6.002979e+00,6.205262e+01,4.271119e+01,8.717066e-02,4.605515e-01
6.060000e+02,7.758485e+01,1.806374e+01,-1.213977e-01,1.342887e-01,4.225125e-01,1.432964e-01,7.000000e-03,2.000000e-02,-2.096397e-02,7.760000e+01,1.830000e+01,-1.096096e-01,1.514545e-02,2.362627e-01,1.178808e-02,5.540452e+01,8.345099e+01,6.014767e+00,6.205285e+01,4.276701e+01,8.730961e-02,4.614400e-01
6.070000e+02,7.758257e+01,1.824132e+01,-1.120523e-01,1.371481e-01,4.025125e-01,1.237672e-01,2.859387e-03,-2.000000e-02,-1.952921e-02,7.760000e+01,1.830000e+01,-1.096096e-01,1.743097e-02,5.867668e-02,2.442678e-03,5.542195e+01,8.350967e+01,6.017210e+00,6.205315e+01,4.277045e+01,8.731558e-02,4.622296e-01
6.080000e+02,7.759060e+01,1.820595e+01,-1.185411e-01,1.301481e-01,4.225125e-01,1.430786e-01,-7.000000e-03,2.000000e-02,1.931139e-02,7.760000e+01,1.830000e+01,-1.096096e-01,9.398722e-03,9.405105e-02,8.931523e-03,5.543135e+01,8.360372e+01,6.026142e+00,6.205324e+01,4.277930e+01,8.739535e-02,4.630515e-01
6.090000e+02,7.758461e+01,1.836948e+01,-1.133166e-01,1.358442e-01,4.025125e-01,1.279441e-01,5.696095e-03,-2.000000e-02,-1.513449e-02,7.760000e+01,1.830000e+01,-1.096096e-01,1.538660e-02,-6.947914e-02,3.706960e-03,5.544674e+01,8.367320e+01,6.029849e+00,6.205348e+01,4.278413e+01,8.740910e-02,4.637130e-01
6.100000e+02,7.759084e+01,1.832134e+01,-1.191136e-01,1.288442e-01,3.825125e-01,1.439468e-01,-7.000000e-03,-2.000000e-02,1.600268e-02,7.760000e+01,1.830000e+01,-1.096096e-01,9.157267e-03,-2.134222e-02,9.503984e-03,5.545589e+01,8.369454e+01,6.039353e+00,6.205356e+01,4.278458e+01,8.749942e-02,4.644181e-01
6.110000e+02,7.759318e+01,1.808302e+01,-1.283037e-01,1.256185e-01,4.025125e-01,1.636842e-01,-3.225700e-03,2.000000e-02,1.973739e-02,7.760000e+01,1.830000e+01,-1.096096e-01,6.824937e-03,2.169789e-01,1.869407e-02,5.546272e+01,8.391152e+01,6.058047e+00,6.205361e+01,4.283166e+01,8.784889e-02,4.652180e-01
6.120000e+02,7.758483e+01,1.806375e+01,-1.218215e-01,1.326185e-01,4.225125e-01,1.444509e-01,7.000000e-03,2.000000e-02,-1.923323e-02,7.760000e+01,1.830000e+01,-1.096096e-01,1.517177e-02,2.362480e-01,1.221190e-02,5.547789e+01,8.414777e+01,6.070259e+00,6.205384e+01,4.288748e+01,8.799802e-02,4.660370e-01
6.130000e+02,7.758087e+01,1.824134e+01,-1.124941e-01,1.391860e-01,4.025125e-01,1.246580e-01,6.567532e-03,-2.000000e-02,-1.979291e-02,7.760000e+01,1.830000e+01,-1.096096e-01,1.913363e-02,5.866415e-02,2.884494e-03,5.549703e+01,8.420643e+01,6.073143e+00,6.205420e+01,4.289092e+01,8.800634e-02,4.668719e-01
6.140000e+02,7.759060e+01,1.820592e+01,-1.180266e-01,1.321860e-01,4.225125e-01,1.416669e-01,-7.000000e-03,2.000000e-02,1.700883e-02,7.760000e+01,1.830000e+01,-1.096096e-01,9.398481e-03,9.408394e-02,8.416940e-03,5.550642e+01,8.430052e+01,6.081560e+00,6.205429e+01,4.289977e+01,8.807718e-02,4.676102e-01
6.150000e+02,7.758666e+01,1.836945e+01,-1.127774e-01,1.333889e-01,4.025125e-01,1.268559e-01,1.202854e-03,-2.000000e-02,-1.481095e-02,7.760000e+01,1.830000e+01,-1.096096e-01,1.334046e-02,-6.944955e-02,3.167786e-03,5.551976e+01,8.436997e+01,6.084728e+00,6.205447e+01,4.290459e+01,8.808722e-02,4.682310e-01
6.160000e+02,7.759084e+01,1.832137e+01,-1.197334e-01,1.275846e-01,3.825125e-01,1.456500e-01,-5.804277e-03,-2.000000e-02,1.879410e-02,7.760000e+01,1.830000e+01,-1.096096e-01,9.160560e-03,-2.136866e-02,1.012380e-02,5.552892e+01,8.439134e+01,6.094852e+00,6.205455e+01,4.290505e+01,8.818971e-02,4.690179e-01
6.170000e+02,7.759178e+01,1.808304e+01,-1.286471e-01,1.272887e-01,4.025125e-01,1.642604e-01,-2.958826e-04,2.000000e-02,1.861042e-02,7.760000e+01,1.830000e+01,-1.096096e-01,8.217341e-03,2.169552e-01,1.903748e-02,5.553714e+01,8.460829e+01,6.113889e+00,6.205462e+01,4.295212e+01,8.855214e-02,4.697643e-01
6.180000e+02,7.758485e+01,1.806374e+01,-1.213977e-01,1.342887e-01,4.225125e-01,1.432965e-01,7.000000e-03,2.000000e-02,-2.096397e-02,7.760000e+01,1.830000e+01,-1.096096e-01,1.514546e-02,2.362627e-01,1.178810e-02,5.555229e+01,8.484455e+01,6.125677e+00,6.205485e+01,4.300794e+01,8.869110e-02,4.706528e-01
6.190000e+02,7.758257e+01,1.824132e+01,-1.120523e-01,1.371481e-01,4.025125e-01,1.237672e-01,2.859386e-03,-2.000000e-02,-1.952921e-02,7.760000e+01,1.830000e+01,-1.096096e-01,1.743098e-02,5.867668e-02,2.442704e-03,5.556972e+01,8.490323e+01,6.128120e+00,6.205515e+01,4.301138e+01,8.869706e-02,4.714424e-01
6.200000e+02,7.759060e+01,1.820595e+01,-1.185412e-01,1.301481e-01,4.225125e-01,1.430786e-01,-7.000000e-03,2.000000e-02,1.931139e-02,7.760000e+01,1.830000e+01,-1.096096e-01,9.398731e-03,9.405106e-02,8.931549e-03,5.557912e+01,8.499728e+01,6.137051e+00,6.205524e+01,4.302023e+01,8.877684e-02,4.722643e-01
6.210000e+02,7.758461e+01,1.836948e+01,-1.133166e-01,1.358442e-01,4.025125e-01,1.279441e-01,5.696095e-03,-2.000000e-02,-1.513449e-02,7.760000e+01,1.830000e+01,-1.096096e-01,1.538660e-02,-6.947914e-02,3.706985e-03,5.559450e+01,8.506676e+01,6.140758e+00,6.205548e+01,4.302505e+01,8.879058e-02,4.729258e-01
6.220000e+02,7.759084e+01,1.832134e+01,-1.191136e-01,1.288442e-01,3.825125e-01,1.439468e-01,-7.000000e-03,-2.000000e-02,1.600268e-02,7.760000e+01,1.830000e+01,-1.096096e-01,9.157275e-03,-2.134221e-02,9.504009e-03,5.560366e+01,8.508810e+01,6.150262e+00,6.205556e+01,4.302551e+01,8.888090e-02,4.736309e-01
6.230000e+02,7.759318e+01,1.808302e+01,-1.283037e-01,1.256185e-01,4.025125e-01,1.636842e-01,-3.225700e-03,2.000000e-02,1.973738e-02,7.760000e+01,1.830000e+01,-1.096096e-01,6.824945e-03,2.169789e-01,1.869409e-02,5.561049e+01,8.530508e+01,6.168956e+00,6.205561e+01,4.307259e+01,8.923037e-02,4.744308e-01
6.240000e+02,7.758483e+01,1.806375e+01,-1.218215e-01,1.326185e-01,4.225125e-01,1.444510e-01,7.000000e-03,2.000000e-02,-1.923323e-02,7.760000e+01,1.830000e+01,-1.096096e-01,1.517178e-02,2.362480e-01,1.221192e-02,5.562566e+01,8.554133e+01,6.181168e+00,6.205584e+01,4.312840e+01,8.937950e-02,4.752498e-01
6.250000e+02,7.758087e+01,1.824134e+01,-1.124941e-01,1.391860e-01,4.025125e-01,1.246581e-01,6.567532e-03,-2.000000e-02,-1.979291e-02,7.760000e+01,1.830000e+01,-1.096096e-01,1.913364e-02,5.866415e-02,2.884517e-03,5.564479e+01,8.559999e+01,6.184053e+00,6.205621e+01,4.313184e+01,8.938782e-02,4.760847e-01
6.260000e+02,7.759060e+01,1.820592e+01,-1.180266e-01,1.321860e-01,4.225125e-01,1.416669e-01,-7.000000e-03,2.000000e-02,1.700883e-02,7.760000e+01,1.830000e+01,-1.096096e-01,9.398489e-03,9.408394e-02,8.416963e-03,5.565419e+01,8.569408e+01,6.192470e+00,6.205629e+01,4.314070e+01,8.945867e-02,4.768230e-01
6.270000e+02,7.758666e+01,1.836945e+01,-1.127774e-01,1.333889e-01,4.025125e-01,1.268560e-01,1.202854e-03,-2.000000e-02,-1.481095e-02,7.760000e+01,1.830000e+01,-1.096096e-01,1.334047e-02,-6.944955e-02,3.167809e-03,5.566753e+01,8.576353e+01,6.195638e+00,6.205647e+01,4.314552e+01,8.946870e-02,4.774438e-01
6.280000e+02,7.759084e+01,1.832137e+01,-1.197334e-01,1.275846e-01,3.825125e-01,1.456501e-01,-5.804277e-03,-2.000000e-02,1.879409e-02,7.760000e+01,1.830000e+01,-1.096096e-01,9.160567e-03,-2.136866e-02,1.012382e-02,5.567669e+01,8.578490e+01,6.205761e+00,6.205656e+01,4.314598e+01,8.957120e-02,4.782307e-01
6.290000e+02,7.759178e+01,1.808304e+01,-1.286471e-01,1.272887e-01,4.025125e-01,1.642605e-01,-2.958828e-04,2.000000e-02,1.861042e-02,7.760000e+01,1.830000e+01,-1.096096e-01,8.217348e-03,2.169552e-01,1.903750e-02,5.568491e+01,8.600185e+01,6.224799e+00,6.205662e+01,4.319305e+01,8.993362e-02,4.789771e-01
6.300000e+02,7.758485e+01,1.806374e+01,-1.213977e-01,1.342887e-01,4.225125e-01,1.432965e-01,7.000000e-03,2.000000e-02,-2.096397e-02,7.760000e+01,1.830000e+01,-1.096096e-01,1.514546e-02,2.362627e-01,1.178812e-02,5.570005e+01,8.623811e+01,6.236587e+00,6.205685e+01,4.324887e+01,9.007258e-02,4.798656e-01
6.310000e+02,7.758257e+01,1.824132e+01,-1.120523e-01,1.371481e-01,4.025125e-01,1.237673e-01,2.859386e-03,-2.000000e-02,-1.952921e-02,7.760000e+01,1.830000e+01,-1.096096e-01,1.743099e-02,5.867669e-02,2.442726e-03,5.571748e+01,8.629679e+01,6.239030e+00,6.205716e+01,4.325231e+01,9.007855e-02,4.806552e-01
6.320000e+02,7.759060e+01,1.820595e+01,-1.185412e-01,1.301481e-01,4.225125e-01,1.430787e-01,-7.000000e-03,2.000000e-02,1.931139e-02,7.760000e+01,1.830000e+01,-1.096096e-01,9.398738e-03,9.405106e-02,8.931570e-03,5.572688e+01,8.639084e+01,6.247961e+00,6.205725e+01,4.326115e+01,9.015832e-02,4.814771e-01
6.330000e+02,7.758461e+01,1.836948e+01,-1.133166e-01,1.358442e-01,4.025125e-01,1.279442e-01,5.696095e-03,-2.000000e-02,-1.513449e-02,7.760000e+01,1.830000e+01,-1.096096e-01,1.538661e-02,-6.947914e-02,3.707006e-03,5.574227e+01,8.646032e+01,6.251668e+00,6.205748e+01,4.326598e+01,9.017206e-02,4.821386e-01
6.340000e+02,7.759084e+01,1.832134e+01,-1.191137e-01,1.288442e-01,3.825125e-01,1.439469e-01,-7.000000e-03,-2.000000e-02,1.600268e-02,7.760000e+01,1.830000e+01,-1.096096e-01,9.157282e-03,-2.134221e-02,9.504029e-03,5.575143e+01,8.648166e+01,6.261172e+00,6.205757e+01,4.326644e+01,9.026239e-02,4.828437e-01
6.350000e+02,7.759318e+01,1.808302e+01,-1.283037e-01,1.256185e-01,4.025125e-01,1.636843e-01,-3.225701e-03,2.000000e-02,1.973738e-02,7.760000e+01,1.830000e+01,-1.096096e-01,6.824951e-03,2.169789e-01,1.869411e-02,5.575825e+01,8.669864e+01,6.279867e+00,6.205761e+01,4.331352e+01,9.061186e-02,4.836436e-01
6.360000e+02,7.758483e+01,1.806375e+01,-1.218216e-01,1.326185e-01,4.225125e-01,1.444510e-01,7.000000e-03,2.000000e-02,-1.923323e-02,7.760000e+01,1.830000e+01,-1.096096e-01,1.517179e-02,2.362480e-01,1.221194e-02,5.577342e+01,8.693489e+01,6.292079e+00,6.205784e+01,4.336933e+01,9.076099e-02,4.844626e-01
6.370000e+02,7.758087e+01,1.824134e+01,-1.124942e-01,1.391860e-01,4.025125e-01,1.246581e-01,6.567532e-03,-2.000000e-02,-1.979291e-02,7.760000e+01,1.830000e+01,-1.096096e-01,1.913365e-02,5.866415e-02,2.884537e-03,5.579256e+01,8.699355e+01,6.294963e+00,6.205821e+01,4.337277e+01,9.076931e-02,4.852975e-01
6.380000e+02,7.759060e+01,1.820592e+01,-1.180266e-01,1.321860e-01,4.225125e-01,1.416669e-01,-7.000000e-03,2.000000e-02,1.700883e-02,7.760000e+01,1.830000e+01,-1.096096e-01,9.398495e-03,9.408394e-02,8.416982e-03,5.580196e+01,8.708764e+01,6.303380e+00,6.205830e+01,4.338162e+01,9.084016e-02,4.860358e-01
6.390000e+02,7.758666e+01,1.836945e+01,-1.127774e-01,1.333889e-01,4.025125e-01,1.268560e-01,1.202853e-03,-2.000000e-02,-1.481095e-02,7.760000e+01,1.830000e+01,-1.096096e-01,1.334047e-02,-6.944955e-02,3.167828e-03,5.581530e+01,8.715709e+01,6.306548e+00,6.205848e+01,4.338645e+01,9.085019e-02,4.866566e-01
6.400000e+02,7.759084e+01,1.832137e+01,-1.197335e-01,1.275846e-01,3.825125e-01,1.456501e-01,-5.804277e-03,-2.000000e-02,1.879409e-02,7.760000e+01,1.830000e+01,-1.096096e-01,9.160574e-03,-2.136865e-02,1.012384e-02,5.582446e+01,8.717846e+01,6.316672e+00,6.205856e+01,4.338690e+01,9.095269e-02,4.874435e-01
6.410000e+02,7.759178e+01,1.808304e+01,-1.286471e-01,1.272887e-01,4.025125e-01,1.642605e-01,-2.958829e-04,2.000000e-02,1.861042e-02,7.760000e+01,1.830000e+01,-1.096096e-01,8.217354e-03,2.169552e-01,1.903752e-02,5.583267e+01,8.739541e+01,6.335709e+00,6.205863e+01,4.343397e+01,9.131511e-02,4.881899e-01
6.420000e+02,7.758485e+01,1.806374e+01,-1.213978e-01,1.342887e-01,4.225125e-01,1.432965e-01,7.000000e-03,2.000000e-02,-2.096398e-02,7.760000e+01,1.830000e+01,-1.096096e-01,1.514547e-02,2.362627e-01,1.178814e-02,5.584782e+01,8.763167e+01,6.347497e+00,6.205886e+01,4.348979e+01,9.145407e-02,4.890784e-01
6.430000e+02,7.758257e+01,1.824132e+01,-1.120524e-01,1.371481e-01,4.025125e-01,1.237673e-01,2.859386e-03,-2.000000e-02,-1.952921e-02,7.760000e+01,1.830000e+01,-1.096096e-01,1.743099e-02,5.867669e-02,2.442743e-03,5.586525e+01,8.769035e+01,6.349940e+00,6.205916e+01,4.349324e+01,9.146004e-02,4.898680e-01
6.440000e+02,7.759060e+01,1.820595e+01,-1.185412e-01,1.301481e-01,4.225125e-01,1.430787e-01,-7.000000e-03,2.000000e-02,1.931139e-02,7.760000e+01,1.830000e+01,-1.096096e-01,9.398743e-03,9.405106e-02,8.931587e-03,5.587465e+01,8.778440e+01,6.358872e+00,6.205925e+01,4.350208e+01,9.153981e-02,4.906899e-01
6.450000e+02,7.758461e+01,1.836948e+01,-1.133166e-01,1.358442e-01,4.025125e-01,1.279442e-01,5.696095e-03,-2.000000e-02,-1.513449e-02,7.760000e+01,1.830000e+01,-1.096096e-01,1.538662e-02,-6.947914e-02,3.707022e-03,5.589004e+01,8.785388e+01,6.362579e+00,6.205948e+01,4.350691e+01,9.155355e-02,4.913514e-01
6.460000e+02,7.759084e+01,1.832134e+01,-1.191137e-01,1.288442e-01,3.825125e-01,1.439469e-01,-7.000000e-03,-2.000000e-02,1.600268e-02,7.760000e+01,1.830000e+01,-1.096096e-01,9.157288e-03,-2.134221e-02,9.504046e-03,5.589919e+01,8.787522e+01,6.372083e+00,6.205957e+01,4.350736e+01,9.164388e-02,4.920565e-01
6.470000e+02,7.759318e+01,1.808302e+01,-1.283037e-01,1.256185e-01,4.025125e-01,1.636843e-01,-3.225701e-03,2.000000e-02,1.973738e-02,7.760000e+01,1.830000e+01,-1.096096e-01,6.824957e-03,2.169789e-01,1.869413e-02,5.590602e+01,8.809220e+01,6.390777e+00,6.205962e+01,4.355444e+01,9.199335e-02,4.928564e-01
6.480000e+02,7.758483e+01,1.806375e+01,-1.218216e-01,1.326185e-01,4.225125e-01,1.444511e-01,7.000000e-03,2.000000e-02,-1.923323e-02,7.760000e+01,1.830000e+01,-1.096096e-01,1.517179e-02,2.362480e-01,1.221196e-02,5.592119e+01,8.832845e+01,6.402989e+00,6.205985e+01,4.361026e+01,9.214248e-02,4.936754e-01
6.490000e+02,7.758087e+01,1.824134e+01,-1.124942e-01,1.391860e-01,4.025125e-01,1.246581e-01,6.567532e-03,-2.000000e-02,-1.979291e-02,7.760000e+01,1.830000e+01,-1.096096e-01,1.913365e-02,5.866416e-02,2.884552e-03,5.594032e+01,8.838711e+01,6.405873e+00,6.206021e+01,4.361370e+01,9.215080e-02,4.945103e-01
6.500000e+02,7.759060e+01,1.820592e+01,-1.180266e-01,1.321860e-01,4.225125e-01,1.416670e-01,-7.000000e-03,2.000000e-02,1.700883e-02,7.760000e+01,1.830000e+01,-1.096096e-01,9.398500e-03,9.408395e-02,8.416997e-03,5.594972e+01,8.848120e+01,6.414290e+00,6.206030e+01,4.362255e+01,9.222165e-02,4.952486e-01
6.510000e+02,7.758666e+01,1.836945e+01,-1.127775e-01,1.333889e-01,4.025125e-01,1.268560e-01,1.202853e-03,-2.000000e-02,-1.481095e-02,7.760000e+01,1.830000e+01,-1.096096e-01,1.334048e-02,-6.944955e-02,3.167842e-03,5.596306e+01,8.855065e+01,6.417458e+00,6.206048e+01,4.362737e+01,9.223169e-02,4.958694e-01
6.520000e+02,7.759084e+01,1.832137e+01,-1.197335e-01,1.275846e-01,3.825125e-01,1.456501e-01,-5.804277e-03,-2.000000e-02,1.879409e-02,7.760000e+01,1.830000e+01,-1.096096e-01,9.160579e-03,-2.136865e-02,1.012386e-02,5.597222e+01,8.857202e+01,6.427582e+00,6.206056e+01,4.362783e+01,9.233418e-02,4.966563e-01
6.530000e+02,7.759178e+01,1.808304e+01,-1.286472e-01,1.272887e-01,4.025125e-01,1.642605e-01,-2.958830e-04,2.000000e-02,1.861042e-02,7.760000e+01,1.830000e+01,-1.096096e-01,8.217359e-03,2.169552e-01,1.903753e-02,5.598044e+01,8.878897e+01,6.446620e+00,6.206063e+01,4.367490e+01,9.269661e-02,4.974027e-01
6.540000e+02,7.758485e+01,1.806374e+01,-1.213978e-01,1.342887e-01,4.225125e-01,1.432966e-01,7.000000e-03,2.000000e-02,-2.096398e-02,7.760000e+01,1.830000e+01,-1.096096e-01,1.514547e-02,2.362627e-01,1.178816e-02,5.599559e+01,8.902523e+01,6.458408e+00,6.206086e+01,4.373072e+01,9.283557e-02,4.982912e-01
6.550000e+02,7.758257e+01,1.824132e+01,-1.120524e-01,1.371481e-01,4.025125e-01,1.237674e-01,2.859385e-03,-2.000000e-02,-1.952921e-02,7.760000e+01,1.830000e+01,-1.096096e-01,1.743100e-02,5.867669e-02,2.442757e-03,5.601302e+01,8.908391e+01,6.460851e+00,6.206116e+01,4.373416e+01,9.284153e-02,4.990808e-01
6.560000e+02,7.759060e+01,1.820595e+01,-1.185412e-01,1.301481e-01,4.225125e-01,1.430787e-01,-7.000000e-03,2.000000e-02,1.931139e-02,7.760000e+01,1.830000e+01,-1.096096e-01,9.398748e-03,9.405106e-02,8.931601e-03,5.602242e+01,8.917796e+01,6.469782e+00,6.206125e+01,4.374301e+01,9.292131e-02,4.999027e-01
6.570000e+02,7.758461e+01,1.836948e+01,-1.133167e-01,1.358442e-01,4.025125e-01,1.279442e-01,5.696095e-03,-2.000000e-02,-1.513449e-02,7.760000e+01,1.830000e+01,-1.096096e-01,1.538662e-02,-6.947913e-02,3.707036e-03,5.603780e+01,8.924744e+01,6.473489e+00,6.206149e+01,4.374784e+01,9.293505e-02,5.005642e-01
6.580000e+02,7.759084e+01,1.832134e+01,-1.191137e-01,1.288442e-01,3.825125e-01,1.439469e-01,-7.000000e-03,-2.000000e-02,1.600268e-02,7.760000e+01,1.830000e+01,-1.096096e-01,9.157292e-03,-2.134221e-02,9.504059e-03,5.604696e+01,8.926878e+01,6.482993e+00,6.206157e+01,4.374829e+01,9.302538e-02,5.012693e-01
6.590000e+02,7.759318e+01,1.808302e+01,-1.283038e-01,1.256185e-01,4.025125e-01,1.636843e-01,-3.225701e-03,2.000000e-02,1.973738e-02,7.760000e+01,1.830000e+01,-1.096096e-01,6.824961e-03,2.169789e-01,1.869414e-02,5.605379e+01,8.948576e+01,6.501687e+00,6.206162e+01,4.379537e+01,9.337485e-02,5.020692e-01
6.600000e+02,7.758483e+01,1.806375e+01,-1.218216e-01,1.326185e-01,4.225125e-01,1.444511e-01,7.000000e-03,2.000000e-02,-1.923323e-02,7.760000e+01,1.830000e+01,-1.096096e-01,1.517179e-02,2.362480e-01,1.221197e-02,5.606896e+01,8.972201e+01,6.513899e+00,6.206185e+01,4.385118e+01,9.352398e-02,5.028882e-01
6.610000e+02,7.758087e+01,1.824134e+01,-1.124942e-01,1.391860e-01,4.025125e-01,1.246582e-01,6.567532e-03,-2.000000e-02,-1.979291e-02,7.760000e+01,1.830000e+01,-1.096096e-01,1.913365e-02,5.866416e-02,2.884564e-03,5.608809e+01,8.978067e+01,6.516784e+00,6.206221e+01,4.385463e+01,9.353230e-02,5.037231e-01
6.620000e+02,7.759060e+01,1.820592e+01,-1.180266e-01,1.321860e-01,4.225125e-01,1.416670e-01,-7.000000e-03,2.000000e-02,1.700883e-02,7.760000e+01,1.830000e+01,-1.096096e-01,9.398504e-03,9.408395e-02,8.417009e-03,5.609749e+01,8.987476e+01,6.525201e+00,6.206230e+01,4.386348e+01,9.360315e-02,5.044614e-01
6.630000e+02,7.758666e+01,1.836945e+01,-1.127775e-01,1.333889e-01,4.025125e-01,1.268560e-01,1.202853e-03,-2.000000e-02,-1.481095e-02,7.760000e+01,1.830000e+01,-1.096096e-01,1.334048e-02,-6.944955e-02,3.167854e-03,5.611083e+01,8.994421e+01,6.528369e+00,6.206248e+01,4.386830e+01,9.361318e-02,5.050822e-01
6.640000e+02,7.759084e+01,1.832137e+01,-1.197335e-01,1.275846e-01,3.825125e-01,1.456501e-01,-5.804277e-03,-2.000000e-02,1.879409e-02,7.760000e+01,1.830000e+01,-1.096096e-01,9.160583e-03,-2.136865e-02,1.012387e-02,5.611999e+01,8.996558e+01,6.538493e+00,6.206256e+01,4.386876e+01,9.371567e-02,5.058691e-01
6.650000e+02,7.759178e+01,1.808304e+01,-1.286472e-01,1.272887e-01,4.025125e-01,1.642606e-01,-2.958831e-04,2.000000e-02,1.861042e-02,7.760000e+01,1.830000e+01,-1.096096e-01,8.217363e-03,2.169552e-01,1.903754e-02,5.612821e+01,9.018253e+01,6.557530e+00,6.206263e+01,4.391583e+01,9.407810e-02,5.066155e-01
6.660000e+02,7.758485e+01,1.806374e+01,-1.213978e-01,1.342887e-01,4.225125e-01,1.432966e-01,7.000000e-03,2.000000e-02,-2.096398e-02,7.760000e+01,1.830000e+01,-1.096096e-01,1.514548e-02,2.362627e-01,1.178817e-02,5.614335e+01,9.041879e+01,6.569318e+00,6.206286e+01,4.397165e+01,9.421706e-02,5.075040e-01
6.670000e+02,7.758257e+01,1.824132e+01,-1.120524e-01,1.371481e-01,4.025125e-01,1.237674e-01,2.859385e-03,-2.000000e-02,-1.952921e-02,7.760000e+01,1.830000e+01,-1.096096e-01,1.743100e-02,5.867669e-02,2.442768e-03,5.616078e+01,9.047747e+01,6.571761e+00,6.206317e+01,4.397509e+01,9.422303e-02,5.082936e-01
6.680000e+02,7.759060e+01,1.820595e+01,-1.185412e-01,1.301481e-01,4.225125e-01,1.430788e-01,-7.000000e-03,2.000000e-02,1.931139e-02,7.760000e+01,1.830000e+01,-1.096096e-01,9.398752e-03,9.405106e-02,8.931612e-03,5.617018e+01,9.057152e+01,6.580693e+00,6.206325e+01,4.398394e+01,9.430280e-02,5.091155e-01
6.690000e+02,7.758461e+01,1.836948e+01,-1.133167e-01,1.358442e-01,4.025125e-01,1.279443e-01,5.696095e-03,-2.000000e-02,-1.513449e-02,7.760000e+01,1.830000e+01,-1.096096e-01,1.538662e-02,-6.947913e-02,3.707046e-03,5.618557e+01,9.064100e+01,6.584400e+00,6.206349e+01,4.398876e+01,9.431655e-02,5.097770e-01
6.700000e+02,7.759084e+01,1.832134e+01,-1.191137e-01,1.288442e-01,3.825125e-01,1.439469e-01,-7.000000e-03,-2.000000e-02,1.600268e-02,7.760000e+01,1.830000e+01,-1.096096e-01,9.157296e-03,-2.134221e-02,9.504069e-03,5.619473e+01,9.066234e+01,6.593904e+00,6.206357e+01,4.398922e+01,9.440687e-02,5.104821e-01
6.710000e+02,7.759318e+01,1.808302e+01,-1.283038e-01,1.256185e-01,4.025125e-01,1.636843e-01,-3.225701e-03,2.000000e-02,1.973738e-02,7.760000e+01,1.830000e+01,-1.096096e-01,6.824964e-03,2.169789e-01,1.869415e-02,5.620155e+01,9.087932e+01,6.612598e+00,6.206362e+01,4.403630e+01,9.475634e-02,5.112820e-01
6.720000e+02,7.758483e+01,1.806375e+01,-1.218216e-01,1.326185e-01,4.225125e-01,1.444511e-01,7.000000e-03,2.000000e-02,-1.923323e-02,7.760000e+01,1.830000e+01,-1.096096e-01,1.517180e-02,2.362480e-01,1.221198e-02,5.621672e+01,9.111557e+01,6.624810e+00,6.206385e+01,4.409211e+01,9.490548e-02,5.121010e-01
6.730000e+02,7.758087e+01,1.824134e+01,-1.124942e-01,1.391860e-01,4.025125e-01,1.246582e-01,6.567532e-03,-2.000000e-02,-1.979291e-02,7.760000e+01,1.830000e+01,-1.096096e-01,1.913366e-02,5.866416e-02,2.884574e-03,5.623586e+01,9.117423e+01,6.627695e+00,6.206422e+01,4.409555e+01,9.491380e-02,5.129359e-01
6.740000e+02,7.759060e+01,1.820592e+01,-1.180266e-01,1.321860e-01,4.225125e-01,1.416670e-01,-7.000000e-03,2.000000e-02,1.700883e-02,7.760000e+01,1.830000e+01,-1.096096e-01,9.398508e-03,9.408395e-02,8.417019e-03,5.624526e+01,9.126832e+01,6.636112e+00,6.206431e+01,4.410441e+01,9.498464e-02,5.136742e-01
6.750000e+02,7.758666e+01,1.836945e+01,-1.127775e-01,1.333889e-01,4.025125e-01,1.268561e-01,1.202852e-03,-2.000000e-02,-1.481095e-02,7.760000e+01,1.830000e+01,-1.096096e-01,1.334049e-02,-6.944954e-02,3.167864e-03,5.625860e+01,9.133777e+01,6.639279e+00,6.206448e+01,4.410923e+01,9.499468e-02,5.142950e-01
6.760000e+02,7.759084e+01,1.832137e+01,-1.197335e-01,1.275846e-01,3.825125e-01,1.456502e-01,-5.804277e-03,-2.000000e-02,1.879409e-02,7.760000e+01,1.830000e+01,-1.096096e-01,9.160586e-03,-2.136865e-02,1.012388e-02,5.626776e+01,9.135914e+01,6.649403e+00,6.206457e+01,4.410968e+01,9.509717e-02,5.150819e-01
6.770000e+02,7.759178e+01,1.808304e+01,-1.286472e-01,1.272887e-01,4.025125e-01,1.642606e-01,-2.958832e-04,2.000000e-02,1.861042e-02,7.760000e+01,1.830000e+01,-1.096096e-01,8.217366e-03,2.169552e-01,1.903755e-02,5.627597e+01,9.157609e+01,6.668441e+00,6.206463e+01,4.415675e+01,9.545960e-02,5.158283e-01
6.780000e+02,7.758485e+01,1.806374e+01,-1.213978e-01,1.342887e-01,4.225125e-01,1.432966e-01,7.000000e-03,2.000000e-02,-2.096398e-02,7.760000e+01,1.830000e+01,-1.096096e-01,1.514548e-02,2.362627e-01,1.178818e-02,5.629112e+01,9.181235e+01,6.680229e+00,6.206486e+01,4.421257e+01,9.559856e-02,5.167168e-01
6.790000e+02,7.758257e+01,1.824132e+01,-1.120524e-01,1.371481e-01,4.025125e-01,1.237674e-01,2.859385e-03,-2.000000e-02,-1.952921e-02,7.760000e+01,1.830000e+01,-1.096096e-01,1.743100e-02,5.867669e-02,2.442776e-03,5.630855e+01,9.187103e+01,6.682672e+00,6.206517e+01,4.421602e+01,9.560453e-02,5.175064e-01
6.800000e+02,7.759060e+01,1.820595e+01,-1.185412e-01,1.301481e-01,4.225125e-01,1.430788e-01,-7.000000e-03,2.000000e-02,1.931139e-02,7.760000e+01,1.830000e+01,-1.096096e-01,9.398755e-03,9.405106e-02,8.931620e-03,5.631795e+01,9.196508e+01,6.691603e+00,6.206526e+01,4.422486e+01,9.568430e-02,5.183283e-01
6.810000e+02,7.758461e+01,1.836948e+01,-1.133167e-01,1.358442e-01,4.025125e-01,1.279443e-01,5.696095e-03,-2.000000e-02,-1.513449e-02,7.760000e+01,1.830000e+01,-1.096096e-01,1.538663e-02,-6.947913e-02,3.707055e-03,5.633334e+01,9.203456e+01,6.695310e+00,6.206549e+01,4.422969e+01,9.569805e-02,5.189898e-01
6.820000e+02,7.759084e+01,1.832134e+01,-1.191137e-01,1.288442e-01,3.825125e-01,1.439470e-01,-7.000000e-03,-2.000000e-02,1.600268e-02,7.760000e+01,1.830000e+01,-1.096096e-01,9.157298e-03,-2.134221e-02,9.504078e-03,5.634249e+01,9.205590e+01,6.704815e+00,6.206558e+01,4.423015e+01,9.578837e-02,5.196949e-01
6.830000e+02,7.759318e+01,1.808302e+01,-1.283038e-01,1.256185e-01,4.025125e-01,1.636843e-01,-3.225702e-03,2.000000e-02,1.973738e-02,7.760000e+01,1.830000e+01,-1.096096e-01,6.824967e-03,2.169789e-01,1.869416e-02,5.634932e+01,9.227288e+01,6.723509e+00,6.206562e+01,4.427723e+01,9.613784e-02,5.204948e-01
6.840000e+02,7.758483e+01,1.806375e+01,-1.218216e-01,1.326185e-01,4.225125e-01,1.444511e-01,7.000000e-03,2.000000e-02,-1.923323e-02,7.760000e+01,1.830000e+01,-1.096096e-01,1.517180e-02,2.362480e-01,1.221199e-02,5.636449e+01,9.250913e+01,6.735721e+00,6.206585e+01,4.433304e+01,9.628698e-02,5.213138e-01
6.850000e+02,7.758087e+01,1.824134e+01,-1.124942e-01,1.391860e-01,4.025125e-01,1.246582e-01,6.567532e-03,-2.000000e-02,-1.979291e-02,7.760000e+01,1.830000e+01,-1.096096e-01,1.913366e-02,5.866416e-02,2.884582e-03,5.638362e+01,9.256779e+01,6.738605e+00,6.206622e+01,4.433648e+01,9.629530e-02,5.221487e-01
6.860000e+02,7.759060e+01,1.820592e+01,-1.180266e-01,1.321860e-01,4.225125e-01,1.416670e-01,-7.000000e-03,2.000000e-02,1.700883e-02,7.760000e+01,1.830000e+01,-1.096096e-01,9.398510e-03,9.408395e-02,8.417027e-03,5.639302e+01,9.266188e+01,6.747022e+00,6.206631e+01,4.434533e+01,9.636614e-02,5.228870e-01
6.870000e+02,7.758666e+01,1.836945e+01,-1.127775e-01,1.333889e-01,4.025125e-01,1.268561e-01,1.202852e-03,-2.000000e-02,-1.481095e-02,7.760000e+01,1.830000e+01,-1.096096e-01,1.334049e-02,-6.944954e-02,3.167871e-03,5.640636e+01,9.273133e+01,6.750190e+00,6.206649e+01,4.435016e+01,9.637618e-02,5.235078e-01
6.880000e+02,7.759084e+01,1.832137e+01,-1.197335e-01,1.275846e-01,3.825125e-01,1.456502e-01,-5.804277e-03,-2.000000e-02,1.879409e-02,7.760000e+01,1.830000e+01,-1.096096e-01,9.160588e-03,-2.136865e-02,1.012388e-02,5.641552e+01,9.275270e+01,6.760314e+00,6.206657e+01,4.435061e+01,9.647867e-02,5.242947e-01
6.890000e+02,7.759178e+01,1.808304e+01,-1.286472e-01,1.272887e-01,4.025125e-01,1.642606e-01,-2.958833e-04,2.000000e-02,1.861042e-02,7.760000e+01,1.830000e+01,-1.096096e-01,8.217369e-03,2.169552e-01,1.903756e-02,5.642374e+01,9.296965e+01,6.779352e+00,6.206664e+01,4.439768e+01,9.684110e-02,5.250411e-01
6.900000e+02,7.758485e+01,1.806374e+01,-1.213978e-01,1.342887e-01,4.225125e-01,1.432966e-01,7.000000e-03,2.000000e-02,-2.096398e-02,7.760000e+01,1.830000e+01,-1.096096e-01,1.514548e-02,2.362627e-01,1.178818e-02,5.643889e+01,9.320591e+01,6.791140e+00,6.206687e+01,4.445350e+01,9.698006e-02,5.259296e-01
6.910000e+02,7.758257e+01,1.824132e+01,-1.120524e-01,1.371481e-01,4.025125e-01,1.237674e-01,2.859385e-03,-2.000000e-02,-1.952921e-02,7.760000e+01,1.830000e+01,-1.096096e-01,1.743101e-02,5.867669e-02,2.442784e-03,5.645632e+01,9.326459e+01,6.793583e+00,6.206717e+01,4.445694e+01,9.698603e-02,5.267192e-01
6.920000e+02,7.759060e+01,1.820595e+01,-1.185412e-01,1.301481e-01,4.225125e-01,1.430788e-01,-7.000000e-03,2.000000e-02,1.931139e-02,7.760000e+01,1.830000e+01,-1.096096e-01,9.398757e-03,9.405106e-02,8.931627e-03,5.646572e+01,9.335864e+01,6.802514e+00,6.206726e+01,4.446579e+01,9.706580e-02,5.275411e-01
6.930000e+02,7.758461e+01,1.836948e+01,-1.133167e-01,1.358442e-01,4.025125e-01,1.279443e-01,5.696095e-03,-2.000000e-02,-1.513449e-02,7.760000e+01,1.830000e+01,-1.096096e-01,1.538663e-02,-6.947913e-02,3.707062e-03,5.648110e+01,9.342812e+01,6.806221e+00,6.206750e+01,4.447062e+01,9.707955e-02,5.282026e-01
6.940000e+02,7.759084e+01,1.832134e+01,-1.191137e-01,1.288442e-01,3.825125e-01,1.439470e-01,-7.000000e-03,-2.000000e-02,1.600268e-02,7.760000e+01,1.830000e+01,-1.096096e-01,9.157301e-03,-2.134220e-02,9.504084e-03,5.649026e+01,9.344946e+01,6.815725e+00,6.206758e+01,4.447107e+01,9.716987e-02,5.289077e-01
6.950000e+02,7.759318e+01,1.808302e+01,-1.283038e-01,1.256185e-01,4.025125e-01,1.636844e-01,-3.225702e-03,2.000000e-02,1.973738e-02,7.760000e+01,1.830000e+01,-1.096096e-01,6.824969e-03,2.169789e-01,1.869416e-02,5.649708e+01,9.366644e+01,6.834420e+00,6.206763e+01,4.451815e+01,9.751935e-02,5.297076e-01
6.960000e+02,7.758483e+01,1.806375e+01,-1.218216e-01,1.326185e-01,4.225125e-01,1.444511e-01,7.000000e-03,2.000000e-02,-1.923323e-02,7.760000e+01,1.830000e+01,-1.096096e-01,1.517180e-02,2.362480e-01,1.221200e-02,5.651226e+01,9.390269e+01,6.846632e+00,6.206786e+01,4.457397e+01,9.766848e-02,5.305266e-01
6.970000e+02,7.758087e+01,1.824134e+01,-1.124942e-01,1.391860e-01,4.025125e-01,1.246582e-01,6.567532e-03,-2.000000e-02,-1.979291e-02,7.760000e+01,1.830000e+01,-1.096096e-01,1.913366e-02,5.866416e-02,2.884589e-03,5.653139e+01,9.396135e+01,6.849516e+00,6.206822e+01,4.457741e+01,9.767680e-02,5.313615e-01
6.980000e+02,7.759060e+01,1.820592e+01,-1.180267e-01,1.321860e-01,4.225125e-01,1.416670e-01,-7.000000e-03,2.000000e-02,1.700883e-02,7.760000e+01,1.830000e+01,-1.096096e-01,9.398512e-03,9.408395e-02,8.417033e-03,5.654079e+01,9.405544e+01,6.857933e+00,6.206831e+01,4.458626e+01,9.774765e-02,5.320998e-01
6.990000e+02,7.758666e+01,1.836945e+01,-1.127775e-01,1.333889e-01,4.025125e-01,1.268561e-01,1.202852e-03,-2.000000e-02,-1.481095e-02,7.760000e+01,1.830000e+01,-1.096096e-01,1.334049e-02,-6.944954e-02,3.167878e-03,5.655413e+01,9.412489e+01,6.861101e+00,6.206849e+01,4.459108e+01,9.775768e-02,5.327206e-01
7.000000e+02,7.759084e+01,1.832137e+01,-1.197335e-01,1.275846e-01,3.825125e-01,1.456502e-01,-5.804276e-03,-2.000000e-02,1.879409e-02,7.760000e+01,1.830000e+01,-1.096096e-01,9.160590e-03,-2.136865e-02,1.012389e-02,5.656329e+01,9.414626e+01,6.871225e+00,6.206857e+01,4.459154e+01,9.786017e-02,5.335075e-01
7.010000e+02,7.759178e+01,1.808304e+01,-1.286472e-01,1.272887e-01,4.025125e-01,1.642606e-01,-2.958833e-04,2.000000e-02,1.861042e-02,7.760000e+01,1.830000e+01,-1.096096e-01,8.217371e-03,2.169552e-01,1.903757e-02,5.657151e+01,9.436321e+01,6.890262e+00,6.206864e+01,4.463861e+01,9.822260e-02,5.342539e-01
7.020000e+02,7.758485e+01,1.806374e+01,-1.213978e-01,1.342887e-01,4.225125e-01,1.432966e-01,7.000000e-03,2.000000e-02,-2.096398e-02,7.760000e+01,1.830000e+01,-1.096096e-01,1.514548e-02,2.362627e-01,1.178819e-02,5.658665e+01,9.459947e+01,6.902051e+00,6.206887e+01,4.469443e+01,9.836156e-02,5.351424e-01
7.030000e+02,7.758257e+01,1.824132e+01,-1.120524e-01,1.371481e-01,4.025125e-01,1.237674e-01,2.859385e-03,-2.000000e-02,-1.952921e-02,7.760000e+01,1.830000e+01,-1.096096e-01,1.743101e-02,5.867669e-02,2.442789e-03,5.660408e+01,9.465815e+01,6.904493e+00,6.206917e+01,4.469787e+01,9.836753e-02,5.359320e-01
7.040000e+02,7.759060e+01,1.820595e+01,-1.185413e-01,1.301481e-01,4.225125e-01,1.430788e-01,-7.000000e-03,2.000000e-02,1.931138e-02,7.760000e+01,1.830000e+01,-1.096096e-01,9.398759e-03,9.405107e-02,8.931633e-03,5.661348e+01,9.475220e+01,6.913425e+00,6.206926e+01,4.470672e+01,9.844731e-02,5.367539e-01
7.050000e+02,7.758461e+01,1.836948e+01,-1.133167e-01,1.358442e-01,4.025125e-01,1.279443e-01,5.696095e-03,-2.000000e-02,-1.513450e-02,7.760000e+01,1.830000e+01,-1.096096e-01,1.538663e-02,-6.947913e-02,3.707067e-03,5.662887e+01,9.482168e+01,6.917132e+00,6.206950e+01,4.471154e+01,9.846105e-02,5.374154e-01
7.060000e+02,7.759084e+01,1.832134e+01,-1.191137e-01,1.288442e-01,3.825125e-01,1.439470e-01,-7.000000e-03,-2.000000e-02,1.600268e-02,7.760000e+01,1.830000e+01,-1.096096e-01,9.157303e-03,-2.134220e-02,9.504090e-03,5.663803e+01,9.484302e+01,6.926636e+00,6.206958e+01,4.471200e+01,9.855138e-02,5.381205e-01
7.070000e+02,7.759318e+01,1.808302e+01,-1.283038e-01,1.256185e-01,4.025125e-01,1.636844e-01,-3.225702e-03,2.000000e-02,1.973738e-02,7.760000e+01,1.830000e+01,-1.096096e-01,6.824971e-03,2.169789e-01,1.869417e-02,5.664485e+01,9.506000e+01,6.945330e+00,6.206963e+01,4.475908e+01,9.890085e-02,5.389204e-01
7.080000e+02,7.758483e+01,1.806375e+01,-1.218216e-01,1.326185e-01,4.225125e-01,1.444511e-01,7.000000e-03,2.000000e-02,-1.923323e-02,7.760000e+01,1.830000e+01,-1.096096e-01,1.517180e-02,2.362480e-01,1.221200e-02,5.666002e+01,9.529625e+01,6.957542e+00,6.206986e+01,4.481489e+01,9.904998e-02,5.397394e-01
7.090000e+02,7.758087e+01,1.824134e+01,-1.124942e-01,1.391860e-01,4.025125e-01,1.246582e-01,6.567532e-03,-2.000000e-02,-1.979291e-02,7.760000e+01,1.830000e+01,-1.096096e-01,1.913366e-02,5.866416e-02,2.884594e-03,5.667916e+01,9.535491e+01,6.960427e+00,6.207023e+01,4.481833e+01,9.905830e-02,5.405743e-01
7.100000e+02,7.759060e+01,1.820592e+01,-1.180267e-01,1.321860e-01,4.225125e-01,1.416671e-01,-7.000000e-03,2.000000e-02,1.700883e-02,7.760000e+01,1.830000e+01,-1.096096e-01,9.398514e-03,9.408395e-02,8.417038e-03,5.668856e+01,9.544900e+01,6.968844e+00,6.207031e+01,4.482719e+01,9.912915e-02,5.413126e-01
7.110000e+02,7.758666e+01,1.836945e+01,-1.127775e-01,1.333889e-01,4.025125e-01,1.268561e-01,1.202852e-03,-2.000000e-02,-1.481095e-02,7.760000e+01,1.830000e+01,-1.096096e-01,1.334049e-02,-6.944954e-02,3.167883e-03,5.670190e+01,9.551845e+01,6.972012e+00,6.207049e+01,4.483201e+01,9.913918e-02,5.419334e-01
7.120000e+02,7.759084e+01,1.832137e+01,-1.197335e-01,1.275846e-01,3.825125e-01,1.456502e-01,-5.804276e-03,-2.000000e-02,1.879409e-02,7.760000e+01,1.830000e+01,-1.096096e-01,9.160592e-03,-2.136865e-02,1.012390e-02,5.671106e+01,9.553982e+01,6.982136e+00,6.207058e+01,4.483247e+01,9.924168e-02,5.427203e-01
7.130000e+02,7.759178e+01,1.808304e+01,-1.286472e-01,1.272887e-01,4.025125e-01,1.642606e-01,-2.958834e-04,2.000000e-02,1.861042e-02,7.760000e+01,1.830000e+01,-1.096096e-01,8.217372e-03,2.169552e-01,1.903757e-02,5.671927e+01,9.575677e+01,7.001173e+00,6.207064e+01,4.487954e+01,9.960411e-02,5.434667e-01
7.140000e+02,7.758485e+01,1.806374e+01,-1.213978e-01,1.342887e-01,4.225125e-01,1.432966e-01,7.000000e-03,2.000000e-02,-2.096398e-02,7.760000e+01,1.830000e+01,-1.096096e-01,1.514549e-02,2.362627e-01,1.178819e-02,5.673442e+01,9.599303e+01,7.012962e+00,6.207087e+01,4.493536e+01,9.974307e-02,5.443552e-01
7.150000e+02,7.758257e+01,1.824132e+01,-1.120524e-01,1.371481e-01,4.025125e-01,1.237674e-01,2.859385e-03,-2.000000e-02,-1.952921e-02,7.760000e+01,1.830000e+01,-1.096096e-01,1.743101e-02,5.867669e-02,2.442794e-03,5.675185e+01,9.605171e+01,7.015404e+00,6.207118e+01,4.493880e+01,9.974903e-02,5.451448e-01
7.160000e+02,7.759060e+01,1.820595e+01,-1.185413e-01,1.301481e-01,4.225125e-01,1.430788e-01,-7.000000e-03,2.000000e-02,1.931138e-02,7.760000e+01,1.830000e+01,-1.096096e-01,9.398761e-03,9.405107e-02,8.931638e-03,5.676125e+01,9.614576e+01,7.024336e+00,6.207126e+01,4.494764e+01,9.982881e-02,5.459667e-01
7.170000e+02,7.758461e+01,1.836948e+01,-1.133167e-01,1.358442e-01,4.025125e-01,1.279443e-01,5.696095e-03,-2.000000e-02,-1.513450e-02,7.760000e+01,1.830000e+01,-1.096096e-01,1.538663e-02,-6.947913e-02,3.707072e-03,5.677664e+01,9.621524e+01,7.028043e+00,6.207150e+01,4.495247e+01,9.984255e-02,5.466282e-01
7.180000e+02,7.759084e+01,1.832134e+01,-1.191137e-01,1.288442e-01,3.825125e-01,1.439470e-01,-7.000000e-03,-2.000000e-02,1.600268e-02,7.760000e+01,1.830000e+01,-1.096096e-01,9.157304e-03,-2.134220e-02,9.504094e-03,5.678579e+01,9.623658e+01,7.037547e+00,6.207159e+01,4.495293e+01,9.993288e-02,5.473333e-01
7.190000e+02,7.759318e+01,1.808302e+01,-1.283038e-01,1.256185e-01,4.025125e-01,1.636844e-01,-3.225702e-03,2.000000e-02,1.973738e-02,7.760000e+01,1.830000e+01,-1.096096e-01,6.824972e-03,2.169789e-01,1.869417e-02,5.679262e+01,9.645356e+01,7.056241e+00,6.207163e+01,4.500001e+01,1.002824e-01,5.481332e-01
7.200000e+02,7.758483e+01,1.806375e+01,-1.218216e-01,1.326185e-01,4.225125e-01,1.444511e-01,7.000000e-03,2.000000e-02,-1.923323e-02,7.760000e+01,1.830000e+01,-1.096096e-01,1.517181e-02,2.362480e-01,1.221201e-02,5.680779e+01,9.668981e+01,7.068453e+00,6.207186e+01,4.505582e+01,1.004315e-01,5.489522e-01
7.210000e+02,7.758087e+01,1.824134e+01,-1.124942e-01,1.391860e-01,4.025125e-01,1.246582e-01,6.567532e-03,-2.000000e-02,-1.979291e-02,7.760000e+01,1.830000e+01,-1.096096e-01,1.913367e-02,5.866416e-02,2.884598e-03,5.682692e+01,9.674847e+01,7.071338e+00,6.207223e+01,4.505926e+01,1.004398e-01,5.497871e-01
7.220000e+02,7.759060e+01,1.820592e+01,-1.180267e-01,1.321860e-01,4.225125e-01,1.416671e-01,-7.000000e-03,2.000000e-02,1.700883e-02,7.760000e+01,1.830000e+01,-1.096096e-01,9.398516e-03,9.408395e-02,8.417042e-03,5.683632e+01,9.684256e+01,7.079755e+00,6.207232e+01,4.506811e+01,1.005107e-01,5.505254e-01
7.230000e+02,7.758666e+01,1.836945e+01,-1.127775e-01,1.333889e-01,4.025125e-01,1.268561e-01,1.202852e-03,-2.000000e-02,-1.481095e-02,7.760000e+01,1.830000e+01,-1.096096e-01,1.334049e-02,-6.944954e-02,3.167887e-03,5.684966e+01,9.691201e+01,7.082923e+00,6.207249e+01,4.507294e+01,1.005207e-01,5.511462e-01
7.240000e+02,7.759084e+01,1.832137e+01,-1.197335e-01,1.275846e-01,3.825125e-01,1.456502e-01,-5.804276e-03,-2.000000e-02,1.879409e-02,7.760000e+01,1.830000e+01,-1.096096e-01,9.160593e-03,-2.136865e-02,1.012390e-02,5.685882e+01,9.693338e+01,7.093047e+00,6.207258e+01,4.507339e+01,1.006232e-01,5.519331e-01
7.250000e+02,7.759178e+01,1.808304e+01,-1.286472e-01,1.272887e-01,4.025125e-01,1.642606e-01,-2.958834e-04,2.000000e-02,1.861042e-02,7.760000e+01,1.830000e+01,-1.096096e-01,8.217374e-03,2.169552e-01,1.903758e-02,5.686704e+01,9.715033e+01,7.112084e+00,6.207265e+01,4.512046e+01,1.009856e-01,5.526795e-01
7.260000e+02,7.758485e+01,1.806374e+01,-1.213978e-01,1.342887e-01,4.225125e-01,1.432966e-01,7.000000e-03,2.000000e-02,-2.096398e-02,7.760000e+01,1.830000e+01,-1.096096e-01,1.514549e-02,2.362627e-01,1.178820e-02,5.688219e+01,9.738659e+01,7.123873e+00,6.207288e+01,4.517628e+01,1.011246e-01,5.535680e-01
7.270000e+02,7.758257e+01,1.824132e+01,-1.120524e-01,1.371481e-01,4.025125e-01,1.237674e-01,2.859385e-03,-2.000000e-02,-1.952921e-02,7.760000e+01,1.830000e+01,-1.096096e-01,1.743101e-02,5.867669e-02,2.442798e-03,5.689962e+01,9.744527e+01,7.126315e+00,6.207318e+01,4.517973e+01,1.011305e-01,5.543576e-01
7.280000e+02,7.759060e+01,1.820595e+01,-1.185413e-01,1.301481e-01,4.225125e-01,1.430788e-01,-7.000000e-03,2.000000e-02,1.931138e-02,7.760000e+01,1.830000e+01,-1.096096e-01,9.398762e-03,9.405107e-02,8.931641e-03,5.690902e+01,9.753932e+01,7.135247e+00,6.207327e+01,4.518857e+01,1.012103e-01,5.551795e-01
7.290000e+02,7.758461e+01,1.836948e+01,-1.133167e-01,1.358442e-01,4.025125e-01,1.279443e-01,5.696095e-03,-2.000000e-02,-1.513450e-02,7.760000e+01,1.830000e+01,-1.096096e-01,1.538663e-02,-6.947913e-02,3.707075e-03,5.692440e+01,9.760880e+01,7.138954e+00,6.207350e+01,4.519340e+01,1.012241e-01,5.558410e-01
7.300000e+02,7.759084e+01,1.832134e+01,-1.191137e-01,1.288442e-01,3.825125e-01,1.439470e-01,-7.000000e-03,-2.000000e-02,1.600268e-02,7.760000e+01,1.830000e+01,-1.096096e-01,9.157305e-03,-2.134220e-02,9.504098e-03,5.693356e+01,9.763014e+01,7.148458e+00,6.207359e+01,4.519385e+01,1.013144e-01,5.565461e-01
7.310000e+02,7.759318e+01,1.808302e+01,-1.283038e-01,1.256185e-01,4.025125e-01,1.636844e-01,-3.225702e-03,2.000000e-02,1.973738e-02,7.760000e+01,1.830000e+01,-1.096096e-01,6.824974e-03,2.169789e-01,1.869418e-02,5.694038e+01,9.784712e+01,7.167152e+00,6.207363e+01,4.524093e+01,1.016639e-01,5.573461e-01
7.320000e+02,7.758483e+01,1.806375e+01,-1.218216e-01,1.326185e-01,4.225125e-01,1.444512e-01,7.000000e-03,2.000000e-02,-1.923323e-02,7.760000e+01,1.830000e+01,-1.096096e-01,1.517181e-02,2.362480e-01,1.221201e-02,5.695556e+01,9.808337e+01,7.179364e+00,6.207386e+01,4.529675e+01,1.018130e-01,5.581650e-01
7.330000e+02,7.758087e+01,1.824134e+01,-1.124942e-01,1.391860e-01,4.025125e-01,1.246582e-01,6.567532e-03,-2.000000e-02,-1.979291e-02,7.760000e+01,1.830000e+01,-1.096096e-01,1.913367e-02,5.866416e-02,2.884601e-03,5.697469e+01,9.814204e+01,7.182249e+00,6.207423e+01,4.530019e+01,1.018213e-01,5.589999e-01
7.340000e+02,7.759060e+01,1.820592e+01,-1.180267e-01,1.321860e-01,4.225125e-01,1.416671e-01,-7.000000e-03,2.000000e-02,1.700883e-02,7.760000e+01,1.830000e+01,-1.096096e-01,9.398517e-03,9.408395e-02,8.417045e-03,5.698409e+01,9.823612e+01,7.190666e+00,6.207432e+01,4.530904e+01,1.018922e-01,5.597382e-01
7.350000e+02,7.758666e+01,1.836945e+01,-1.127775e-01,1.333889e-01,4.025125e-01,1.268561e-01,1.202852e-03,-2.000000e-02,-1.481095e-02,7.760000e+01,1.830000e+01,-1.096096e-01,1.334050e-02,-6.944954e-02,3.167890e-03,5.699743e+01,9.830557e+01,7.193834e+00,6.207450e+01,4.531386e+01,1.019022e-01,5.603590e-01
7.360000e+02,7.759084e+01,1.832137e+01,-1.197335e-01,1.275846e-01,3.825125e-01,1.456502e-01,-5.804276e-03,-2.000000e-02,1.879409e-02,7.760000e+01,1.830000e+01,-1.096096e-01,9.160594e-03,-2.136865e-02,1.012390e-02,5.700659e+01,9.832694e+01,7.203958e+00,6.207458e+01,4.531432e+01,1.020047e-01,5.611459e-01
7.370000e+02,7.759178e+01,1.808304e+01,-1.286472e-01,1.272887e-01,4.025125e-01,1.642606e-01,-2.958834e-04,2.000000e-02,1.861042e-02,7.760000e+01,1.830000e+01,-1.096096e-01,8.217375e-03,2.169552e-01,1.903758e-02,5.701481e+01,9.854389e+01,7.222995e+00,6.207465e+01,4.536139e+01,1.023671e-01,5.618923e-01
7.380000e+02,7.758485e+01,1.806374e+01,-1.213978e-01,1.342887e-01,4.225125e-01,1.432967e-01,7.000000e-03,2.000000e-02,-2.096398e-02,7.760000e+01,1.830000e+01,-1.096096e-01,1.514549e-02,2.362627e-01,1.178820e-02,5.702995e+01,9.878016e+01,7.234784e+00,6.207488e+01,4.541721e+01,1.025061e-01,5.627808e-01
7.390000e+02,7.758257e+01,1.824132e+01,-1.120524e-01,1.371481e-01,4.025125e-01,1.237674e-01,2.859385e-03,-2.000000e-02,-1.952921e-02,7.760000e+01,1.830000e+01,-1.096096e-01,1.743101e-02,5.867669e-02,2.442801e-03,5.704738e+01,9.883883e+01,7.237226e+00,6.207518e+01,4.542065e+01,1.025120e-01,5.635704e-01
7.400000e+02,7.759060e+01,1.820595e+01,-1.185413e-01,1.301481e-01,4.225125e-01,1.430788e-01,-7.000000e-03,2.000000e-02,1.931138e-02,7.760000e+01,1.830000e+01,-1.096096e-01,9.398763e-03,9.405107e-02,8.931644e-03,5.705678e+01,9.893288e+01,7.246158e+00,6.207527e+01,4.542950e+01,1.025918e-01,5.643923e-01
7.410000e+02,7.758461e+01,1.836948e+01,-1.133167e-01,1.358442e-01,4.025125e-01,1.279443e-01,5.696095e-03,-2.000000e-02,-1.513450e-02,7.760000e+01,1.830000e+01,-1.096096e-01,1.538664e-02,-6.947913e-02,3.707078e-03,5.707217e+01,9.900236e+01,7.249865e+00,6.207551e+01,4.543433e+01,1.026056e-01,5.650538e-01
7.420000e+02,7.759084e+01,1.832134e+01,-1.191137e-01,1.288442e-01,3.825125e-01,1.439470e-01,-7.000000e-03,-2.000000e-02,1.600268e-02,7.760000e+01,1.830000e+01,-1.096096e-01,9.157306e-03,-2.134220e-02,9.504100e-03,5.708133e+01,9.902370e+01,7.259369e+00,6.207559e+01,4.543478e+01,1.026959e-01,5.657589e-01
7.430000e+02,7.759318e+01,1.808302e+01,-1.283038e-01,1.256185e-01,4.025125e-01,1.636844e-01,-3.225702e-03,2.000000e-02,1.973738e-02,7.760000e+01,1.830000e+01,-1.096096e-01,6.824975e-03,2.169789e-01,1.869418e-02,5.708815e+01,9.924068e+01,7.278063e+00,6.207564e+01,4.548186e+01,1.030454e-01,5.665589e-01
7.440000e+02,7.758483e+01,1.806375e+01,-1.218216e-01,1.326185e-01,4.225125e-01,1.444512e-01,7.000000e-03,2.000000e-02,-1.923323e-02,7.760000e+01,1.830000e+01,-1.096096e-01,1.517181e-02,2.362480e-01,1.221201e-02,5.710332e+01,9.947693e+01,7.290275e+00,6.207587e+01,4.553767e+01,1.031945e-01,5.673778e-01
7.450000e+02,7.758087e+01,1.824134e+01,-1.124942e-01,1.391860e-01,4.025125e-01,1.246582e-01,6.567532e-03,-2.000000e-02,-1.979291e-02,7.760000e+01,1.830000e+01,-1.096096e-01,1.913367e-02,5.866416e-02,2.884604e-03,5.712246e+01,9.953560e+01,7.293160e+00,6.207623e+01,4.554112e+01,1.032028e-01,5.682127e-01
7.460000e+02,7.759060e+01,1.820592e+01,-1.180267e-01,1.321860e-01,4.225125e-01,1.416671e-01,-7.000000e-03,2.000000e-02,1.700883e-02,7.760000e+01,1.830000e+01,-1.096096e-01,9.398518e-03,9.408395e-02,8.417048e-03,5.713186e+01,9.962968e+01,7.301577e+00,6.207632e+01,4.554997e+01,1.032737e-01,5.689510e-01
7.470000e+02,7.758666e+01,1.836945e+01,-1.127775e-01,1.333889e-01,4.025125e-01,1.268561e-01,1.202852e-03,-2.000000e-02,-1.481095e-02,7.760000e+01,1.830000e+01,-1.096096e-01,1.334050e-02,-6.944954e-02,3.167892e-03,5.714520e+01,9.969913e+01,7.304745e+00,6.207650e+01,4.555479e+01,1.032837e-01,5.695718e-01
7.480000e+02,7.759084e+01,1.832137e+01,-1.197335e-01,1.275846e-01,3.825125e-01,1.456502e-01,-5.804276e-03,-2.000000e-02,1.879409e-02,7.760000e+01,1.830000e+01,-1.096096e-01,9.160595e-03,-2.136865e-02,1.012390e-02,5.715436e+01,9.972050e+01,7.314869e+00,6.207658e+01,4.555525e+01,1.033862e-01,5.703587e-01
7.490000e+02,7.759178e+01,1.808304e+01,-1.286472e-01,1.272887e-01,4.025125e-01,1.642606e-01,-2.958835e-04,2.000000e-02,1.861042e-02,7.760000e+01,1.830000e+01,-1.096096e-01,8.217376e-03,2.169552e-01,1.903758e-02,5.716257e+01,9.993745e+01,7.333906e+00,6.207665e+01,4.560232e+01,1.037486e-01,5.711051e-01
7.500000e+02,7.758485e+01,1.806374e+01,-1.213978e-01,1.342887e-01,4.225125e-01,1.432967e-01,7.000000e-03,2.000000e-02,-2.096398e-02,7.760000e+01,1.830000e+01,-1.096096e-01,1.514549e-02,2.362627e-01,1.178820e-02,5.717772e+01,1.001737e+02,7.345695e+00,6.207688e+01,4.565814e+01,1.038876e-01,5.719936e-01
7.510000e+02,7.758257e+01,1.824132e+01,-1.120524e-01,1.371481e-01,4.025125e-01,1.237674e-01,2.859385e-03,-2.000000e-02,-1.952921e-02,7.760000e+01,1.830000e+01,-1.096096e-01,1.743101e-02,5.867669e-02,2.442803e-03,5.719515e+01,1.002324e+02,7.348137e+00,6.207718e+01,4.566158e+01,1.038935e-01,5.727832e-01
7.520000e+02,7.759060e+01,1.820595e+01,-1.185413e-01,1.301481e-01,4.225125e-01,1.430788e-01,-7.000000e-03,2.000000e-02,1.931138e-02,7.760000e+01,1.830000e+01,-1.096096e-01,9.398764e-03,9.405107e-02,8.931646e-03,5.720455e+01,1.003264e+02,7.357069e+00,6.207727e+01,4.567043e+01,1.039733e-01,5.736051e-01
7.530000e+02,7.758461e+01,1.836948e+01,-1.133167e-01,1.358442e-01,4.025125e-01,1.279443e-01,5.696095e-03,-2.000000e-02,-1.513450e-02,7.760000e+01,1.830000e+01,-1.096096e-01,1.538664e-02,-6.947913e-02,3.707081e-03,5.721994e+01,1.003959e+02,7.360776e+00,6.207751e+01,4.567525e+01,1.039871e-01,5.742666e-01
7.540000e+02,7.759084e+01,1.832134e+01,-1.191137e-01,1.288442e-01,3.825125e-01,1.439470e-01,-7.000000e-03,-2.000000e-02,1.600268e-02,7.760000e+01,1.830000e+01,-1.096096e-01,9.157307e-03,-2.134220e-02,9.504103e-03,5.722909e+01,1.004173e+02,7.370280e+00,6.207759e+01,4.567571e+01,1.040774e-01,5.749717e-01
7.550000e+02,7.759318e+01,1.808302e+01,-1.283038e-01,1.256185e-01,4.025125e-01,1.636844e-01,-3.225702e-03,2.000000e-02,1.973738e-02,7.760000e+01,1.830000e+01,-1.096096e-01,6.824975e-03,2.169789e-01,1.869418e-02,5.723592e+01,1.006342e+02,7.388974e+00,6.207764e+01,4.572279e+01,1.044269e-01,5.757717e-01
7.560000e+02,7.758483e+01,1.806375e+01,-1.218216e-01,1.326185e-01,4.225125e-01,1.444512e-01,7.000000e-03,2.000000e-02,-1.923323e-02,7.760000e+01,1.830000e+01,-1.096096e-01,1.517181e-02,2.362480e-01,1.221201e-02,5.725109e+01,1.008705e+02,7.401186e+00,6.207787e+01,4.577860e+01,1.045760e-01,5.765906e-01
7.570000e+02,7.758087e+01,1.824134e+01,-1.124942e-01,1.391860e-01,4.025125e-01,1.246582e-01,6.567532e-03,-2.000000e-02,-1.979291e-02,7.760000e+01,1.830000e+01,-1.096096e-01,1.913367e-02,5.866416e-02,2.884606e-03,5.727022e+01,1.009292e+02,7.404071e+00,6.207824e+01,4.578204e+01,1.045843e-01,5.774255e-01
7.580000e+02,7.759060e+01,1.820592e+01,-1.180267e-01,1.321860e-01,4.225125e-01,1.416671e-01,-7.000000e-03,2.000000e-02,1.700883e-02,7.760000e+01,1.830000e+01,-1.096096e-01,9.398518e-03,9.408395e-02,8.417050e-03,5.727962e+01,1.010232e+02,7.412488e+00,6.207832e+01,4.579089e+01,1.046552e-01,5.781638e-01
7.590000e+02,7.758666e+01,1.836945e+01,-1.127775e-01,1.333889e-01,4.025125e-01,1.268561e-01,1.202851e-03,-2.000000e-02,-1.481095e-02,7.760000e+01,1.830000e+01,-1.096096e-01,1.334050e-02,-6.944954e-02,3.167894e-03,5.729296e+01,1.010927e+02,7.415656e+00,6.207850e+01,4.579572e+01,1.046652e-01,5.787846e-01
7.600000e+02,7.759084e+01,1.832137e+01,-1.197335e-01,1.275846e-01,3.825125e-01,1.456502e-01,-5.804276e-03,-2.000000e-02,1.879409e-02,7.760000e+01,1.830000e+01,-1.096096e-01,9.160596e-03,-2.136865e-02,1.012391e-02,5.730212e+01,1.011141e+02,7.425780e+00,6.207859e+01,4.579617e+01,1.047677e-01,5.795715e-01
7.610000e+02,7.759178e+01,1.808304e+01,-1.286472e-01,1.272887e-01,4.025125e-01,1.642606e-01,-2.958835e-04,2.000000e-02,1.861042e-02,7.760000e+01,1.830000e+01,-1.096096e-01,8.217376e-03,2.169552e-01,1.903758e-02,5.731034e+01,1.013310e+02,7.444818e+00,6.207865e+01,4.584324e+01,1.051301e-01,5.803179e-01
7.620000e+02,7.758485e+01,1.806374e+01,-1.213978e-01,1.342887e-01,4.225125e-01,1.432967e-01,7.000000e-03,2.000000e-02,-2.096398e-02,7.760000e+01,1.830000e+01,-1.096096e-01,1.514549e-02,2.362627e-01,1.178821e-02,5.732549e+01,1.015673e+02,7.456606e+00,6.207888e+01,4.589906e+01,1.052691e-01,5.812064e-01
7.630000e+02,7.758257e+01,1.824132e+01,-1.120524e-01,1.371481e-01,4.025125e-01,1.237674e-01,2.859384e-03,-2.000000e-02,-1.952921e-02,7.760000e+01,1.830000e+01,-1.096096e-01,1.743101e-02,5.867669e-02,2.442805e-03,5.734292e+01,1.016260e+02,7.459049e+00,6.207919e+01,4.590251e+01,1.052751e-01,5.819960e-01
7.640000e+02,7.759060e+01,1.820595e+01,-1.185413e-01,1.301481e-01,4.225125e-01,1.430788e-01,-7.000000e-03,2.000000e-02,1.931138e-02,7.760000e+01,1.830000e+01,-1.096096e-01,9.398764e-03,9.405107e-02,8.931648e-03,5.735232e+01,1.017200e+02,7.467980e+00,6.207928e+01,4.591135e+01,1.053548e-01,5.828179e-01
7.650000e+02,7.758461e+01,1.836948e+01,-1.133167e-01,1.358442e-01,4.025125e-01,1.279443e-01,5.696095e-03,-2.000000e-02,-1.513450e-02,7.760000e+01,1.830000e+01,-1.096096e-01,1.538664e-02,-6.947913e-02,3.707082e-03,5.736770e+01,1.017895e+02,7.471687e+00,6.207951e+01,4.591618e+01,1.053686e-01,5.834794e-01
7.660000e+02,7.759084e+01,1.832134e+01,-1.191137e-01,1.288442e-01,3.825125e-01,1.439470e-01,-7.000000e-03,-2.000000e-02,1.600268e-02,7.760000e+01,1.830000e+01,-1.096096e-01,9.157308e-03,-2.134220e-02,9.504105e-03,5.737686e+01,1.018108e+02,7.481191e+00,6.207960e+01,4.591664e+01,1.054589e-01,5.841845e-01
7.670000e+02,7.759318e+01,1.808302e+01,-1.283038e-01,1.256185e-01,4.025125e-01,1.636844e-01,-3.225702e-03,2.000000e-02,1.973738e-02,7.760000e+01,1.830000e+01,-1.096096e-01,6.824976e-03,2.169789e-01,1.869418e-02,5.738368e+01,1.020278e+02,7.499886e+00,6.207964e+01,4.596372e+01,1.058084e-01,5.849845e-01
7.680000e+02,7.758483e+01,1.806375e+01,-1.218216e-01,1.326185e-01,4.225125e-01,1.444512e-01,7.000000e-03,2.000000e-02,-1.923323e-02,7.760000e+01,1.830000e+01,-1.096096e-01,1.517181e-02,2.362480e-01,1.221202e-02,5.739886e+01,1.022641e+02,7.512098e+00,6.207987e+01,4.601953e+01,1.059575e-01,5.858034e-01
7.690000e+02,7.758087e+01,1.824134e+01,-1.124942e-01,1.391860e-01,4.025125e-01,1.246583e-01,6.567532e-03,-2.000000e-02,-1.979291e-02,7.760000e+01,1.830000e+01,-1.096096e-01,1.913367e-02,5.866416e-02,2.884608e-03,5.741799e+01,1.023227e+02,7.514982e+00,6.208024e+01,4.602297e+01,1.059658e-01,5.866383e-01
7.700000e+02,7.759060e+01,1.820592e+01,-1.180267e-01,1.321860e-01,4.225125e-01,1.416671e-01,-7.000000e-03,2.000000e-02,1.700883e-02,7.760000e+01,1.830000e+01,-1.096096e-01,9.398519e-03,9.408395e-02,8.417052e-03,5.742739e+01,1.024168e+02,7.523399e+00,6.208033e+01,4.603182e+01,1.060367e-01,5.873766e-01
7.710000e+02,7.758666e+01,1.836945e+01,-1.127775e-01,1.333889e-01,4.025125e-01,1.268561e-01,1.202851e-03,-2.000000e-02,-1.481095e-02,7.760000e+01,1.830000e+01,-1.096096e-01,1.334050e-02,-6.944954e-02,3.167896e-03,5.744073e+01,1.024862e+02,7.526567e+00,6.208051e+01,4.603665e+01,1.060467e-01,5.879974e-01
7.720000e+02,7.759084e+01,1.832137e+01,-1.197335e-01,1.275846e-01,3.825125e-01,1.456502e-01,-5.804276e-03,-2.000000e-02,1.879409e-02,7.760000e+01,1.830000e+01,-1.096096e-01,9.160597e-03,-2.136865e-02,1.012391e-02,5.744989e+01,1.025076e+02,7.536691e+00,6.208059e+01,4.603710e+01,1.061492e-01,5.887843e-01
7.730000e+02,7.759178e+01,1.808304e+01,-1.286472e-01,1.272887e-01,4.025125e-01,1.642606e-01,-2.958835e-04,2.000000e-02,1.861042e-02,7.760000e+01,1.830000e+01,-1.096096e-01,8.217377e-03,2.169552e-01,1.903759e-02,5.745811e+01,1.027246e+02,7.555729e+00,6.208066e+01,4.608417e+01,1.065116e-01,5.895307e-01
7.740000e+02,7.758485e+01,1.806374e+01,-1.213978e-01,1.342887e-01,4.225125e-01,1.432967e-01,7.000000e-03,2.000000e-02,-2.096398e-02,7.760000e+01,1.830000e+01,-1.096096e-01,1.514549e-02,2.362627e-01,1.178821e-02,5.747325e+01,1.029608e+02,7.567517e+00,6.208089e+01,4.613999e+01,1.066506e-01,5.904192e-01
7.750000e+02,7.758257e+01,1.824132e+01,-1.120524e-01,1.371481e-01,4.025125e-01,1.237675e-01,2.859384e-03,-2.000000e-02,-1.952921e-02,7.760000e+01,1.830000e+01,-1.096096e-01,1.743101e-02,5.867669e-02,2.442806e-03,5.749068e+01,1.030195e+02,7.569960e+00,6.208119e+01,4.614343e+01,1.066566e-01,5.912088e-01
7.760000e+02,7.759060e+01,1.820595e+01,-1.185413e-01,1.301481e-01,4.225125e-01,1.430788e-01,-7.000000e-03,2.000000e-02,1.931138e-02,7.760000e+01,1.830000e+01,-1.096096e-01,9.398765e-03,9.405107e-02,8.931650e-03,5.750008e+01,1.031136e+02,7.578891e+00,6.208128e+01,4.615228e+01,1.067363e-01,5.920307e-01
7.770000e+02,7.758461e+01,1.836948e+01,-1.133167e-01,1.358442e-01,4.025125e-01,1.279443e-01,5.696095e-03,-2.000000e-02,-1.513450e-02,7.760000e+01,1.830000e+01,-1.096096e-01,1.538664e-02,-6.947913e-02,3.707084e-03,5.751547e+01,1.031830e+02,7.582598e+00,6.208152e+01,4.615711e+01,1.067501e-01,5.926922e-01
7.780000e+02,7.759084e+01,1.832134e+01,-1.191137e-01,1.288442e-01,3.825125e-01,1.439470e-01,-7.000000e-03,-2.000000e-02,1.600268e-02,7.760000e+01,1.830000e+01,-1.096096e-01,9.157308e-03,-2.134220e-02,9.504106e-03,5.752463e+01,1.032044e+02,7.592102e+00,6.208160e+01,4.615756e+01,1.068404e-01,5.933973e-01
7.790000e+02,7.759318e+01,1.808302e+01,-1.283038e-01,1.256185e-01,4.025125e-01,1.636844e-01,-3.225702e-03,2.000000e-02,1.973738e-02,7.760000e+01,1.830000e+01,-1.096096e-01,6.824976e-03,2.169789e-01,1.869419e-02,5.753145e+01,1.034214e+02,7.610797e+00,6.208165e+01,4.620464e+01,1.071899e-01,5.941973e-01
7.800000e+02,7.758483e+01,1.806375e+01,-1.218216e-01,1.326185e-01,4.225125e-01,1.444512e-01,7.000000e-03,2.000000e-02,-1.923323e-02,7.760000e+01,1.830000e+01,-1.096096e-01,1.517181e-02,2.362480e-01,1.221202e-02,5.754662e+01,1.036576e+02,7.623009e+00,6.208188e+01,4.626046e+01,1.073390e-01,5.950162e-01
7.810000e+02,7.758087e+01,1.824134e+01,-1.124942e-01,1.391860e-01,4.025125e-01,1.246583e-01,6.567532e-03,-2.000000e-02,-1.979291e-02,7.760000e+01,1.830000e+01,-1.096096e-01,1.913367e-02,5.866416e-02,2.884609e-03,5.756576e+01,1.037163e+02,7.625893e+00,6.208224e+01,4.626390e+01,1.073473e-01,5.958511e-01
7.820000e+02,7.759060e+01,1.820592e+01,-1.180267e-01,1.321860e-01,4.225125e-01,1.416671e-01,-7.000000e-03,2.000000e-02,1.700883e-02,7.760000e+01,1.830000e+01,-1.096096e-01,9.398519e-03,9.408395e-02,8.417053e-03,5.757516e+01,1.038104e+02,7.634310e+00,6.208233e+01,4.627275e+01,1.074182e-01,5.965894e-01
7.830000e+02,7.758666e+01,1.836945e+01,-1.127775e-01,1.333889e-01,4.025125e-01,1.268561e-01,1.202851e-03,-2.000000e-02,-1.481095e-02,7.760000e+01,1.830000e+01,-1.096096e-01,1.334050e-02,-6.944954e-02,3.167897e-03,5.758850e+01,1.038798e+02,7.637478e+00,6.208251e+01,4.627757e+01,1.074282e-01,5.972102e-01
7.840000e+02,7.759084e+01,1.832137e+01,-1.197335e-01,1.275846e-01,3.825125e-01,1.456502e-01,-5.804276e-03,-2.000000e-02,1.879409e-02,7.760000e+01,1.830000e+01,-1.096096e-01,9.160597e-03,-2.136865e-02,1.012391e-02,5.759766e+01,1.039012e+02,7.647602e+00,6.208259e+01,4.627803e+01,1.075307e-01,5.979971e-01
7.850000e+02,7.759178e+01,1.808304e+01,-1.286472e-01,1.272887e-01,4.025125e-01,1.642606e-01,-2.958835e-04,2.000000e-02,1.861042e-02,7.760000e+01,1.830000e+01,-1.096096e-01,8.217377e-03,2.169552e-01,1.903759e-02,5.760587e+01,1.041181e+02,7.666640e+00,6.208266e+01,4.632510e+01,1.078931e-01,5.987435e-01
7.860000e+02,7.758485e+01,1.806374e+01,-1.213978e-01,1.342887e-01,4.225125e-01,1.432967e-01,7.000000e-03,2.000000e-02,-2.096398e-02,7.760000e+01,1.830000e+01,-1.096096e-01,1.514549e-02,2.362627e-01,1.178821e-02,5.762102e+01,1.043544e+02,7.678428e+00,6.208289e+01,4.638092e+01,1.080321e-01,5.996320e-01
7.870000e+02,7.758257e+01,1.824132e+01,-1.120524e-01,1.371481e-01,4.025125e-01,1.237675e-01,2.859384e-03,-2.000000e-02,-1.952921e-02,7.760000e+01,1.830000e+01,-1.096096e-01,1.743101e-02,5.867669e-02,2.442808e-03,5.763845e+01,1.044131e+02,7.680871e+00,6.208319e+01,4.638436e+01,1.080381e-01,6.004216e-01
7.880000e+02,7.759060e+01,1.820595e+01,-1.185413e-01,1.301481e-01,4.225125e-01,1.430788e-01,-7.000000e-03,2.000000e-02,1.931138e-02,7.760000e+01,1.830000e+01,-1.096096e-01,9.398765e-03,9.405107e-02,8.931651e-03,5.764785e+01,1.045071e+02,7.689802e+00,6.208328e+01,4.639321e+01,1.081178e-01,6.012435e-01
7.890000e+02,7.758461e+01,1.836948e+01,-1.133167e-01,1.358442e-01,4.025125e-01,1.279443e-01,5.696095e-03,-2.000000e-02,-1.513450e-02,7.760000e+01,1.830000e+01,-1.096096e-01,1.538664e-02,-6.947913e-02,3.707085e-03,5.766324e+01,1.045766e+02,7.693509e+00,6.208352e+01,4.639803e+01,1.081316e-01,6.019050e-01
7.900000e+02,7.759084e+01,1.832134e+01,-1.191137e-01,1.288442e-01,3.825125e-01,1.439470e-01,-7.000000e-03,-2.000000e-02,1.600268e-02,7.760000e+01,1.830000e+01,-1.096096e-01,9.157309e-03,-2.134220e-02,9.504107e-03,5.767239e+01,1.045979e+02,7.703014e+00,6.208360e+01,4.639849e+01,1.082219e-01,6.026101e-01
7.910000e+02,7.759318e+01,1.808302e+01,-1.283038e-01,1.256185e-01,4.025125e-01,1.636844e-01,-3.225702e-03,2.000000e-02,1.973738e-02,7.760000e+01,1.830000e+01,-1.096096e-01,6.824977e-03,2.169789e-01,1.869419e-02,5.767922e+01,1.048149e+02,7.721708e+00,6.208365e+01,4.644557e+01,1.085714e-01,6.034101e-01
7.920000e+02,7.758483e+01,1.806375e+01,-1.218216e-01,1.326185e-01,4.225125e-01,1.444512e-01,7.000000e-03,2.000000e-02,-1.923323e-02,7.760000e+01,1.830000e+01,-1.096096e-01,1.517181e-02,2.362480e-01,1.221202e-02,5.769439e+01,1.050512e+02,7.733920e+00,6.208388e+01,4.650138e+01,1.087205e-01,6.042290e-01
7.930000e+02,7.758087e+01,1.824134e+01,-1.124942e-01,1.391860e-01,4.025125e-01,1.246583e-01,6.567532e-03,-2.000000e-02,-1.979291e-02,7.760000e+01,1.830000e+01,-1.096096e-01,1.913367e-02,5.866416e-02,2.884610e-03,5.771352e+01,1.051098e+02,7.736804e+00,6.208424e+01,4.650482e+01,1.087288e-01,6.050639e-01
7.940000e+02,7.759060e+01,1.820592e+01,-1.180267e-01,1.321860e-01,4.225125e-01,1.416671e-01,-7.000000e-03,2.000000e-02,1.700883e-02,7.760000e+01,1.830000e+01,-1.096096e-01,9.398520e-03,9.408395e-02,8.417054e-03,5.772292e+01,1.052039e+02,7.745221e+00,6.208433e+01,4.651368e+01,1.087997e-01,6.058022e-01
7.950000e+02,7.758666e+01,1.836945e+01,-1.127775e-01,1.333889e-01,4.025125e-01,1.268561e-01,1.202851e-03,-2.000000e-02,-1.481095e-02,7.760000e+01,1.830000e+01,-1.096096e-01,1.334050e-02,-6.944954e-02,3.167898e-03,5.773626e+01,1.052734e+02,7.748389e+00,6.208451e+01,4.651850e+01,1.088097e-01,6.064230e-01
7.960000e+02,7.759084e+01,1.832137e+01,-1.197335e-01,1.275846e-01,3.825125e-01,1.456502e-01,-5.804276e-03,-2.000000e-02,1.879409e-02,7.760000e+01,1.830000e+01,-1.096096e-01,9.160597e-03,-2.136865e-02,1.012391e-02,5.774542e+01,1.052947e+02,7.758513e+00,6.208460e+01,4.651896e+01,1.089122e-01,6.072099e-01
7.970000e+02,7.759178e+01,1.808304e+01,-1.286472e-01,1.272887e-01,4.025125e-01,1.642606e-01,-2.958835e-04,2.000000e-02,1.861042e-02,7.760000e+01,1.830000e+01,-1.096096e-01,8.217378e-03,2.169552e-01,1.903759e-02,5.775364e+01,1.055117e+02,7.777551e+00,6.208466e+01,4.656603e+01,1.092746e-01,6.079563e-01
7.980000e+02,7.758485e+01,1.806374e+01,-1.213978e-01,1.342887e-01,4.225125e-01,1.432967e-01,7.000000e-03,2.000000e-02,-2.096398e-02,7.760000e+01,1.830000e+01,-1.096096e-01,1.514549e-02,2.362627e-01,1.178821e-02,5.776879e+01,1.057480e+02,7.789339e+00,6.208489e+01,4.662185e+01,1.094136e-01,6.088448e-01
7.990000e+02,7.758257e+01,1.824132e+01,-1.120524e-01,1.371481e-01,4.025125e-01,1.237675e-01,2.859384e-03,-2.000000e-02,-1.952921e-02,7.760000e+01,1.830000e+01,-1.096096e-01,1.743101e-02,5.867669e-02,2.442809e-03,5.778622e+01,1.058066e+02,7.791782e+00,6.208520e+01,4.662529e+01,1.094196e-01,6.096344e-01
8.000000e+02,7.759060e+01,1.820595e+01,-1.185413e-01,1.301481e-01,4.225125e-01,1.430788e-01,-7.000000e-03,2.000000e-02,1.931138e-02,7.760000e+01,1.830000e+01,-1.096096e-01,9.398766e-03,9.405107e-02,8.931652e-03,5.779562e+01,1.059007e+02,7.800714e+00,6.208528e+01,4.663413e+01,1.094993e-01,6.104563e-01
8.010000e+02,7.758461e+01,1.836948e+01,-1.133167e-01,1.358442e-01,4.025125e-01,1.279443e-01,5.696095e-03,-2.000000e-02,-1.513450e-02,7.760000e+01,1.830000e+01,-1.096096e-01,1.538664e-02,-6.947913e-02,3.707086e-03,5.781100e+01,1.059702e+02,7.804421e+00,6.208552e+01,4.663896e+01,1.095131e-01,6.111178e-01
8.020000e+02,7.759084e+01,1.832134e+01,-1.191137e-01,1.288442e-01,3.825125e-01,1.439470e-01,-7.000000e-03,-2.000000e-02,1.600268e-02,7.760000e+01,1.830000e+01,-1.096096e-01,9.157309e-03,-2.134220e-02,9.504108e-03,5.782016e+01,1.059915e+02,7.813925e+00,6.208560e+01,4.663942e+01,1.096034e-01,6.118229e-01
8.030000e+02,7.759318e+01,1.808302e+01,-1.283038e-01,1.256185e-01,4.025125e-01,1.636844e-01,-3.225702e-03,2.000000e-02,1.973738e-02,7.760000e+01,1.830000e+01,-1.096096e-01,6.824977e-03,2.169789e-01,1.869419e-02,5.782698e+01,1.062085e+02,7.832619e+00,6.208565e+01,4.668650e+01,1.099529e-01,6.126229e-01
8.040000e+02,7.758483e+01,1.806375e+01,-1.218216e-01,1.326185e-01,4.225125e-01,1.444512e-01,7.000000e-03,2.000000e-02,-1.923323e-02,7.760000e+01,1.830000e+01,-1.096096e-01,1.517181e-02,2.362480e-01,1.221202e-02,5.784216e+01,1.064447e+02,7.844831e+00,6.208588e+01,4.674231e+01,1.101020e-01,6.134418e-01
8.050000e+02,7.758087e+01,1.824134e+01,-1.124942e-01,1.391860e-01,4.025125e-01,1.246583e-01,6.567532e-03,-2.000000e-02,-1.979291e-02,7.760000e+01,1.830000e+01,-1.096096e-01,1.913367e-02,5.866416e-02,2.884611e-03,5.786129e+01,1.065034e+02,7.847716e+00,6.208625e+01,4.674575e+01,1.101103e-01,6.142767e-01
8.060000e+02,7.759060e+01,1.820592e+01,-1.180267e-01,1.321860e-01,4.225125e-01,1.416671e-01,-7.000000e-03,2.000000e-02,1.700883e-02,7.760000e+01,1.830000e+01,-1.096096e-01,9.398520e-03,9.408395e-02,8.417055e-03,5.787069e+01,1.065975e+02,7.856133e+00,6.208634e+01,4.675460e+01,1.101812e-01,6.150150e-01
8.070000e+02,7.758666e+01,1.836945e+01,-1.127775e-01,1.333889e-01,4.025125e-01,1.268561e-01,1.202851e-03,-2.000000e-02,-1.481095e-02,7.760000e+01,1.830000e+01,-1.096096e-01,1.334050e-02,-6.944954e-02,3.167899e-03,5.788403e+01,1.066669e+02,7.859300e+00,6.208651e+01,4.675943e+01,1.101912e-01,6.156358e-01
8.080000e+02,7.759084e+01,1.832137e+01,-1.197335e-01,1.275846e-01,3.825125e-01,1.456502e-01,-5.804276e-03,-2.000000e-02,1.879409e-02,7.760000e+01,1.830000e+01,-1.096096e-01,9.160598e-03,-2.136865e-02,1.012391e-02,5.789319e+01,1.066883e+02,7.869424e+00,6.208660e+01,4.675988e+01,1.102937e-01,6.164227e-01
8.090000e+02,7.759178e+01,1.808304e+01,-1.286472e-01,1.272887e-01,4.025125e-01,1.642606e-01,-2.958835e-04,2.000000e-02,1.861042e-02,7.760000e+01,1.830000e+01,-1.096096e-01,8.217378e-03,2.169552e-01,1.903759e-02,5.790141e+01,1.069053e+02,7.888462e+00,6.208667e+01,4.680695e+01,1.106562e-01,6.171691e-01
8.100000e+02,7.758485e+01,1.806374e+01,-1.213978e-01,1.342887e-01,4.225125e-01,1.432967e-01,7.000000e-03,2.000000e-02,-2.096398e-02,7.760000e+01,1.830000e+01,-1.096096e-01,1.514549e-02,2.362627e-01,1.178821e-02,5.791655e+01,1.071415e+02,7.900250e+00,6.208689e+01,4.686277e+01,1.107951e-01,6.180576e-01
8.110000e+02,7.758257e+01,1.824132e+01,-1.120524e-01,1.371481e-01,4.025125e-01,1.237675e-01,2.859384e-03,-2.000000e-02,-1.952921e-02,7.760000e+01,1.830000e+01,-1.096096e-01,1.743101e-02,5.867669e-02,2.442810e-03,5.793398e+01,1.072002e+02,7.902693e+00,6.208720e+01,4.686622e+01,1.108011e-01,6.188472e-01
8.120000e+02,7.759060e+01,1.820595e+01,-1.185413e-01,1.301481e-01,4.225125e-01,1.430788e-01,-7.000000e-03,2.000000e-02,1.931138e-02,7.760000e+01,1.830000e+01,-1.096096e-01,9.398766e-03,9.405107e-02,8.931653e-03,5.794338e+01,1.072942e+02,7.911625e+00,6.208729e+01,4.687506e+01,1.108809e-01,6.196691e-01
8.130000e+02,7.758461e+01,1.836948e+01,-1.133167e-01,1.358442e-01,4.025125e-01,1.279443e-01,5.696095e-03,-2.000000e-02,-1.513450e-02,7.760000e+01,1.830000e+01,-1.096096e-01,1.538664e-02,-6.947913e-02,3.707087e-03,5.795877e+01,1.073637e+02,7.915332e+00,6.208752e+01,4.687989e+01,1.108946e-01,6.203306e-01
8.140000e+02,7.759084e+01,1.832134e+01,-1.191137e-01,1.288442e-01,3.825125e-01,1.439470e-01,-7.000000e-03,-2.000000e-02,1.600268e-02,7.760000e+01,1.830000e+01,-1.096096e-01,9.157309e-03,-2.134220e-02,9.504109e-03,5.796793e+01,1.073851e+02,7.924836e+00,6.208761e+01,4.688034e+01,1.109849e-01,6.210357e-01
8.150000e+02,7.759318e+01,1.808302e+01,-1.283038e-01,1.256185e-01,4.025125e-01,1.636844e-01,-3.225702e-03,2.000000e-02,1.973738e-02,7.760000e+01,1.830000e+01,-1.096096e-01,6.824977e-03,2.169789e-01,1.869419e-02,5.797475e+01,1.076020e+02,7.943530e+00,6.208765e+01,4.692742e+01,1.113344e-01,6.218357e-01
8.160000e+02,7.758483e+01,1.806375e+01,-1.218216e-01,1.326185e-01,4.225125e-01,1.444512e-01,7.000000e-03,2.000000e-02,-1.923323e-02,7.760000e+01,1.830000e+01,-1.096096e-01,1.517181e-02,2.362480e-01,1.221202e-02,5.798992e+01,1.078383e+02,7.955742e+00,6.208788e+01,4.698324e+01,1.114835e-01,6.226546e-01
8.170000e+02,7.758087e+01,1.824134e+01,-1.124942e-01,1.391860e-01,4.025125e-01,1.246583e-01,6.567532e-03,-2.000000e-02,-1.979291e-02,7.760000e+01,1.830000e+01,-1.096096e-01,1.913367e-02,5.866416e-02,2.884612e-03,5.800906e+01,1.078970e+02,7.958627e+00,6.208825e+01,4.698668e+01,1.114919e-01,6.234895e-01
8.180000e+02,7.759060e+01,1.820592e+01,-1.180267e-01,1.321860e-01,4.225125e-01,1.416671e-01,-7.000000e-03,2.000000e-02,1.700883e-02,7.760000e+01,1.830000e+01,-1.096096e-01,9.398520e-03,9.408395e-02,8.417056e-03,5.801846e+01,1.079910e+02,7.967044e+00,6.208834e+01,4.699553e+01,1.115627e-01,6.242278e-01
8.190000e+02,7.758666e+01,1.836945e+01,-1.127775e-01,1.333889e-01,4.025125e-01,1.268561e-01,1.202851e-03,-2.000000e-02,-1.481095e-02,7.760000e+01,1.830000e+01,-1.096096e-01,1.334050e-02,-6.944954e-02,3.167900e-03,5.803180e+01,1.080605e+02,7.970212e+00,6.208852e+01,4.700035e+01,1.115727e-01,6.248486e-01
8.200000e+02,7.759084e+01,1.832137e+01,-1.197335e-01,1.275846e-01,3.825125e-01,1.456502e-01,-5.804276e-03,-2.000000e-02,1.879409e-02,7.760000e+01,1.830000e+01,-1.096096e-01,9.160598e-03,-2.136865e-02,1.012391e-02,5.804096e+01,1.080819e+02,7.980336e+00,6.208860e+01,4.700081e+01,1.116752e-01,6.256355e-01
8.210000e+02,7.759178e+01,1.808304e+01,-1.286472e-01,1.272887e-01,4.025125e-01,1.642606e-01,-2.958835e-04,2.000000e-02,1.861042e-02,7.760000e+01,1.830000e+01,-1.096096e-01,8.217378e-03,2.169552e-01,1.903759e-02,5.804917e+01,1.082988e+02,7.999373e+00,6.208867e+01,4.704788e+01,1.120377e-01,6.263819e-01
8.220000e+02,7.758485e+01,1.806374e+01,-1.213978e-01,1.342887e-01,4.225125e-01,1.432967e-01,7.000000e-03,2.000000e-02,-2.096398e-02,7.760000e+01,1.830000e+01,-1.096096e-01,1.514549e-02,2.362627e-01,1.178821e-02,5.806432e+01,1.085351e+02,8.011161e+00,6.208890e+01,4.710370e+01,1.121766e-01,6.272704e-01
8.230000e+02,7.758257e+01,1.824132e+01,-1.120524e-01,1.371481e-01,4.025125e-01,1.237675e-01,2.859384e-03,-2.000000e-02,-1.952921e-02,7.760000e+01,1.830000e+01,-1.096096e-01,1.743101e-02,5.867670e-02,2.442810e-03,5.808175e+01,1.085938e+02,8.013604e+00,6.208920e+01,4.710714e+01,1.121826e-01,6.280600e-01
8.240000e+02,7.759060e+01,1.820595e+01,-1.185413e-01,1.301481e-01,4.225125e-01,1.430788e-01,-7.000000e-03,2.000000e-02,1.931138e-02,7.760000e+01,1.830000e+01,-1.096096e-01,9.398766e-03,9.405107e-02,8.931654e-03,5.809115e+01,1.086878e+02,8.022536e+00,6.208929e+01,4.711599e+01,1.122624e-01,6.288819e-01
8.250000e+02,7.758461e+01,1.836948e+01,-1.133167e-01,1.358442e-01,4.025125e-01,1.279443e-01,5.696095e-03,-2.000000e-02,-1.513450e-02,7.760000e+01,1.830000e+01,-1.096096e-01,1.538664e-02,-6.947913e-02,3.707087e-03,5.810654e+01,1.087573e+02,8.026243e+00,6.208953e+01,4.712082e+01,1.122761e-01,6.295434e-01
8.260000e+02,7.759084e+01,1.832134e+01,-1.191137e-01,1.288442e-01,3.825125e-01,1.439470e-01,-7.000000e-03,-2.000000e-02,1.600268e-02,7.760000e+01,1.830000e+01,-1.096096e-01,9.157309e-03,-2.134220e-02,9.504110e-03,5.811569e+01,1.087786e+02,8.035747e+00,6.208961e+01,4.712127e+01,1.123664e-01,6.302485e-01
8.270000e+02,7.759318e+01,1.808302e+01,-1.283038e-01,1.256185e-01,4.025125e-01,1.636844e-01,-3.225702e-03,2.000000e-02,1.973738e-02,7.760000e+01,1.830000e+01,-1.096096e-01,6.824978e-03,2.169789e-01,1.869419e-02,5.812252e+01,1.089956e+02,8.054441e+00,6.208966e+01,4.716835e+01,1.127159e-01,6.310485e-01
8.280000e+02,7.758483e+01,1.806375e+01,-1.218216e-01,1.326185e-01,4.225125e-01,1.444512e-01,7.000000e-03,2.000000e-02,-1.923323e-02,7.760000e+01,1.830000e+01,-1.096096e-01,1.517181e-02,2.362480e-01,1.221202e-02,5.813769e+01,1.092319e+02,8.066653e+00,6.208989e+01,4.722416e+01,1.128650e-01,6.318674e-01
8.290000e+02,7.758087e+01,1.824134e+01,-1.124942e-01,1.391860e-01,4.025125e-01,1.246583e-01,6.567532e-03,-2.000000e-02,-1.979291e-02,7.760000e+01,1.830000e+01,-1.096096e-01,1.913367e-02,5.866416e-02,2.884613e-03,5.815682e+01,1.092905e+02,8.069538e+00,6.209025e+01,4.722761e+01,1.128734e-01,6.327023e-01
8.300000e+02,7.759060e+01,1.820592e+01,-1.180267e-01,1.321860e-01,4.225125e-01,1.416671e-01,-7.000000e-03,2.000000e-02,1.700883e-02,7.760000e+01,1.830000e+01,-1.096096e-01,9.398520e-03,9.408395e-02,8.417057e-03,5.816622e+01,1.093846e+02,8.077955e+00,6.209034e+01,4.723646e+01,1.129442e-01,6.334406e-01
8.310000e+02,7.758666e+01,1.836945e+01,-1.127775e-01,1.333889e-01,4.025125e-01,1.268561e-01,1.202851e-03,-2.000000e-02,-1.481095e-02,7.760000e+01,1.830000e+01,-1.096096e-01,1.334050e-02,-6.944954e-02,3.167901e-03,5.817956e+01,1.094541e+02,8.081123e+00,6.209052e+01,4.724128e+01,1.129542e-01,6.340614e-01
8.320000e+02,7.759084e+01,1.832137e+01,-1.197335e-01,1.275846e-01,3.825125e-01,1.456502e-01,-5.804276e-03,-2.000000e-02,1.879409e-02,7.760000e+01,1.830000e+01,-1.096096e-01,9.160598e-03,-2.136865e-02,1.012391e-02,5.818872e+01,1.094754e+02,8.091247e+00,6.209060e+01,4.724174e+01,1.130567e-01,6.348483e-01
8.330000e+02,7.759178e+01,1.808304e+01,-1.286472e-01,1.272887e-01,4.025125e-01,1.642606e-01,-2.958835e-04,2.000000e-02,1.861042e-02,7.760000e+01,1.830000e+01,-1.096096e-01,8.217378e-03,2.169552e-01,1.903759e-02,5.819694e+01,1.096924e+02,8.110284e+00,6.209067e+01,4.728881e+01,1.134192e-01,6.355947e-01
8.340000e+02,7.758485e+01,1.806374e+01,-1.213978e-01,1.342887e-01,4.225125e-01,1.432967e-01,7.000000e-03,2.000000e-02,-2.096398e-02,7.760000e+01,1.830000e+01,-1.096096e-01,1.514549e-02,2.362627e-01,1.178821e-02,5.821209e+01,1.099286e+02,8.122073e+00,6.209090e+01,4.734463e+01,1.135581e-01,6.364832e-01
8.350000e+02,7.758257e+01,1.824132e+01,-1.120524e-01,1.371481e-01,4.025125e-01,1.237675e-01,2.859384e-03,-2.000000e-02,-1.952921e-02,7.760000e+01,1.830000e+01,-1.096096e-01,1.743101e-02,5.867670e-02,2.442811e-03,5.822952e+01,1.099873e+02,8.124515e+00,6.209120e+01,4.734807e+01,1.135641e-01,6.372728e-01
8.360000e+02,7.759060e+01,1.820595e+01,-1.185413e-01,1.301481e-01,4.225125e-01,1.430788e-01,-7.000000e-03,2.000000e-02,1.931138e-02,7.760000e+01,1.830000e+01,-1.096096e-01,9.398766e-03,9.405107e-02,8.931654e-03,5.823892e+01,1.100814e+02,8.133447e+00,6.209129e+01,4.735692e+01,1.136439e-01,6.380947e-01
8.370000e+02,7.758461e+01,1.836948e+01,-1.133167e-01,1.358442e-01,4.025125e-01,1.279443e-01,5.696095e-03,-2.000000e-02,-1.513450e-02,7.760000e+01,1.830000e+01,-1.096096e-01,1.538664e-02,-6.947913e-02,3.707088e-03,5.825430e+01,1.101508e+02,8.137154e+00,6.209153e+01,4.736174e+01,1.136576e-01,6.387562e-01
8.380000e+02,7.759084e+01,1.832134e+01,-1.191137e-01,1.288442e-01,3.825125e-01,1.439470e-01,-7.000000e-03,-2.000000e-02,1.600268e-02,7.760000e+01,1.830000e+01,-1.096096e-01,9.157309e-03,-2.134220e-02,9.504110e-03,5.826346e+01,1.101722e+02,8.146658e+00,6.209161e+01,4.736220e+01,1.137479e-01,6.394613e-01
8.390000e+02,7.759318e+01,1.808302e+01,-1.283038e-01,1.256185e-01,4.025125e-01,1.636844e-01,-3.225702e-03,2.000000e-02,1.973738e-02,7.760000e+01,1.830000e+01,-1.096096e-01,6.824978e-03,2.169789e-01,1.869419e-02,5.827028e+01,1.103892e+02,8.165352e+00,6.209166e+01,4.740928e+01,1.140974e-01,6.402613e-01
8.400000e+02,7.758483e+01,1.806375e+01,-1.218216e-01,1.326185e-01,4.225125e-01,1.444512e-01,7.000000e-03,2.000000e-02,-1.923323e-02,7.760000e+01,1.830000e+01,-1.096096e-01,1.517181e-02,2.362480e-01,1.221202e-02,5.828546e+01,1.106254e+02,8.177564e+00,6.209189e+01,4.746509e+01,1.142465e-01,6.410802e-01
8.410000e+02,7.758087e+01,1.824134e+01,-1.124942e-01,1.391860e-01,4.025125e-01,1.246583e-01,6.567532e-03,-2.000000e-02,-1.979291e-02,7.760000e+01,1.830000e+01,-1.096096e-01,1.913367e-02,5.866416e-02,2.884613e-03,5.830459e+01,1.106841e+02,8.180449e+00,6.209226e+01,4.746853e+01,1.142549e-01,6.419151e-01
8.420000e+02,7.759060e+01,1.820592e+01,-1.180267e-01,1.321860e-01,4.225125e-01,1.416671e-01,-7.000000e-03,2.000000e-02,1.700883e-02,7.760000e+01,1.830000e+01,-1.096096e-01,9.398521e-03,9.408395e-02,8.417057e-03,5.831399e+01,1.107782e+02,8.188866e+00,6.209234e+01,4.747738e+01,1.143257e-01,6.426534e-01
8.430000e+02,7.758666e+01,1.836945e+01,-1.127775e-01,1.333889e-01,4.025125e-01,1.268561e-01,1.202851e-03,-2.000000e-02,-1.481095e-02,7.760000e+01,1.830000e+01,-1.096096e-01,1.334050e-02,-6.944954e-02,3.167901e-03,5.832733e+01,1.108476e+02,8.192034e+00,6.209252e+01,4.748221e+01,1.143358e-01,6.432742e-01
8.440000e+02,7.759084e+01,1.832137e+01,-1.197335e-01,1.275846e-01,3.825125e-01,1.456502e-01,-5.804276e-03,-2.000000e-02,1.879409e-02,7.760000e+01,1.830000e+01,-1.096096e-01,9.160598e-03,-2.136865e-02,1.012391e-02,5.833649e+01,1.108690e+02,8.202158e+00,6.209261e+01,4.748266e+01,1.144382e-01,6.440611e-01
8.450000e+02,7.759178e+01,1.808304e+01,-1.286472e-01,1.272887e-01,4.025125e-01,1.642607e-01,-2.958835e-04,2.000000e-02,1.861042e-02,7.760000e+01,1.830000e+01,-1.096096e-01,8.217378e-03,2.169552e-01,1.903759e-02,5.834471e+01,1.110859e+02,8.221195e+00,6.209267e+01,4.752973e+01,1.148007e-01,6.448075e-01
8.460000e+02,7.758485e+01,1.806374e+01,-1.213978e-01,1.342887e-01,4.225125e-01,1.432967e-01,7.000000e-03,2.000000e-02,-2.096398e-02,7.760000e+01,1.830000e+01,-1.096096e-01,1.514549e-02,2.362627e-01,1.178821e-02,5.835985e+01,1.113222e+02,8.232984e+00,6.209290e+01,4.758555e+01,1.149396e-01,6.456960e-01
8.470000e+02,7.758257e+01,1.824132e+01,-1.120524e-01,1.371481e-01,4.025125e-01,1.237675e-01,2.859384e-03,-2.000000e-02,-1.952921e-02,7.760000e+01,1.830000e+01,-1.096096e-01,1.743101e-02,5.867670e-02,2.442811e-03,5.837728e+01,1.113809e+02,8.235426e+00,6.209321e+01,4.758900e+01,1.149456e-01,6.464856e-01
8.480000e+02,7.759060e+01,1.820595e+01,-1.185413e-01,1.301481e-01,4.225125e-01,1.430788e-01,-7.000000e-03,2.000000e-02,1.931138e-02,7.760000e+01,1.830000e+01,-1.096096e-01,9.398766e-03,9.405107e-02,8.931654e-03,5.838668e+01,1.114749e+02,8.244358e+00,6.209330e+01,4.759784e+01,1.150254e-01,6.473075e-01
8.490000e+02,7.758461e+01,1.836948e+01,-1.133167e-01,1.358442e-01,4.025125e-01,1.279444e-01,5.696095e-03,-2.000000e-02,-1.513450e-02,7.760000e+01,1.830000e+01,-1.096096e-01,1.538664e-02,-6.947913e-02,3.707088e-03,5.840207e+01,1.115444e+02,8.248065e+00,6.209353e+01,4.760267e+01,1.150391e-01,6.479690e-01
8.500000e+02,7.759084e+01,1.832134e+01,-1.191137e-01,1.288442e-01,3.825125e-01,1.439470e-01,-7.000000e-03,-2.000000e-02,1.600268e-02,7.760000e+01,1.830000e+01,-1.096096e-01,9.157310e-03,-2.134220e-02,9.504110e-03,5.841123e+01,1.115657e+02,8.257569e+00,6.209362e+01,4.760313e+01,1.151294e-01,6.486741e-01
8.510000e+02,7.759318e+01,1.808302e+01,-1.283038e-01,1.256185e-01,4.025125e-01,1.636844e-01,-3.225702e-03,2.000000e-02,1.973738e-02,7.760000e+01,1.830000e+01,-1.096096e-01,6.824978e-03,2.169789e-01,1.869419e-02,5.841805e+01,1.117827e+02,8.276264e+00,6.209366e+01,4.765021e+01,1.154789e-01,6.494741e-01
8.520000e+02,7.758483e+01,1.806375e+01,-1.218216e-01,1.326185e-01,4.225125e-01,1.444512e-01,7.000000e-03,2.000000e-02,-1.923323e-02,7.760000e+01,1.830000e+01,-1.096096e-01,1.517181e-02,2.362480e-01,1.221202e-02,5.843322e+01,1.120190e+02,8.288476e+00,6.209389e+01,4.770602e+01,1.156281e-01,6.502930e-01
8.530000e+02,7.758087e+01,1.824134e+01,-1.124942e-01,1.391860e-01,4.025125e-01,1.246583e-01,6.567532e-03,-2.000000e-02,-1.979291e-02,7.760000e+01,1.830000e+01,-1.096096e-01,1.913367e-02,5.866416e-02,2.884613e-03,5.845236e+01,1.120776e+02,8.291360e+00,6.209426e+01,4.770946e+01,1.156364e-01,6.511279e-01
8.540000e+02,7.759060e+01,1.820592e+01,-1.180267e-01,1.321860e-01,4.225125e-01,1.416671e-01,-7.000000e-03,2.000000e-02,1.700883e-02,7.760000e+01,1.830000e+01,-1.096096e-01,9.398521e-03,9.408395e-02,8.417057e-03,5.846176e+01,1.121717e+02,8.299777e+00,6.209435e+01,4.771831e+01,1.157072e-01,6.518662e-01
8.550000e+02,7.758666e+01,1.836945e+01,-1.127775e-01,1.333889e-01,4.025125e-01,1.268561e-01,1.202851e-03,-2.000000e-02,-1.481095e-02,7.760000e+01,1.830000e+01,-1.096096e-01,1.334050e-02,-6.944954e-02,3.167901e-03,5.847510e+01,1.122412e+02,8.302945e+00,6.209453e+01,4.772314e+01,1.157173e-01,6.524870e-01
8.560000e+02,7.759084e+01,1.832137e+01,-1.197335e-01,1.275846e-01,3.825125e-01,1.456502e-01,-5.804276e-03,-2.000000e-02,1.879409e-02,7.760000e+01,1.830000e+01,-1.096096e-01,9.160598e-03,-2.136865e-02,1.012391e-02,5.848426e+01,1.122625e+02,8.313069e+00,6.209461e+01,4.772359e+01,1.158198e-01,6.532739e-01
8.570000e+02,7.759178e+01,1.808304e+01,-1.286472e-01,1.272887e-01,4.025125e-01,1.642607e-01,-2.958835e-04,2.000000e-02,1.861042e-02,7.760000e+01,1.830000e+01,-1.096096e-01,8.217379e-03,2.169552e-01,1.903759e-02,5.849247e+01,1.124795e+02,8.332107e+00,6.209468e+01,4.777066e+01,1.161822e-01,6.540203e-01
8.580000e+02,7.758485e+01,1.806374e+01,-1.213978e-01,1.342887e-01,4.225125e-01,1.432967e-01,7.000000e-03,2.000000e-02,-2.096398e-02,7.760000e+01,1.830000e+01,-1.096096e-01,1.514549e-02,2.362627e-01,1.178821e-02,5.850762e+01,1.127158e+02,8.343895e+00,6.209491e+01,4.782648e+01,1.163211e-01,6.549088e-01
8.590000e+02,7.758257e+01,1.824132e+01,-1.120524e-01,1.371481e-01,4.025125e-01,1.237675e-01,2.859384e-03,-2.000000e-02,-1.952921e-02,7.760000e+01,1.830000e+01,-1.096096e-01,1.743101e-02,5.867670e-02,2.442811e-03,5.852505e+01,1.127744e+02,8.346338e+00,6.209521e+01,4.782992e+01,1.163271e-01,6.556984e-01
8.600000e+02,7.759060e+01,1.820595e+01,-1.185413e-01,1.301481e-01,4.225125e-01,1.430788e-01,-7.000000e-03,2.000000e-02,1.931138e-02,7.760000e+01,1.830000e+01,-1.096096e-01,9.398766e-03,9.405107e-02,8.931655e-03,5.853445e+01,1.128685e+02,8.355269e+00,6.209530e+01,4.783877e+01,1.164069e-01,6.565203e-01
8.610000e+02,7.758461e+01,1.836948e+01,-1.133167e-01,1.358442e-01,4.025125e-01,1.279444e-01,5.696095e-03,-2.000000e-02,-1.513450e-02,7.760000e+01,1.830000e+01,-1.096096e-01,1.538664e-02,-6.947913e-02,3.707089e-03,5.854984e+01,1.129380e+02,8.358976e+00,6.209553e+01,4.784360e+01,1.164206e-01,6.571818e-01
8.620000e+02,7.759084e+01,1.832134e+01,-1.191137e-01,1.288442e-01,3.825125e-01,1.439470e-01,-7.000000e-03,-2.000000e-02,1.600268e-02,7.760000e+01,1.830000e+01,-1.096096e-01,9.157310e-03,-2.134220e-02,9.504111e-03,5.855899e+01,1.129593e+02,8.368480e+00,6.209562e+01,4.784405e+01,1.165110e-01,6.578869e-01
8.630000e+02,7.759318e+01,1.808302e+01,-1.283038e-01,1.256185e-01,4.025125e-01,1.636844e-01,-3.225702e-03,2.000000e-02,1.973738e-02,7.760000e+01,1.830000e+01,-1.096096e-01,6.824978e-03,2.169789e-01,1.869419e-02,5.856582e+01,1.131763e+02,8.387175e+00,6.209567e+01,4.789113e+01,1.168604e-01,6.586869e-01
8.640000e+02,7.758483e+01,1.806375e+01,-1.218216e-01,1.326185e-01,4.225125e-01,1.444512e-01,7.000000e-03,2.000000e-02,-1.923323e-02,7.760000e+01,1.830000e+01,-1.096096e-01,1.517181e-02,2.362480e-01,1.221202e-02,5.858099e+01,1.134125e+02,8.399387e+00,6.209590e+01,4.794695e+01,1.170096e-01,6.595058e-01
8.650000e+02,7.758087e+01,1.824134e+01,-1.124942e-01,1.391860e-01,4.025125e-01,1.246583e-01,6.567532e-03,-2.000000e-02,-1.979291e-02,7.760000e+01,1.830000e+01,-1.096096e-01,1.913367e-02,5.866416e-02,2.884614e-03,5.860012e+01,1.134712e+02,8.402271e+00,6.209626e+01,4.795039e+01,1.170179e-01,6.603407e-01
8.660000e+02,7.759060e+01,1.820592e+01,-1.180267e-01,1.321860e-01,4.225125e-01,1.416671e-01,-7.000000e-03,2.000000e-02,1.700883e-02,7.760000e+01,1.830000e+01,-1.096096e-01,9.398521e-03,9.408395e-02,8.417058e-03,5.860952e+01,1.135653e+02,8.410688e+00,6.209635e+01,4.795924e+01,1.170887e-01,6.610790e-01
8.670000e+02,7.758666e+01,1.836945e+01,-1.127775e-01,1.333889e-01,4.025125e-01,1.268561e-01,1.202851e-03,-2.000000e-02,-1.481095e-02,7.760000e+01,1.830000e+01,-1.096096e-01,1.334050e-02,-6.944954e-02,3.167902e-03,5.862286e+01,1.136347e+02,8.413856e+00,6.209653e+01,4.796406e+01,1.170988e-01,6.616998e-01
8.680000e+02,7.759084e+01,1.832137e+01,-1.197335e-01,1.275846e-01,3.825125e-01,1.456502e-01,-5.804276e-03,-2.000000e-02,1.879409e-02,7.760000e+01,1.830000e+01,-1.096096e-01,9.160598e-03,-2.136865e-02,1.012391e-02,5.863202e+01,1.136561e+02,8.423980e+00,6.209661e+01,4.796452e+01,1.172013e-01,6.624867e-01
8.690000e+02,7.759178e+01,1.808304e+01,-1.286472e-01,1.272887e-01,4.025125e-01,1.642607e-01,-2.958835e-04,2.000000e-02,1.861042e-02,7.760000e+01,1.830000e+01,-1.096096e-01,8.217379e-03,2.169552e-01,1.903759e-02,5.864024e+01,1.138731e+02,8.443018e+00,6.209668e+01,4.801159e+01,1.175637e-01,6.632331e-01
8.700000e+02,7.758485e+01,1.806374e+01,-1.213978e-01,1.342887e-01,4.225125e-01,1.432967e-01,7.000000e-03,2.000000e-02,-2.096398e-02,7.760000e+01,1.830000e+01,-1.096096e-01,1.514549e-02,2.362627e-01,1.178821e-02,5.865539e+01,1.141093e+02,8.454806e+00,6.209691e+01,4.806741e+01,1.177027e-01,6.641216e-01
8.710000e+02,7.758257e+01,1.824132e+01,-1.120524e-01,1.371481e-01,4.025125e-01,1.237675e-01,2.859384e-03,-2.000000e-02,-1.952921e-02,7.760000e+01,1.830000e+01,-1.096096e-01,1.743101e-02,5.867670e-02,2.442812e-03,5.867282e+01,1.141680e+02,8.457249e+00,6.209721e+01,4.807085e+01,1.177086e-01,6.649112e-01
8.720000e+02,7.759060e+01,1.820595e+01,-1.185413e-01,1.301481e-01,4.225125e-01,1.430788e-01,-7.000000e-03,2.000000e-02,1.931138e-02,7.760000e+01,1.830000e+01,-1.096096e-01,9.398767e-03,9.405107e-02,8.931655e-03,5.868222e+01,1.142620e+02,8.466180e+00,6.209730e+01,4.807970e+01,1.177884e-01,6.657331e-01
8.730000e+02,7.758461e+01,1.836948e+01,-1.133167e-01,1.358442e-01,4.025125e-01,1.279444e-01,5.696095e-03,-2.000000e-02,-1.513450e-02,7.760000e+01,1.830000e+01,-1.096096e-01,1.538664e-02,-6.947913e-02,3.707089e-03,5.869760e+01,1.143315e+02,8.469888e+00,6.209754e+01,4.808452e+01,1.178021e-01,6.663946e-01
8.740000e+02,7.759084e+01,1.832134e+01,-1.191137e-01,1.288442e-01,3.825125e-01,1.439470e-01,-7.000000e-03,-2.000000e-02,1.600268e-02,7.760000e+01,1.830000e+01,-1.096096e-01,9.157310e-03,-2.134220e-02,9.504111e-03,5.870676e+01,1.143529e+02,8.479392e+00,6.209762e+01,4.808498e+01,1.178925e-01,6.670997e-01
8.750000e+02,7.759318e+01,1.808302e+01,-1.283038e-01,1.256185e-01,4.025125e-01,1.636844e-01,-3.225702e-03,2.000000e-02,1.973738e-02,7.760000e+01,1.830000e+01,-1.096096e-01,6.824978e-03,2.169789e-01,1.869419e-02,5.871358e+01,1.145698e+02,8.498086e+00,6.209767e+01,4.813206e+01,1.182419e-01,6.678997e-01
8.760000e+02,7.758483e+01,1.806375e+01,-1.218216e-01,1.326185e-01,4.225125e-01,1.444512e-01,7.000000e-03,2.000000e-02,-1.923323e-02,7.760000e+01,1.830000e+01,-1.096096e-01,1.517181e-02,2.362480e-01,1.221202e-02,5.872876e+01,1.148061e+02,8.510298e+00,6.209790e+01,4.818787e+01,1.183911e-01,6.687186e-01
8.770000e+02,7.758087e+01,1.824134e+01,-1.124942e-01,1.391860e-01,4.025125e-01,1.246583e-01,6.567532e-03,-2.000000e-02,-1.979291e-02,7.760000e+01,1.830000e+01,-1.096096e-01,1.913367e-02,5.866416e-02,2.884614e-03,5.874789e+01,1.148648e+02,8.513182e+00,6.209826e+01,4.819131e+01,1.183994e-01,6.695535e-01
8.780000e+02,7.759060e+01,1.820592e+01,-1.180267e-01,1.321860e-01,4.225125e-01,1.416671e-01,-7.000000e-03,2.000000e-02,1.700883e-02,7.760000e+01,1.830000e+01,-1.096096e-01,9.398521e-03,9.408395e-02,8.417058e-03,5.875729e+01,1.149588e+02,8.521600e+00,6.209835e+01,4.820017e+01,1.184702e-01,6.702918e-01
8.790000e+02,7.758666e+01,1.836945e+01,-1.127775e-01,1.333889e-01,4.025125e-01,1.268561e-01,1.202851e-03,-2.000000e-02,-1.481095e-02,7.760000e+01,1.830000e+01,-1.096096e-01,1.334050e-02,-6.944954e-02,3.167902e-03,5.877063e+01,1.150283e+02,8.524767e+00,6.209853e+01,4.820499e+01,1.184803e-01,6.709126e-01
8.800000e+02,7.759084e+01,1.832137e+01,-1.197335e-01,1.275846e-01,3.825125e-01,1.456502e-01,-5.804276e-03,-2.000000e-02,1.879409e-02,7.760000e+01,1.830000e+01,-1.096096e-01,9.160598e-03,-2.136865e-02,1.012391e-02,5.877979e+01,1.150497e+02,8.534891e+00,6.209861e+01,4.820545e+01,1.185828e-01,6.716995e-01
8.810000e+02,7.759178e+01,1.808304e+01,-1.286472e-01,1.272887e-01,4.025125e-01,1.642607e-01,-2.958835e-04,2.000000e-02,1.861042e-02,7.760000e+01,1.830000e+01,-1.096096e-01,8.217379e-03,2.169552e-01,1.903759e-02,5.878801e+01,1.152666e+02,8.553929e+00,6.209868e+01,4.825252e+01,1.189452e-01,6.724459e-01
8.820000e+02,7.758485e+01,1.806374e+01,-1.213978e-01,1.342887e-01,4.225125e-01,1.432967e-01,7.000000e-03,2.000000e-02,-2.096398e-02,7.760000e+01,1.830000e+01,-1.096096e-01,1.514549e-02,2.362627e-01,1.178821e-02,5.880315e+01,1.155029e+02,8.565717e+00,6.209891e+01,4.830834e+01,1.190842e-01,6.733344e-01
8.830000e+02,7.758257e+01,1.824132e+01,-1.120524e-01,1.371481e-01,4.025125e-01,1.237675e-01,2.859384e-03,-2.000000e-02,-1.952921e-02,7.760000e+01,1.830000e+01,-1.096096e-01,1.743101e-02,5.867670e-02,2.442812e-03,5.882058e+01,1.155616e+02,8.568160e+00,6.209922e+01,4.831178e+01,1.190901e-01,6.741240e-01
8.840000e+02,7.759060e+01,1.820595e+01,-1.185413e-01,1.301481e-01,4.225125e-01,1.430788e-01,-7.000000e-03,2.000000e-02,1.931138e-02,7.760000e+01,1.830000e+01,-1.096096e-01,9.398767e-03,9.405107e-02,8.931655e-03,5.882998e+01,1.156556e+02,8.577092e+00,6.209930e+01,4.832062e+01,1.191699e-01,6.749459e-01
8.850000e+02,7.758461e+01,1.836948e+01,-1.133167e-01,1.358442e-01,4.025125e-01,1.279444e-01,5.696095e-03,-2.000000e-02,-1.513450e-02,7.760000e+01,1.830000e+01,-1.096096e-01,1.538664e-02,-6.947913e-02,3.707089e-03,5.884537e+01,1.157251e+02,8.580799e+00,6.209954e+01,4.832545e+01,1.191836e-01,6.756074e-01
8.860000e+02,7.759084e+01,1.832134e+01,-1.191137e-01,1.288442e-01,3.825125e-01,1.439470e-01,-7.000000e-03,-2.000000e-02,1.600268e-02,7.760000e+01,1.830000e+01,-1.096096e-01,9.157310e-03,-2.134220e-02,9.504111e-03,5.885453e+01,1.157464e+02,8.590303e+00,6.209962e+01,4.832591e+01,1.192740e-01,6.763125e-01
8.870000e+02,7.759318e+01,1.808302e+01,-1.283038e-01,1.256185e-01,4.025125e-01,1.636844e-01,-3.225702e-03,2.000000e-02,1.973738e-02,7.760000e+01,1.830000e+01,-1.096096e-01,6.824978e-03,2.169789e-01,1.869419e-02,5.886135e+01,1.159634e+02,8.608997e+00,6.209967e+01,4.837299e+01,1.196234e-01,6.771125e-01
8.880000e+02,7.758483e+01,1.806375e+01,-1.218216e-01,1.326185e-01,4.225125e-01,1.444512e-01,7.000000e-03,2.000000e-02,-1.923323e-02,7.760000e+01,1.830000e+01,-1.096096e-01,1.517181e-02,2.362480e-01,1.221202e-02,5.887652e+01,1.161997e+02,8.621209e+00,6.209990e+01,4.842880e+01,1.197726e-01,6.779314e-01
8.890000e+02,7.758087e+01,1.824134e+01,-1.124942e-01,1.391860e-01,4.025125e-01,1.246583e-01,6.567532e-03,-2.000000e-02,-1.979291e-02,7.760000e+01,1.830000e+01,-1.096096e-01,1.913367e-02,5.866416e-02,2.884614e-03,5.889566e+01,1.162583e+02,8.624094e+00,6.210027e+01,4.843224e+01,1.197809e-01,6.787663e-01
8.900000e+02,7.759060e+01,1.820592e+01,-1.180267e-01,1.321860e-01,4.225125e-01,1.416671e-01,-7.000000e-03,2.000000e-02,1.700883e-02,7.760000e+01,1.830000e+01,-1.096096e-01,9.398521e-03,9.408395e-02,8.417058e-03,5.890506e+01,1.163524e+02,8.632511e+00,6.210036e+01,4.844109e+01,1.198517e-01,6.795046e-01
8.910000e+02,7.758666e+01,1.836945e+01,-1.127775e-01,1.333889e-01,4.025125e-01,1.268561e-01,1.202851e-03,-2.000000e-02,-1.481095e-02,7.760000e+01,1.830000e+01,-1.096096e-01,1.334050e-02,-6.944954e-02,3.167902e-03,5.891840e+01,1.164219e+02,8.635679e+00,6.210053e+01,4.844592e+01,1.198618e-01,6.801254e-01
8.920000e+02,7.759084e+01,1.832137e+01,-1.197335e-01,1.275846e-01,3.825125e-01,1.456502e-01,-5.804276e-03,-2.000000e-02,1.879409e-02,7.760000e+01,1.830000e+01,-1.096096e-01,9.160599e-03,-2.136865e-02,1.012391e-02,5.892756e+01,1.164432e+02,8.645803e+00,6.210062e+01,4.844637e+01,1.199643e-01,6.809123e-01
8.930000e+02,7.759178e+01,1.808304e+01,-1.286472e-01,1.272887e-01,4.025125e-01,1.642607e-01,-2.958835e-04,2.000000e-02,1.861042e-02,7.760000e+01,1.830000e+01,-1.096096e-01,8.217379e-03,2.169552e-01,1.903759e-02,5.893577e+01,1.166602e+02,8.664840e+00,6.210068e+01,4.849344e+01,1.203267e-01,6.816587e-01
8.940000e+02,7.758485e+01,1.806374e+01,-1.213978e-01,1.342887e-01,4.225125e-01,1.432967e-01,7.000000e-03,2.000000e-02,-2.096398e-02,7.760000e+01,1.830000e+01,-1.096096e-01,1.514549e-02,2.362627e-01,1.178821e-02,5.895092e+01,1.168964e+02,8.676628e+00,6.210091e+01,4.854926e+01,1.204657e-01,6.825472e-01
8.950000e+02,7.758257e+01,1.824132e+01,-1.120524e-01,1.371481e-01,4.025125e-01,1.237675e-01,2.859384e-03,-2.000000e-02,-1.952921e-02,7.760000e+01,1.830000e+01,-1.096096e-01,1.743101e-02,5.867670e-02,2.442812e-03,5.896835e+01,1.169551e+02,8.679071e+00,6.210122e+01,4.855271e+01,1.204716e-01,6.833368e-01
8.960000e+02,7.759060e+01,1.820595e+01,-1.185413e-01,1.301481e-01,4.225125e-01,1.430788e-01,-7.000000e-03,2.000000e-02,1.931138e-02,7.760000e+01,1.830000e+01,-1.096096e-01,9.398767e-03,9.405107e-02,8.931655e-03,5.897775e+01,1.170492e+02,8.688003e+00,6.210131e+01,4.856155e+01,1.205514e-01,6.841587e-01
8.970000e+02,7.758461e+01,1.836948e+01,-1.133167e-01,1.358442e-01,4.025125e-01,1.279444e-01,5.696095e-03,-2.000000e-02,-1.513450e-02,7.760000e+01,1.830000e+01,-1.096096e-01,1.538664e-02,-6.947913e-02,3.707089e-03,5.899314e+01,1.171186e+02,8.691710e+00,6.210154e+01,4.856638e+01,1.205652e-01,6.848202e-01
8.980000e+02,7.759084e+01,1.832134e+01,-1.191137e-01,1.288442e-01,3.825125e-01,1.439470e-01,-7.000000e-03,-2.000000e-02,1.600268e-02,7.760000e+01,1.830000e+01,-1.096096e-01,9.157310e-03,-2.134220e-02,9.504111e-03,5.900229e+01,1.171400e+02,8.701214e+00,6.210163e+01,4.856683e+01,1.206555e-01,6.855253e-01
8.990000e+02,7.759318e+01,1.808302e+01,-1.283038e-01,1.256185e-01,4.025125e-01,1.636844e-01,-3.225702e-03,2.000000e-02,1.973738e-02,7.760000e+01,1.830000e+01,-1.096096e-01,6.824978e-03,2.169789e-01,1.869419e-02,5.900912e+01,1.173570e+02,8.719908e+00,6.210167e+01,4.861391e+01,1.210050e-01,6.863253e-01
9.000000e+02,7.758483e+01,1.806375e+01,-1.218216e-01,1.326185e-01,4.225125e-01,1.444512e-01,7.000000e-03,2.000000e-02,-1.923323e-02,7.760000e+01,1.830000e+01,-1.096096e-01,1.517181e-02,2.362480e-01,1.221202e-02,5.902429e+01,1.175932e+02,8.732120e+00,6.210190e+01,4.866973e+01,1.211541e-01,6.871442e-01
9.010000e+02,7.758087e+01,1.824134e+01,-1.124942e-01,1.391860e-01,4.025125e-01,1.246583e-01,6.567532e-03,-2.000000e-02,-1.979291e-02,7.760000e+01,1.830000e+01,-1.096096e-01,1.913367e-02,5.866416e-02,2.884614e-03,5.904342e+01,1.176519e+02,8.735005e+00,6.210227e+01,4.867317e+01,1.211624e-01,6.879791e-01
9.020000e+02,7.759060e+01,1.820592e+01,-1.180267e-01,1.321860e-01,4.225125e-01,1.416671e-01,-7.000000e-03,2.000000e-02,1.700883e-02,7.760000e+01,1.830000e+01,-1.096096e-01,9.398521e-03,9.408395e-02,8.417058e-03,5.905282e+01,1.177460e+02,8.743422e+00,6.210236e+01,4.868202e+01,1.212333e-01,6.887174e-01
9.030000e+02,7.758666e+01,1.836945e+01,-1.127775e-01,1.333889e-01,4.025125e-01,1.268561e-01,1.202851e-03,-2.000000e-02,-1.481095e-02,7.760000e+01,1.830000e+01,-1.096096e-01,1.334050e-02,-6.944954e-02,3.167902e-03,5.906616e+01,1.178154e+02,8.746590e+00,6.210254e+01,4.868684e+01,1.212433e-01,6.893382e-01
9.040000e+02,7.759084e+01,1.832137e+01,-1.197335e-01,1.275846e-01,3.825125e-01,1.456502e-01,-5.804276e-03,-2.000000e-02,1.879409e-02,7.760000e+01,1.830000e+01,-1.096096e-01,9.160599e-03,-2.136865e-02,1.012391e-02,5.907532e+01,1.178368e+02,8.756714e+00,6.210262e+01,4.868730e+01,1.213458e-01,6.901251e-01
9.050000e+02,7.759178e+01,1.808304e+01,-1.286472e-01,1.272887e-01,4.025125e-01,1.642607e-01,-2.958835e-04,2.000000e-02,1.861042e-02,7.760000e+01,1.830000e+01,-1.096096e-01,8.217379e-03,2.169552e-01,1.903759e-02,5.908354e+01,1.180537e+02,8.775751e+00,6.210269e+01,4.873437e+01,1.217082e-01,6.908715e-01
9.060000e+02,7.758485e+01,1.806374e+01,-1.213978e-01,1.342887e-01,4.225125e-01,1.432967e-01,7.000000e-03,2.000000e-02,-2.096398e-02,7.760000e+01,1.830000e+01,-1.096096e-01,1.514549e-02,2.362627e-01,1.178821e-02,5.909869e+01,1.182900e+02,8.787540e+00,6.210292e+01,4.879019e+01,1.218472e-01,6.917600e-01
9.070000e+02,7.758257e+01,1.824132e+01,-1.120524e-01,1.371481e-01,4.025125e-01,1.237675e-01,2.859384e-03,-2.000000e-02,-1.952921e-02,7.760000e+01,1.830000e+01,-1.096096e-01,1.743101e-02,5.867670e-02,2.442812e-03,5.911612e+01,1.183487e+02,8.789982e+00,6.210322e+01,4.879363e+01,1.218531e-01,6.925496e-01
9.080000e+02,7.759060e+01,1.820595e+01,-1.185413e-01,1.301481e-01,4.225125e-01,1.430788e-01,-7.000000e-03,2.000000e-02,1.931138e-02,7.760000e+01,1.830000e+01,-1.096096e-01,9.398767e-03,9.405107e-02,8.931656e-03,5.912552e+01,1.184427e+02,8.798914e+00,6.210331e+01,4.880248e+01,1.219329e-01,6.933715e-01
9.090000e+02,7.758461e+01,1.836948e+01,-1.133167e-01,1.358442e-01,4.025125e-01,1.279444e-01,5.696095e-03,-2.000000e-02,-1.513450e-02,7.760000e+01,1.830000e+01,-1.096096e-01,1.538664e-02,-6.947913e-02,3.707089e-03,5.914090e+01,1.185122e+02,8.802621e+00,6.210355e+01,4.880731e+01,1.219467e-01,6.940330e-01
9.100000e+02,7.759084e+01,1.832134e+01,-1.191137e-01,1.288442e-01,3.825125e-01,1.439470e-01,-7.000000e-03,-2.000000e-02,1.600268e-02,7.760000e+01,1.830000e+01,-1.096096e-01,9.157310e-03,-2.134220e-02,9.504111e-03,5.915006e+01,1.185335e+02,8.812125e+00,6.210363e+01,4.880776e+01,1.220370e-01,6.947381e-01
9.110000e+02,7.759318e+01,1.808302e+01,-1.283038e-01,1.256185e-01,4.025125e-01,1.636844e-01,-3.225702e-03,2.000000e-02,1.973738e-02,7.760000e+01,1.830000e+01,-1.096096e-01,6.824978e-03,2.169789e-01,1.869419e-02,5.915688e+01,1.187505e+02,8.830819e+00,6.210368e+01,4.885484e+01,1.223865e-01,6.955381e-01
9.120000e+02,7.758483e+01,1.806375e+01,-1.218216e-01,1.326185e-01,4.225125e-01,1.444512e-01,7.000000e-03,2.000000e-02,-1.923323e-02,7.760000e+01,1.830000e+01,-1.096096e-01,1.517181e-02,2.362480e-01,1.221202e-02,5.917206e+01,1.189868e+02,8.843031e+00,6.210391e+01,4.891065e+01,1.225356e-01,6.963570e-01
9.130000e+02,7.758087e+01,1.824134e+01,-1.124942e-01,1.391860e-01,4.025125e-01,1.246583e-01,6.567532e-03,-2.000000e-02,-1.979291e-02,7.760000e+01,1.830000e+01,-1.096096e-01,1.913367e-02,5.866416e-02,2.884614e-03,5.919119e+01,1.190454e+02,8.845916e+00,6.210427e+01,4.891410e+01,1.225439e-01,6.971919e-01
9.140000e+02,7.759060e+01,1.820592e+01,-1.180267e-01,1.321860e-01,4.225125e-01,1.416671e-01,-7.000000e-03,2.000000e-02,1.700883e-02,7.760000e+01,1.830000e+01,-1.096096e-01,9.398521e-03,9.408395e-02,8.417058e-03,5.920059e+01,1.191395e+02,8.854333e+00,6.210436e+01,4.892295e+01,1.226148e-01,6.979302e-01
9.150000e+02,7.758666e+01,1.836945e+01,-1.127775e-01,1.333889e-01,4.025125e-01,1.268561e-01,1.202851e-03,-2.000000e-02,-1.481095e-02,7.760000e+01,1.830000e+01,-1.096096e-01,1.334050e-02,-6.944954e-02,3.167902e-03,5.921393e+01,1.192090e+02,8.857501e+00,6.210454e+01,4.892777e+01,1.226248e-01,6.985510e-01
9.160000e+02,7.759084e+01,1.832137e+01,-1.197335e-01,1.275846e-01,3.825125e-01,1.456502e-01,-5.804276e-03,-2.000000e-02,1.879409e-02,7.760000e+01,1.830000e+01,-1.096096e-01,9.160599e-03,-2.136865e-02,1.012391e-02,5.922309e+01,1.192303e+02,8.867625e+00,6.210462e+01,4.892823e+01,1.227273e-01,6.993379e-01
9.170000e+02,7.759178e+01,1.808304e+01,-1.286472e-01,1.272887e-01,4.025125e-01,1.642607e-01,-2.958835e-04,2.000000e-02,1.861042e-02,7.760000e+01,1.830000e+01,-1.096096e-01,8.217379e-03,2.169552e-01,1.903759e-02,5.923131e+01,1.194473e+02,8.886662e+00,6.210469e+01,4.897530e+01,1.230897e-01,7.000843e-01
9.180000e+02,7.758485e+01,1.806374e+01,-1.213978e-01,1.342887e-01,4.225125e-01,1.432967e-01,7.000000e-03,2.000000e-02,-2.096398e-02,7.760000e+01,1.830000e+01,-1.096096e-01,1.514549e-02,2.362627e-01,1.178821e-02,5.924645e+01,1.196836e+02,8.898451e+00,6.210492e+01,4.903112e+01,1.232287e-01,7.009728e-01
9.190000e+02,7.758257e+01,1.824132e+01,-1.120524e-01,1.371481e-01,4.025125e-01,1.237675e-01,2.859384e-03,-2.000000e-02,-1.952921e-02,7.760000e+01,1.830000e+01,-1.096096e-01,1.743101e-02,5.867670e-02,2.442812e-03,5.926388e+01,1.197422e+02,8.900893e+00,6.210522e+01,4.903456e+01,1.232346e-01,7.017624e-01
9.200000e+02,7.759060e+01,1.820595e+01,-1.185413e-01,1.301481e-01,4.225125e-01,1.430788e-01,-7.000000e-03,2.000000e-02,1.931138e-02,7.760000e+01,1.830000e+01,-1.096096e-01,9.398767e-03,9.405107e-02,8.931656e-03,5.927328e+01,1.198363e+02,8.909825e+00,6.210531e+01,4.904341e+01,1.233144e-01,7.025843e-01
9.210000e+02,7.758461e+01,1.836948e+01,-1.133167e-01,1.358442e-01,4.025125e-01,1.279444e-01,5.696095e-03,-2.000000e-02,-1.513450e-02,7.760000e+01,1.830000e+01,-1.096096e-01,1.538664e-02,-6.947913e-02,3.707090e-03,5.928867e+01,1.199058e+02,8.913532e+00,6.210555e+01,4.904823e+01,1.233282e-01,7.032458e-01
9.220000e+02,7.759084e+01,1.832134e+01,-1.191137e-01,1.288442e-01,3.825125e-01,1.439470e-01,-7.000000e-03,-2.000000e-02,1.600268e-02,7.760000e+01,1.830000e+01,-1.096096e-01,9.157310e-03,-2.134220e-02,9.504112e-03,5.929783e+01,1.199271e+02,8.923036e+00,6.210563e+01,4.904869e+01,1.234185e-01,7.039509e-01
9.230000e+02,7.759318e+01,1.808302e+01,-1.283038e-01,1.256185e-01,4.025125e-01,1.636844e-01,-3.225702e-03,2.000000e-02,1.973738e-02,7.760000e+01,1.830000e+01,-1.096096e-01,6.824978e-03,2.169789e-01,1.869419e-02,5.930465e+01,1.201441e+02,8.941731e+00,6.210568e+01,4.909577e+01,1.237680e-01,7.047509e-01
9.240000e+02,7.758483e+01,1.806375e+01,-1.218216e-01,1.326185e-01,4.225125e-01,1.444512e-01,7.000000e-03,2.000000e-02,-1.923323e-02,7.760000e+01,1.830000e+01,-1.096096e-01,1.517181e-02,2.362480e-01,1.221202e-02,5.931982e+01,1.203803e+02,8.953943e+00,6.210591e+01,4.915158e+01,1.239171e-01,7.055698e-01
9.250000e+02,7.758087e+01,1.824134e+01,-1.124942e-01,1.391860e-01,4.025125e-01,1.246583e-01,6.567532e-03,-2.000000e-02,-1.979291e-02,7.760000e+01,1.830000e+01,-1.096096e-01,1.913367e-02,5.866416e-02,2.884615e-03,5.933896e+01,1.204390e+02,8.956827e+00,6.210628e+01,4.915502e+01,1.239254e-01,7.064047e-01
9.260000e+02,7.759060e+01,1.820592e+01,-1.180267e-01,1.321860e-01,4.225125e-01,1.416671e-01,-7.000000e-03,2.000000e-02,1.700883e-02,7.760000e+01,1.830000e+01,-1.096096e-01,9.398521e-03,9.408395e-02,8.417058e-03,5.934836e+01,1.205331e+02,8.965244e+00,6.210636e+01,4.916387e+01,1.239963e-01,7.071430e-01
9.270000e+02,7.758666e+01,1.836945e+01,-1.127775e-01,1.333889e-01,4.025125e-01,1.268561e-01,1.202851e-03,-2.000000e-02,-1.481095e-02,7.760000e+01,1.830000e+01,-1.096096e-01,1.334050e-02,-6.944954e-02,3.167902e-03,5.936170e+01,1.206025e+02,8.968412e+00,6.210654e+01,4.916870e+01,1.240063e-01,7.077638e-01
9.280000e+02,7.759084e+01,1.832137e+01,-1.197335e-01,1.275846e-01,3.825125e-01,1.456502e-01,-5.804276e-03,-2.000000e-02,1.879409e-02,7.760000e+01,1.830000e+01,-1.096096e-01,9.160599e-03,-2.136865e-02,1.012391e-02,5.937086e+01,1.206239e+02,8.978536e+00,6.210663e+01,4.916915e+01,1.241088e-01,7.085507e-01
9.290000e+02,7.759178e+01,1.808304e+01,-1.286472e-01,1.272887e-01,4.025125e-01,1.642607e-01,-2.958835e-04,2.000000e-02,1.861042e-02,7.760000e+01,1.830000e+01,-1.096096e-01,8.217379e-03,2.169552e-01,1.903759e-02,5.937907e+01,1.208409e+02,8.997574e+00,6.210669e+01,4.921622e+01,1.244712e-01,7.092971e-01
9.300000e+02,7.758485e+01,1.806374e+01,-1.213978e-01,1.342887e-01,4.225125e-01,1.432967e-01,7.000000e-03,2.000000e-02,-2.096398e-02,7.760000e+01,1.830000e+01,-1.096096e-01,1.514549e-02,2.362627e-01,1.178821e-02,5.939422e+01,1.210771e+02,9.009362e+00,6.210692e+01,4.927204e+01,1.246102e-01,7.101856e-01
9.310000e+02,7.758257e+01,1.824132e+01,-1.120524e-01,1.371481e-01,4.025125e-01,1.237675e-01,2.859384e-03,-2.000000e-02,-1.952921e-02,7.760000e+01,1.830000e+01,-1.096096e-01,1.743101e-02,5.867670e-02,2.442812e-03,5.941165e+01,1.211358e+02,9.011805e+00,6.210723e+01,4.927549e+01,1.246162e-01,7.109752e-01
9.320000e+02,7.759060e+01,1.820595e+01,-1.185413e-01,1.301481e-01,4.225125e-01,1.430788e-01,-7.000000e-03,2.000000e-02,1.931138e-02,7.760000e+01,1.830000e+01,-1.096096e-01,9.398767e-03,9.405107e-02,8.931656e-03,5.942105e+01,1.212298e+02,9.020736e+00,6.210731e+01,4.928433e+01,1.246959e-01,7.117971e-01
9.330000e+02,7.758461e+01,1.836948e+01,-1.133167e-01,1.358442e-01,4.025125e-01,1.279444e-01,5.696095e-03,-2.000000e-02,-1.513450e-02,7.760000e+01,1.830000e+01,-1.096096e-01,1.538664e-02,-6.947913e-02,3.707090e-03,5.943644e+01,1.212993e+02,9.024443e+00,6.210755e+01,4.928916e+01,1.247097e-01,7.124586e-01
9.340000e+02,7.759084e+01,1.832134e+01,-1.191137e-01,1.288442e-01,3.825125e-01,1.439470e-01,-7.000000e-03,-2.000000e-02,1.600268e-02,7.760000e+01,1.830000e+01,-1.096096e-01,9.157310e-03,-2.134220e-02,9.504112e-03,5.944559e+01,1.213207e+02,9.033948e+00,6.210764e+01,4.928962e+01,1.248000e-01,7.131637e-01
9.350000e+02,7.759318e+01,1.808302e+01,-1.283038e-01,1.256185e-01,4.025125e-01,1.636844e-01,-3.225702e-03,2.000000e-02,1.973738e-02,7.760000e+01,1.830000e+01,-1.096096e-01,6.824978e-03,2.169789e-01,1.869419e-02,5.945242e+01,1.215376e+02,9.052642e+00,6.210768e+01,4.933670e+01,1.251495e-01,7.139637e-01
9.360000e+02,7.758483e+01,1.806375e+01,-1.218216e-01,1.326185e-01,4.225125e-01,1.444512e-01,7.000000e-03,2.000000e-02,-1.923323e-02,7.760000e+01,1.830000e+01,-1.096096e-01,1.517181e-02,2.362480e-01,1.221202e-02,5.946759e+01,1.217739e+02,9.064854e+00,6.210791e+01,4.939251e+01,1.252986e-01,7.147826e-01
9.370000e+02,7.758087e+01,1.824134e+01,-1.124942e-01,1.391860e-01,4.025125e-01,1.246583e-01,6.567532e-03,-2.000000e-02,-1.979291e-02,7.760000e+01,1.830000e+01,-1.096096e-01,1.913367e-02,5.866416e-02,2.884615e-03,5.948672e+01,1.218326e+02,9.067738e+00,6.210828e+01,4.939595e+01,1.253069e-01,7.156175e-01
9.380000e+02,7.759060e+01,1.820592e+01,-1.180267e-01,1.321860e-01,4.225125e-01,1.416671e-01,-7.000000e-03,2.000000e-02,1.700883e-02,7.760000e+01,1.830000e+01,-1.096096e-01,9.398521e-03,9.408395e-02,8.417059e-03,5.949612e+01,1.219266e+02,9.076155e+00,6.210837e+01,4.940480e+01,1.253778e-01,7.163558e-01
9.390000e+02,7.758666e+01,1.836945e+01,-1.127775e-01,1.333889e-01,4.025125e-01,1.268561e-01,1.202851e-03,-2.000000e-02,-1.481095e-02,7.760000e+01,1.830000e+01,-1.096096e-01,1.334050e-02,-6.944954e-02,3.167903e-03,5.950946e+01,1.219961e+02,9.079323e+00,6.210854e+01,4.940963e+01,1.253878e-01,7.169766e-01
9.400000e+02,7.759084e+01,1.832137e+01,-1.197335e-01,1.275846e-01,3.825125e-01,1.456502e-01,-5.804276e-03,-2.000000e-02,1.879409e-02,7.760000e+01,1.830000e+01,-1.096096e-01,9.160599e-03,-2.136865e-02,1.012392e-02,5.951862e+01,1.220175e+02,9.089447e+00,6.210863e+01,4.941008e+01,1.254903e-01,7.177635e-01
9.410000e+02,7.759178e+01,1.808304e+01,-1.286472e-01,1.272887e-01,4.025125e-01,1.642607e-01,-2.958835e-04,2.000000e-02,1.861042e-02,7.760000e+01,1.830000e+01,-1.096096e-01,8.217379e-03,2.169552e-01,1.903759e-02,5.952684e+01,1.222344e+02,9.108485e+00,6.210870e+01,4.945715e+01,1.258527e-01,7.185099e-01
9.420000e+02,7.758485e+01,1.806374e+01,-1.213978e-01,1.342887e-01,4.225125e-01,1.432967e-01,7.000000e-03,2.000000e-02,-2.096398e-02,7.760000e+01,1.830000e+01,-1.096096e-01,1.514549e-02,2.362627e-01,1.178821e-02,5.954199e+01,1.224707e+02,9.120273e+00,6.210893e+01,4.951297e+01,1.259917e-01,7.193984e-01
9.430000e+02,7.758257e+01,1.824132e+01,-1.120524e-01,1.371481e-01,4.025125e-01,1.237675e-01,2.859384e-03,-2.000000e-02,-1.952921e-02,7.760000e+01,1.830000e+01,-1.096096e-01,1.743101e-02,5.867670e-02,2.442813e-03,5.955942e+01,1.225294e+02,9.122716e+00,6.210923e+01,4.951641e+01,1.259977e-01,7.201880e-01
9.440000e+02,7.759060e+01,1.820595e+01,-1.185413e-01,1.301481e-01,4.225125e-01,1.430788e-01,-7.000000e-03,2.000000e-02,1.931138e-02,7.760000e+01,1.830000e+01,-1.096096e-01,9.398767e-03,9.405107e-02,8.931656e-03,5.956882e+01,1.226234e+02,9.131648e+00,6.210932e+01,4.952526e+01,1.260774e-01,7.210099e-01
9.450000e+02,7.758461e+01,1.836948e+01,-1.133167e-01,1.358442e-01,4.025125e-01,1.279444e-01,5.696095e-03,-2.000000e-02,-1.513450e-02,7.760000e+01,1.830000e+01,-1.096096e-01,1.538664e-02,-6.947913e-02,3.707090e-03,5.958420e+01,1.226929e+02,9.135355e+00,6.210955e+01,4.953009e+01,1.260912e-01,7.216714e-01
9.460000e+02,7.759084e+01,1.832134e+01,-1.191137e-01,1.288442e-01,3.825125e-01,1.439470e-01,-7.000000e-03,-2.000000e-02,1.600268e-02,7.760000e+01,1.830000e+01,-1.096096e-01,9.157310e-03,-2.134220e-02,9.504112e-03,5.959336e+01,1.227142e+02,9.144859e+00,6.210964e+01,4.953054e+01,1.261815e-01,7.223765e-01
9.470000e+02,7.759318e+01,1.808302e+01,-1.283038e-01,1.256185e-01,4.025125e-01,1.636844e-01,-3.225702e-03,2.000000e-02,1.973738e-02,7.760000e+01,1.830000e+01,-1.096096e-01,6.824978e-03,2.169789e-01,1.869419e-02,5.960018e+01,1.229312e+02,9.163553e+00,6.210968e+01,4.957762e+01,1.265310e-01,7.231765e-01
9.480000e+02,7.758483e+01,1.806375e+01,-1.218216e-01,1.326185e-01,4.225125e-01,1.444512e-01,7.000000e-03,2.000000e-02,-1.923323e-02,7.760000e+01,1.830000e+01,-1.096096e-01,1.517181e-02,2.362480e-01,1.221202e-02,5.961536e+01,1.231675e+02,9.175765e+00,6.210991e+01,4.963344e+01,1.266801e-01,7.239954e-01
9.490000e+02,7.758087e+01,1.824134e+01,-1.124942e-01,1.391860e-01,4.025125e-01,1.246583e-01,6.567532e-03,-2.000000e-02,-1.979291e-02,7.760000e+01,1.830000e+01,-1.096096e-01,1.913367e-02,5.866416e-02,2.884615e-03,5.963449e+01,1.232261e+02,9.178650e+00,6.211028e+01,4.963688e+01,1.266884e-01,7.248303e-01
9.500000e+02,7.759060e+01,1.820592e+01,-1.180267e-01,1.321860e-01,4.225125e-01,1.416671e-01,-7.000000e-03,2.000000e-02,1.700883e-02,7.760000e+01,1.830000e+01,-1.096096e-01,9.398521e-03,9.408395e-02,8.417059e-03,5.964389e+01,1.233202e+02,9.187067e+00,6.211037e+01,4.964573e+01,1.267593e-01,7.255686e-01
9.510000e+02,7.758666e+01,1.836945e+01,-1.127775e-01,1.333889e-01,4.025125e-01,1.268561e-01,1.202851e-03,-2.000000e-02,-1.481095e-02,7.760000e+01,1.830000e+01,-1.096096e-01,1.334050e-02,-6.944954e-02,3.167903e-03,5.965723e+01,1.233897e+02,9.190234e+00,6.211055e+01,4.965055e+01,1.267693e-01,7.261894e-01
9.520000e+02,7.759084e+01,1.832137e+01,-1.197335e-01,1.275846e-01,3.825125e-01,1.456502e-01,-5.804276e-03,-2.000000e-02,1.879409e-02,7.760000e+01,1.830000e+01,-1.096096e-01,9.160599e-03,-2.136865e-02,1.012392e-02,5.966639e+01,1.234110e+02,9.200358e+00,6.211063e+01,4.965101e+01,1.268718e-01,7.269763e-01
9.530000e+02,7.759178e+01,1.808304e+01,-1.286472e-01,1.272887e-01,4.025125e-01,1.642607e-01,-2.958835e-04,2.000000e-02,1.861042e-02,7.760000e+01,1.830000e+01,-1.096096e-01,8.217379e-03,2.169552e-01,1.903759e-02,5.967461e+01,1.236280e+02,9.219396e+00,6.211070e+01,4.969808e+01,1.272342e-01,7.277227e-01
9.540000e+02,7.758485e+01,1.806374e+01,-1.213978e-01,1.342887e-01,4.225125e-01,1.432967e-01,7.000000e-03,2.000000e-02,-2.096398e-02,7.760000e+01,1.830000e+01,-1.096096e-01,1.514549e-02,2.362627e-01,1.178821e-02,5.968975e+01,1.238642e+02,9.231184e+00,6.211093e+01,4.975390e+01,1.273732e-01,7.286112e-01
9.550000e+02,7.758257e+01,1.824132e+01,-1.120524e-01,1.371481e-01,4.025125e-01,1.237675e-01,2.859384e-03,-2.000000e-02,-1.952921e-02,7.760000e+01,1.830000e+01,-1.096096e-01,1.743101e-02,5.867670e-02,2.442813e-03,5.970718e+01,1.239229e+02,9.233627e+00,6.211123e+01,4.975734e+01,1.273792e-01,7.294008e-01
9.560000e+02,7.759060e+01,1.820595e+01,-1.185413e-01,1.301481e-01,4.225125e-01,1.430788e-01,-7.000000e-03,2.000000e-02,1.931138e-02,7.760000e+01,1.830000e+01,-1.096096e-01,9.398767e-03,9.405107e-02,8.931656e-03,5.971658e+01,1.240170e+02,9.242559e+00,6.211132e+01,4.976619e+01,1.274589e-01,7.302227e-01
9.570000e+02,7.758461e+01,1.836948e+01,-1.133167e-01,1.358442e-01,4.025125e-01,1.279444e-01,5.696095e-03,-2.000000e-02,-1.513450e-02,7.760000e+01,1.830000e+01,-1.096096e-01,1.538664e-02,-6.947913e-02,3.707090e-03,5.973197e+01,1.240864e+02,9.246266e+00,6.211156e+01,4.977101e+01,1.274727e-01,7.308842e-01
9.580000e+02,7.759084e+01,1.832134e+01,-1.191137e-01,1.288442e-01,3.825125e-01,1.439470e-01,-7.000000e-03,-2.000000e-02,1.600268e-02,7.760000e+01,1.830000e+01,-1.096096e-01,9.157310e-03,-2.134220e-02,9.504112e-03,5.974113e+01,1.241078e+02,9.255770e+00,6.211164e+01,4.977147e+01,1.275630e-01,7.315893e-01
9.590000e+02,7.759318e+01,1.808302e+01,-1.283038e-01,1.256185e-01,4.025125e-01,1.636844e-01,-3.225702e-03,2.000000e-02,1.973738e-02,7.760000e+01,1.830000e+01,-1.096096e-01,6.824978e-03,2.169789e-01,1.869419e-02,5.974795e+01,1.243248e+02,9.274464e+00,6.211169e+01,4.981855e+01,1.279125e-01,7.323893e-01
9.600000e+02,7.758483e+01,1.806375e+01,-1.218216e-01,1.326185e-01,4.225125e-01,1.444512e-01,7.000000e-03,2.000000e-02,-1.923323e-02,7.760000e+01,1.830000e+01,-1.096096e-01,1.517181e-02,2.362480e-01,1.221202e-02,5.976312e+01,1.245610e+02,9.286676e+00,6.211192e+01,4.987436e+01,1.280616e-01,7.332082e-01
9.610000e+02,7.758087e+01,1.824134e+01,-1.124942e-01,1.391860e-01,4.025125e-01,1.246583e-01,6.567532e-03,-2.000000e-02,-1.979291e-02,7.760000e+01,1.830000e+01,-1.096096e-01,1.913367e-02,5.866416e-02,2.884615e-03,5.978226e+01,1.246197e+02,9.289561e+00,6.211228e+01,4.987780e+01,1.280699e-01,7.340431e-01
9.620000e+02,7.759060e+01,1.820592e+01,-1.180267e-01,1.321860e-01,4.225125e-01,1.416671e-01,-7.000000e-03,2.000000e-02,1.700883e-02,7.760000e+01,1.830000e+01,-1.096096e-01,9.398521e-03,9.408395e-02,8.417059e-03,5.979166e+01,1.247138e+02,9.297978e+00,6.211237e+01,4.988666e+01,1.281408e-01,7.347814e-01
9.630000e+02,7.758666e+01,1.836945e+01,-1.127775e-01,1.333889e-01,4.025125e-01,1.268561e-01,1.202851e-03,-2.000000e-02,-1.481095e-02,7.760000e+01,1.830000e+01,-1.096096e-01,1.334050e-02,-6.944954e-02,3.167903e-03,5.980500e+01,1.247832e+02,9.301146e+00,6.211255e+01,4.989148e+01,1.281508e-01,7.354022e-01
9.640000e+02,7.759084e+01,1.832137e+01,-1.197335e-01,1.275846e-01,3.825125e-01,1.456502e-01,-5.804276e-03,-2.000000e-02,1.879409e-02,7.760000e+01,1.830000e+01,-1.096096e-01,9.160599e-03,-2.136865e-02,1.012392e-02,5.981416e+01,1.248046e+02,9.311270e+00,6.211263e+01,4.989194e+01,1.282533e-01,7.361891e-01
9.650000e+02,7.759178e+01,1.808304e+01,-1.286472e-01,1.272887e-01,4.025125e-01,1.642607e-01,-2.958835e-04,2.000000e-02,1.861042e-02,7.760000e+01,1.830000e+01,-1.096096e-01,8.217379e-03,2.169552e-01,1.903759e-02,5.982237e+01,1.250215e+02,9.330307e+00,6.211270e+01,4.993901e+01,1.286158e-01,7.369355e-01
9.660000e+02,7.758485e+01,1.806374e+01,-1.213978e-01,1.342887e-01,4.225125e-01,1.432967e-01,7.000000e-03,2.000000e-02,-2.096398e-02,7.760000e+01,1.830000e+01,-1.096096e-01,1.514549e-02,2.362627e-01,1.178821e-02,5.983752e+01,1.252578e+02,9.342095e+00,6.211293e+01,4.999483e+01,1.287547e-01,7.378240e-01
9.670000e+02,7.758257e+01,1.824132e+01,-1.120524e-01,1.371481e-01,4.025125e-01,1.237675e-01,2.859384e-03,-2.000000e-02,-1.952921e-02,7.760000e+01,1.830000e+01,-1.096096e-01,1.743101e-02,5.867670e-02,2.442813e-03,5.985495e+01,1.253165e+02,9.344538e+00,6.211323e+01,4.999827e+01,1.287607e-01,7.386136e-01
9.680000e+02,7.759060e+01,1.820595e+01,-1.185413e-01,1.301481e-01,4.225125e-01,1.430788e-01,-7.000000e-03,2.000000e-02,1.931138e-02,7.760000e+01,1.830000e+01,-1.096096e-01,9.398767e-03,9.405107e-02,8.931656e-03,5.986435e+01,1.254105e+02,9.353470e+00,6.211332e+01,5.000711e+01,1.288405e-01,7.394355e-01
9.690000e+02,7.758461e+01,1.836948e+01,-1.133167e-01,1.358442e-01,4.025125e-01,1.279444e-01,5.696095e-03,-2.000000e-02,-1.513450e-02,7.760000e+01,1.830000e+01,-1.096096e-01,1.538664e-02,-6.947913e-02,3.707090e-03,5.987974e+01,1.254800e+02,9.357177e+00,6.211356e+01,5.001194e+01,1.288542e-01,7.400970e-01
9.700000e+02,7.759084e+01,1.832134e+01,-1.191137e-01,1.288442e-01,3.825125e-01,1.439470e-01,-7.000000e-03,-2.000000e-02,1.600268e-02,7.760000e+01,1.830000e+01,-1.096096e-01,9.157310e-03,-2.134220e-02,9.504112e-03,5.988889e+01,1.255013e+02,9.366681e+00,6.211364e+01,5.001240e+01,1.289445e-01,7.408021e-01
9.710000e+02,7.759318e+01,1.808302e+01,-1.283038e-01,1.256185e-01,4.025125e-01,1.636844e-01,-3.225702e-03,2.000000e-02,1.973738e-02,7.760000e+01,1.830000e+01,-1.096096e-01,6.824978e-03,2.169789e-01,1.869419e-02,5.989572e+01,1.257183e+02,9.385375e+00,6.211369e+01,5.005948e+01,1.292940e-01,7.416021e-01
9.720000e+02,7.758483e+01,1.806375e+01,-1.218216e-01,1.326185e-01,4.225125e-01,1.444512e-01,7.000000e-03,2.000000e-02,-1.923323e-02,7.760000e+01,1.830000e+01,-1.096096e-01,1.517181e-02,2.362480e-01,1.221202e-02,5.991089e+01,1.259546e+02,9.397587e+00,6.211392e+01,5.011529e+01,1.294431e-01,7.424210e-01
9.730000e+02,7.758087e+01,1.824134e+01,-1.124942e-01,1.391860e-01,4.025125e-01,1.246583e-01,6.567532e-03,-2.000000e-02,-1.979291e-02,7.760000e+01,1.830000e+01,-1.096096e-01,1.913367e-02,5.866416e-02,2.884615e-03,5.993002e+01,1.260132e+02,9.400472e+00,6.211429e+01,5.011873e+01,1.294515e-01,7.432559e-01
9.740000e+02,7.759060e+01,1.820592e+01,-1.180267e-01,1.321860e-01,4.225125e-01,1.416671e-01,-7.000000e-03,2.000000e-02,1.700883e-02,7.760000e+01,1.830000e+01,-1.096096e-01,9.398521e-03,9.408395e-02,8.417059e-03,5.993942e+01,1.261073e+02,9.408889e+00,6.211437e+01,5.012758e+01,1.295223e-01,7.439942e-01
9.750000e+02,7.758666e+01,1.836945e+01,-1.127775e-01,1.333889e-01,4.025125e-01,1.268561e-01,1.202851e-03,-2.000000e-02,-1.481095e-02,7.760000e+01,1.830000e+01,-1.096096e-01,1.334050e-02,-6.944954e-02,3.167903e-03,5.995276e+01,1.261768e+02,9.412057e+00,6.211455e+01,5.013241e+01,1.295323e-01,7.446150e-01
9.760000e+02,7.759084e+01,1.832137e+01,-1.197335e-01,1.275846e-01,3.825125e-01,1.456502e-01,-5.804276e-03,-2.000000e-02,1.879409e-02,7.760000e+01,1.830000e+01,-1.096096e-01,9.160599e-03,-2.136865e-02,1.012392e-02,5.996192e+01,1.261981e+02,9.422181e+00,6.211464e+01,5.013286e+01,1.296348e-01,7.454019e-01
9.770000e+02,7.759178e+01,1.808304e+01,-1.286472e-01,1.272887e-01,4.025125e-01,1.642607e-01,-2.958835e-04,2.000000e-02,1.861042e-02,7.760000e+01,1.830000e+01,-1.096096e-01,8.217379e-03,2.169552e-01,1.903759e-02,5.997014e+01,1.264151e+02,9.441218e+00,6.211470e+01,5.017993e+01,1.299973e-01,7.461483e-01
9.780000e+02,7.758485e+01,1.806374e+01,-1.213978e-01,1.342887e-01,4.225125e-01,1.432967e-01,7.000000e-03,2.000000e-02,-2.096398e-02,7.760000e+01,1.830000e+01,-1.096096e-01,1.514549e-02,2.362627e-01,1.178821e-02,5.998529e+01,1.266514e+02,9.453007e+00,6.211493e+01,5.023575e+01,1.301362e-01,7.470368e-01
9.790000e+02,7.758257e+01,1.824132e+01,-1.120524e-01,1.371481e-01,4.025125e-01,1.237675e-01,2.859384e-03,-2.000000e-02,-1.952921e-02,7.760000e+01,1.830000e+01,-1.096096e-01,1.743101e-02,5.867670e-02,2.442813e-03,6.000272e+01,1.267100e+02,9.455449e+00,6.211524e+01,5.023920e+01,1.301422e-01,7.478264e-01
9.800000e+02,7.759060e+01,1.820595e+01,-1.185413e-01,1.301481e-01,4.225125e-01,1.430788e-01,-7.000000e-03,2.000000e-02,1.931138e-02,7.760000e+01,1.830000e+01,-1.096096e-01,9.398767e-03,9.405107e-02,8.931656e-03,6.001212e+01,1.268041e+02,9.464381e+00,6.211533e+01,5.024804e+01,1.302220e-01,7.486483e-01
9.810000e+02,7.758461e+01,1.836948e+01,-1.133167e-01,1.358442e-01,4.025125e-01,1.279444e-01,5.696095e-03,-2.000000e-02,-1.513450e-02,7.760000e+01,1.830000e+01,-1.096096e-01,1.538664e-02,-6.947913e-02,3.707090e-03,6.002750e+01,1.268736e+02,9.468088e+00,6.211556e+01,5.025287e+01,1.302357e-01,7.493098e-01
9.820000e+02,7.759084e+01,1.832134e+01,-1.191137e-01,1.288442e-01,3.825125e-01,1.439470e-01,-7.000000e-03,-2.000000e-02,1.600268e-02,7.760000e+01,1.830000e+01,-1.096096e-01,9.157310e-03,-2.134220e-02,9.504112e-03,6.003666e+01,1.268949e+02,9.477592e+00,6.211565e+01,5.025332e+01,1.303260e-01,7.500149e-01
9.830000e+02,7.759318e+01,1.808302e+01,-1.283038e-01,1.256185e-01,4.025125e-01,1.636844e-01,-3.225702e-03,2.000000e-02,1.973738e-02,7.760000e+01,1.830000e+01,-1.096096e-01,6.824978e-03,2.169789e-01,1.869419e-02,6.004348e+01,1.271119e+02,9.496286e+00,6.211569e+01,5.030040e+01,1.306755e-01,7.508149e-01
9.840000e+02,7.758483e+01,1.806375e+01,-1.218216e-01,1.326185e-01,4.225125e-01,1.444512e-01,7.000000e-03,2.000000e-02,-1.923323e-02,7.760000e+01,1.830000e+01,-1.096096e-01,1.517181e-02,2.362480e-01,1.221202e-02,6.005866e+01,1.273481e+02,9.508498e+00,6.211592e+01,5.035622e+01,1.308246e-01,7.516338e-01
9.850000e+02,7.758087e+01,1.824134e+01,-1.124942e-01,1.391860e-01,4.025125e-01,1.246583e-01,6.567532e-03,-2.000000e-02,-1.979291e-02,7.760000e+01,1.830000e+01,-1.096096e-01,1.913367e-02,5.866416e-02,2.884615e-03,6.007779e+01,1.274068e+02,9.511383e+00,6.211629e+01,5.035966e+01,1.308330e-01,7.524687e-01
9.860000e+02,7.759060e+01,1.820592e+01,-1.180267e-01,1.321860e-01,4.225125e-01,1.416671e-01,-7.000000e-03,2.000000e-02,1.700883e-02,7.760000e+01,1.830000e+01,-1.096096e-01,9.398521e-03,9.408395e-02,8.417059e-03,6.008719e+01,1.275009e+02,9.519800e+00,6.211638e+01,5.036851e+01,1.309038e-01,7.532070e-01
9.870000e+02,7.758666e+01,1.836945e+01,-1.127775e-01,1.333889e-01,4.025125e-01,1.268561e-01,1.202851e-03,-2.000000e-02,-1.481095e-02,7.760000e+01,1.830000e+01,-1.096096e-01,1.334050e-02,-6.944954e-02,3.167903e-03,6.010053e+01,1.275703e+02,9.522968e+00,6.211656e+01,5.037333e+01,1.309138e-01,7.538278e-01
9.880000e+02,7.759084e+01,1.832137e+01,-1.197335e-01,1.275846e-01,3.825125e-01,1.456502e-01,-5.804276e-03,-2.000000e-02,1.879409e-02,7.760000e+01,1.830000e+01,-1.096096e-01,9.160599e-03,-2.136865e-02,1.012392e-02,6.010969e+01,1.275917e+02,9.533092e+00,6.211664e+01,5.037379e+01,1.310163e-01,7.546147e-01
9.890000e+02,7.759178e+01,1.808304e+01,-1.286472e-01,1.272887e-01,4.025125e-01,1.642607e-01,-2.958835e-04,2.000000e-02,1.861042e-02,7.760000e+01,1.830000e+01,-1.096096e-01,8.217379e-03,2.169552e-01,1.903759e-02,6.011791e+01,1.278087e+02,9.552130e+00,6.211671e+01,5.042086e+01,1.313788e-01,7.553611e-01
9.900000e+02,7.758485e+01,1.806374e+01,-1.213978e-01,1.342887e-01,4.225125e-01,1.432967e-01,7.000000e-03,2.000000e-02,-2.096398e-02,7.760000e+01,1.830000e+01,-1.096096e-01,1.514549e-02,2.362627e-01,1.178821e-02,6.013305e+01,1.280449e+02,9.563918e+00,6.211694e+01,5.047668e+01,1.315177e-01,7.562496e-01
9.910000e+02,7.758257e+01,1.824132e+01,-1.120524e-01,1.371481e-01,4.025125e-01,1.237675e-01,2.859384e-03,-2.000000e-02,-1.952921e-02,7.760000e+01,1.830000e+01,-1.096096e-01,1.743101e-02,5.867670e-02,2.442813e-03,6.015048e+01,1.281036e+02,9.566361e+00,6.211724e+01,5.048012e+01,1.315237e-01,7.570392e-01
9.920000e+02,7.759060e+01,1.820595e+01,-1.185413e-01,1.301481e-01,4.225125e-01,1.430788e-01,-7.000000e-03,2.000000e-02,1.931138e-02,7.760000e+01,1.830000e+01,-1.096096e-01,9.398767e-03,9.405107e-02,8.931656e-03,6.015988e+01,1.281976e+02,9.575292e+00,6.211733e+01,5.048897e+01,1.316035e-01,7.578611e-01
9.930000e+02,7.758461e+01,1.836948e+01,-1.133167e-01,1.358442e-01,4.025125e-01,1.279444e-01,5.696095e-03,-2.000000e-02,-1.513450e-02,7.760000e+01,1.830000e+01,-1.096096e-01,1.538664e-02,-6.947913e-02,3.707090e-03,6.017527e+01,1.282671e+02,9.578999e+00,6.211757e+01,5.049380e+01,1.316172e-01,7.585226e-01
9.940000e+02,7.759084e+01,1.832134e+01,-1.191137e-01,1.288442e-01,3.825125e-01,1.439470e-01,-7.000000e-03,-2.000000e-02,1.600268e-02,7.760000e+01,1.830000e+01,-1.096096e-01,9.157310e-03,-2.134220e-02,9.504112e-03,6.018443e+01,1.282885e+02,9.588503e+00,6.211765e+01,5.049425e+01,1.317075e-01,7.592277e-01
9.950000e+02,7.759318e+01,1.808302e+01,-1.283038e-01,1.256185e-01,4.025125e-01,1.636844e-01,-3.225702e-03,2.000000e-02,1.973738e-02,7.760000e+01,1.830000e+01,-1.096096e-01,6.824978e-03,2.169789e-01,1.869419e-02,6.019125e+01,1.285054e+02,9.607198e+00,6.211770e+01,5.054133e+01,1.320570e-01,7.600277e-01
9.960000e+02,7.758483e+01,1.806375e+01,-1.218216e-01,1.326185e-01,4.225125e-01,1.444512e-01,7.000000e-03,2.000000e-02,-1.923323e-02,7.760000e+01,1.830000e+01,-1.096096e-01,1.517181e-02,2.362480e-01,1.221202e-02,6.020642e+01,1.287417e+02,9.619410e+00,6.211793e+01,5.059714e+01,1.322061e-01,7.608466e-01
9.970000e+02,7.758087e+01,1.824134e+01,-1.124942e-01,1.391860e-01,4.025125e-01,1.246583e-01,6.567532e-03,-2.000000e-02,-1.979291e-02,7.760000e+01,1.830000e+01,-1.096096e-01,1.913367e-02,5.866416e-02,2.884615e-03,6.022556e+01,1.288004e+02,9.622294e+00,6.211829e+01,5.060059e+01,1.322145e-01,7.616815e-01
9.980000e+02,7.759060e+01,1.820592e+01,-1.180267e-01,1.321860e-01,4.225125e-01,1.416671e-01,-7.000000e-03,2.000000e-02,1.700883e-02,7.760000e+01,1.830000e+01,-1.096096e-01,9.398521e-03,9.408395e-02,8.417059e-03,6.023496e+01,1.288944e+02,9.630711e+00,6.211838e+01,5.060944e+01,1.322853e-01,7.624198e-01
9.990000e+02,7.758666e+01,1.836945e+01,-1.127775e-01,1.333889e-01,4.025125e-01,1.268561e-01,1.202851e-03,-2.000000e-02,-1.481095e-02,7.760000e+01,1.830000e+01,-1.096096e-01,1.334050e-02,-6.944954e-02,3.167903e-03,6.024830e+01,1.289639e+02,9.633879e+00,6.211856e+01,5.061426e+01,1.322953e-01,7.630406e-01
1.000000e+03,7.759084e+01,1.832137e+01,-1.197335e-01,1.275846e-01,3.825125e-01,1.456502e-01,-5.804276e-03,-2.000000e-02,1.879409e-02,7.760000e+01,1.830000e+01,-1.096096e-01,9.160599e-03,-2.136865e-02,1.012392e-02,6.025746e+01,1.289853e+02,9.644003e+00,6.211864e+01,5.061472e+01,1.323978e-01,7.638275e-01
1.001000e+03,7.759178e+01,1.808304e+01,-1.286472e-01,1.272887e-01,4.025125e-01,1.642607e-01,-2.958835e-04,2.000000e-02,1.861042e-02,7.760000e+01,1.830000e+01,-1.096096e-01,8.217379e-03,2.169552e-01,1.903759e-02,6.026567e+01,1.292022e+02,9.663041e+00,6.211871e+01,5.066179e+01,1.327603e-01,7.645739e-01
1.002000e+03,7.758485e+01,1.806374e+01,-1.213978e-01,1.342887e-01,4.225125e-01,1.432967e-01,7.000000e-03,2.000000e-02,-2.096398e-02,7.760000e+01,1.830000e+01,-1.096096e-01,1.514549e-02,2.362627e-01,1.178821e-02,6.028082e+01,1.294385e+02,9.674829e+00,6.211894e+01,5.071761e+01,1.328992e-01,7.654624e-01
1.003000e+03,7.758257e+01,1.824132e+01,-1.120524e-01,1.371481e-01,4.025125e-01,1.237675e-01,2.859384e-03,-2.000000e-02,-1.952921e-02,7.760000e+01,1.830000e+01,-1.096096e-01,1.743101e-02,5.867670e-02,2.442813e-03,6.029825e+01,1.294972e+02,9.677272e+00,6.211924e+01,5.072105e+01,1.329052e-01,7.662520e-01
1.004000e+03,7.759060e+01,1.820595e+01,-1.185413e-01,1.301481e-01,4.225125e-01,1.430788e-01,-7.000000e-03,2.000000e-02,1.931138e-02,7.760000e+01,1.830000e+01,-1.096096e-01,9.398767e-03,9.405107e-02,8.931656e-03,6.030765e+01,1.295912e+02,9.686203e+00,6.211933e+01,5.072990e+01,1.329850e-01,7.670739e-01
1.005000e+03,7.758461e+01,1.836948e+01,-1.133167e-01,1.358442e-01,4.025125e-01,1.279444e-01,5.696095e-03,-2.000000e-02,-1.513450e-02,7.760000e+01,1.830000e+01,-1.096096e-01,1.538664e-02,-6.947913e-02,3.707090e-03,6.032304e+01,1.296607e+02,9.689910e+00,6.211957e+01,5.073472e+01,1.329987e-01,7.677354e-01
1.006000e+03,7.759084e+01,1.832134e+01,-1.191137e-01,1.288442e-01,3.825125e-01,1.439470e-01,-7.000000e-03,-2.000000e-02,1.600268e-02,7.760000e+01,1.830000e+01,-1.096096e-01,9.157310e-03,-2.134220e-02,9.504112e-03,6.033219e+01,1.296820e+02,9.699415e+00,6.211965e+01,5.073518e+01,1.330890e-01,7.684405e-01
1.007000e+03,7.759318e+01,1.808302e+01,-1.283038e-01,1.256185e-01,4.025125e-01,1.636844e-01,-3.225702e-03,2.000000e-02,1.973738e-02,7.760000e+01,1.830000e+01,-1.096096e-01,6.824978e-03,2.169789e-01,1.869419e-02,6.033902e+01,1.298990e+02,9.718109e+00,6.211970e+01,5.078226e+01,1.334385e-01,7.692405e-01
1.008000e+03,7.758483e+01,1.806375e+01,-1.218216e-01,1.326185e-01,4.225125e-01,1.444512e-01,7.000000e-03,2.000000e-02,-1.923323e-02,7.760000e+01,1.830000e+01,-1.096096e-01,1.517181e-02,2.362480e-01,1.221202e-02,6.035419e+01,1.301353e+02,9.730321e+00,6.211993e+01,5.083807e+01,1.335877e-01,7.700594e-01
1.009000e+03,7.758087e+01,1.824134e+01,-1.124942e-01,1.391860e-01,4.025125e-01,1.246583e-01,6.567532e-03,-2.000000e-02,-1.979291e-02,7.760000e+01,1.830000e+01,-1.096096e-01,1.913367e-02,5.866416e-02,2.884615e-03,6.037332e+01,1.301939e+02,9.733205e+00,6.212029e+01,5.084151e+01,1.335960e-01,7.708943e-01
1.010000e+03,7.759060e+01,1.820592e+01,-1.180267e-01,1.321860e-01,4.225125e-01,1.416671e-01,-7.000000e-03,2.000000e-02,1.700883e-02,7.760000e+01,1.830000e+01,-1.096096e-01,9.398521e-03,9.408395e-02,8.417059e-03,6.038272e+01,1.302880e+02,9.741622e+00,6.212038e+01,5.085036e+01,1.336668e-01,7.716326e-01
1.011000e+03,7.758666e+01,1.836945e+01,-1.127775e-01,1.333889e-01,4.025125e-01,1.268561e-01,1.202851e-03,-2.000000e-02,-1.481095e-02,7.760000e+01,1.830000e+01,-1.096096e-01,1.334050e-02,-6.944954e-02,3.167903e-03,6.039606e+01,1.303575e+02,9.744790e+00,6.212056e+01,5.085519e+01,1.336769e-01,7.722534e-01
1.012000e+03,7.759084e+01,1.832137e+01,-1.197335e-01,1.275846e-01,3.825125e-01,1.456502e-01,-5.804276e-03,-2.000000e-02,1.879409e-02,7.760000e+01,1.830000e+01,-1.096096e-01,9.160599e-03,-2.136865e-02,1.012392e-02,6.040522e+01,1.303788e+02,9.754914e+00,6.212064e+01,5.085564e+01,1.337794e-01,7.730403e-01
1.013000e+03,7.759178e+01,1.808304e+01,-1.286472e-01,1.272887e-01,4.025125e-01,1.642607e-01,-2.958835e-04,2.000000e-02,1.861042e-02,7.760000e+01,1.830000e+01,-1.096096e-01,8.217379e-03,2.169552e-01,1.903759e-02,6.041344e+01,1.305958e+02,9.773952e+00,6.212071e+01,5.090271e+01,1.341418e-01,7.737867e-01
1.014000e+03,7.758485e+01,1.806374e+01,-1.213978e-01,1.342887e-01,4.225125e-01,1.432967e-01,7.000000e-03,2.000000e-02,-2.096398e-02,7.760000e+01,1.830000e+01,-1.096096e-01,1.514549e-02,2.362627e-01,1.178821e-02,6.042859e+01,1.308320e+02,9.785740e+00,6.212094e+01,5.095853e+01,1.342807e-01,7.746752e-01
1.015000e+03,7.758257e+01,1.824132e+01,-1.120524e-01,1.371481e-01,4.025125e-01,1.237675e-01,2.859384e-03,-2.000000e-02,-1.952921e-02,7.760000e+01,1.830000e+01,-1.096096e-01,1.743101e-02,5.867670e-02,2.442813e-03,6.044602e+01,1.308907e+02,9.788183e+00,6.212125e+01,5.096198e+01,1.342867e-01,7.754648e-01
1.016000e+03,7.759060e+01,1.820595e+01,-1.185413e-01,1.301481e-01,4.225125e-01,1.430788e-01,-7.000000e-03,2.000000e-02,1.931138e-02,7.760000e+01,1.830000e+01,-1.096096e-01,9.398767e-03,9.405107e-02,8.931656e-03,6.045542e+01,1.309848e+02,9.797115e+00,6.212133e+01,5.097082e+01,1.343665e-01,7.762867e-01
1.017000e+03,7.758461e+01,1.836948e+01,-1.133167e-01,1.358442e-01,4.025125e-01,1.279444e-01,5.696095e-03,-2.000000e-02,-1.513450e-02,7.760000e+01,1.830000e+01,-1.096096e-01,1.538664e-02,-6.947913e-02,3.707090e-03,6.047080e+01,1.310542e+02,9.800822e+00,6.212157e+01,5.097565e+01,1.343802e-01,7.769482e-01
1.018000e+03,7.759084e+01,1.832134e+01,-1.191137e-01,1.288442e-01,3.825125e-01,1.439470e-01,-7.000000e-03,-2.000000e-02,1.600268e-02,7.760000e+01,1.830000e+01,-1.096096e-01,9.157310e-03,-2.134220e-02,9.504112e-03,6.047996e+01,1.310756e+02,9.810326e+00,6.212165e+01,5.097611e+01,1.344706e-01,7.776533e-01
1.019000e+03,7.759318e+01,1.808302e+01,-1.283038e-01,1.256185e-01,4.025125e-01,1.636844e-01,-3.225702e-03,2.000000e-02,1.973738e-02,7.760000e+01,1.830000e+01,-1.096096e-01,6.824978e-03,2.169789e-01,1.869419e-02,6.048678e+01,1.312926e+02,9.829020e+00,6.212170e+01,5.102319e+01,1.348200e-01,7.784533e-01
1.020000e+03,7.758483e+01,1.806375e+01,-1.218216e-01,1.326185e-01,4.225125e-01,1.444512e-01,7.000000e-03,2.000000e-02,-1.923323e-02,7.760000e+01,1.830000e+01,-1.096096e-01,1.517181e-02,2.362480e-01,1.221202e-02,6.050196e+01,1.315288e+02,9.841232e+00,6.212193e+01,5.107900e+01,1.349692e-01,7.792722e-01
1.021000e+03,7.758087e+01,1.824134e+01,-1.124942e-01,1.391860e-01,4.025125e-01,1.246583e-01,6.567532e-03,-2.000000e-02,-1.979291e-02,7.760000e+01,1.830000e+01,-1.096096e-01,1.913367e-02,5.866416e-02,2.884615e-03,6.052109e+01,1.315875e+02,9.844117e+00,6.212230e+01,5.108244e+01,1.349775e-01,7.801071e-01
1.022000e+03,7.759060e+01,1.820592e+01,-1.180267e-01,1.321860e-01,4.225125e-01,1.416671e-01,-7.000000e-03,2.000000e-02,1.700883e-02,7.760000e+01,1.830000e+01,-1.096096e-01,9.398521e-03,9.408395e-02,8.417059e-03,6.053049e+01,1.316816e+02,9.852534e+00,6.212239e+01,5.109129e+01,1.350483e-01,7.808454e-01
1.023000e+03,7.758666e+01,1.836945e+01,-1.127775e-01,1.333889e-01,4.025125e-01,1.268561e-01,1.202851e-03,-2.000000e-02,-1.481095e-02,7.760000e+01,1.830000e+01,-1.096096e-01,1.334050e-02,-6.944954e-02,3.167903e-03,6.054383e+01,1.317510e+02,9.855702e+00,6.212256e+01,5.109611e+01,1.350584e-01,7.814662e-01
1.024000e+03,7.759084e+01,1.832137e+01,-1.197335e-01,1.275846e-01,3.825125e-01,1.456502e-01,-5.804276e-03,-2.000000e-02,1.879409e-02,7.760000e+01,1.830000e+01,-1.096096e-01,9.160599e-03,-2.136865e-02,1.012392e-02,6.055299e+01,1.317724e+02,9.865825e+00,6.212265e+01,5.109657e+01,1.351609e-01,7.822531e-01
1.025000e+03,7.759178e+01,1.808304e+01,-1.286472e-01,1.272887e-01,4.025125e-01,1.642607e-01,-2.958835e-04,2.000000e-02,1.861042e-02,7.760000e+01,1.830000e+01,-1.096096e-01,8.217379e-03,2.169552e-01,1.903759e-02,6.056121e+01,1.319893e+02,9.884863e+00,6.212272e+01,5.114364e+01,1.355233e-01,7.829995e-01
1.026000e+03,7.758485e+01,1.806374e+01,-1.213978e-01,1.342887e-01,4.225125e-01,1.432967e-01,7.000000e-03,2.000000e-02,-2.096398e-02,7.760000e+01,1.830000e+01,-1.096096e-01,1.514549e-02,2.362627e-01,1.178821e-02,6.057635e+01,1.322256e+02,9.896651e+00,6.212294e+01,5.119946e+01,1.356623e-01,7.838880e-01
1.027000e+03,7.758257e+01,1.824132e+01,-1.120524e-01,1.371481e-01,4.025125e-01,1.237675e-01,2.859384e-03,-2.000000e-02,-1.952921e-02,7.760000e+01,1.830000e+01,-1.096096e-01,1.743102e-02,5.867670e-02,2.442813e-03,6.059378e+01,1.322843e+02,9.899094e+00,6.212325e+01,5.120290e+01,1.356682e-01,7.846776e-01
1.028000e+03,7.759060e+01,1.820595e+01,-1.185413e-01,1.301481e-01,4.225125e-01,1.430788e-01,-7.000000e-03,2.000000e-02,1.931138e-02,7.760000e+01,1.830000e+01,-1.096096e-01,9.398767e-03,9.405107e-02,8.931656e-03,6.060318e+01,1.323783e+02,9.908026e+00,6.212334e+01,5.121175e+01,1.357480e-01,7.854995e-01
1.029000e+03,7.758461e+01,1.836948e+01,-1.133167e-01,1.358442e-01,4.025125e-01,1.279444e-01,5.696095e-03,-2.000000e-02,-1.513450e-02,7.760000e+01,1.830000e+01,-1.096096e-01,1.538664e-02,-6.947913e-02,3.707090e-03,6.061857e+01,1.324478e+02,9.911733e+00,6.212357e+01,5.121658e+01,1.357617e-01,7.861610e-01
1.030000e+03,7.759084e+01,1.832134e+01,-1.191137e-01,1.288442e-01,3.825125e-01,1.439470e-01,-7.000000e-03,-2.000000e-02,1.600268e-02,7.760000e+01,1.830000e+01,-1.096096e-01,9.157310e-03,-2.134220e-02,9.504112e-03,6.062773e+01,1.324691e+02,9.921237e+00,6.212366e+01,5.121703e+01,1.358521e-01,7.868661e-01
1.031000e+03,7.759318e+01,1.808302e+01,-1.283038e-01,1.256185e-01,4.025125e-01,1.636844e-01,-3.225702e-03,2.000000e-02,1.973738e-02,7.760000e+01,1.830000e+01,-1.096096e-01,6.824978e-03,2.169789e-01,1.869419e-02,6.063455e+01,1.326861e+02,9.939931e+00,6.212370e+01,5.126411e+01,1.362015e-01,7.876661e-01
1.032000e+03,7.758483e+01,1.806375e+01,-1.218216e-01,1.326185e-01,4.225125e-01,1.444512e-01,7.000000e-03,2.000000e-02,-1.923323e-02,7.760000e+01,1.830000e+01,-1.096096e-01,1.517181e-02,2.362480e-01,1.221202e-02,6.064972e+01,1.329224e+02,9.952143e+00,6.212393e+01,5.131993e+01,1.363507e-01,7.884850e-01
1.033000e+03,7.758087e+01,1.824134e+01,-1.124942e-01,1.391860e-01,4.025125e-01,1.246583e-01,6.567532e-03,-2.000000e-02,-1.979291e-02,7.760000e+01,1.830000e+01,-1.096096e-01,1.913367e-02,5.866416e-02,2.884615e-03,6.066886e+01,1.329810e+02,9.955028e+00,6.212430e+01,5.132337e+01,1.363590e-01,7.893199e-01
1.034000e+03,7.759060e+01,1.820592e+01,-1.180267e-01,1.321860e-01,4.225125e-01,1.416671e-01,-7.000000e-03,2.000000e-02,1.700883e-02,7.760000e+01,1.830000e+01,-1.096096e-01,9.398521e-03,9.408395e-02,8.417059e-03,6.067826e+01,1.330751e+02,9.963445e+00,6.212439e+01,5.133222e+01,1.364298e-01,7.900582e-01
1.035000e+03,7.758666e+01,1.836945e+01,-1.127775e-01,1.333889e-01,4.025125e-01,1.268561e-01,1.202851e-03,-2.000000e-02,-1.481095e-02,7.760000e+01,1.830000e+01,-1.096096e-01,1.334050e-02,-6.944954e-02,3.167903e-03,6.069160e+01,1.331446e+02,9.966613e+00,6.212457e+01,5.133704e+01,1.364399e-01,7.906790e-01
1.036000e+03,7.759084e+01,1.832137e+01,-1.197335e-01,1.275846e-01,3.825125e-01,1.456502e-01,-5.804276e-03,-2.000000e-02,1.879409e-02,7.760000e+01,1.830000e+01,-1.096096e-01,9.160599e-03,-2.136865e-02,1.012392e-02,6.070076e+01,1.331659e+02,9.976737e+00,6.212465e+01,5.133750e+01,1.365424e-01,7.914659e-01
1.037000e+03,7.759178e+01,1.808304e+01,-1.286472e-01,1.272887e-01,4.025125e-01,1.642607e-01,-2.958835e-04,2.000000e-02,1.861042e-02,7.760000e+01,1.830000e+01,-1.096096e-01,8.217379e-03,2.169552e-01,1.903759e-02,6.070897e+01,1.333829e+02,9.995774e+00,6.212472e+01,5.138457e+01,1.369048e-01,7.922123e-01
1.038000e+03,7.758485e+01,1.806374e+01,-1.213978e-01,1.342887e-01,4.225125e-01,1.432967e-01,7.000000e-03,2.000000e-02,-2.096398e-02,7.760000e+01,1.830000e+01,-1.096096e-01,1.514549e-02,2.362627e-01,1.178821e-02,6.072412e+01,1.336192e+02,1.000756e+01,6.212495e+01,5.144039e+01,1.370438e-01,7.931008e-01
1.039000e+03,7.758257e+01,1.824132e+01,-1.120524e-01,1.371481e-01,4.025125e-01,1.237675e-01,2.859384e-03,-2.000000e-02,-1.952921e-02,7.760000e+01,1.830000e+01,-1.096096e-01,1.743102e-02,5.867670e-02,2.442813e-03,6.074155e+01,1.336778e+02,1.001001e+01,6.212525e+01,5.144383e+01,1.370497e-01,7.938904e-01
1.040000e+03,7.759060e+01,1.820595e+01,-1.185413e-01,1.301481e-01,4.225125e-01,1.430788e-01,-7.000000e-03,2.000000e-02,1.931138e-02,7.760000e+01,1.830000e+01,-1.096096e-01,9.398767e-03,9.405107e-02,8.931656e-03,6.075095e+01,1.337719e+02,1.001894e+01,6.212534e+01,5.145268e+01,1.371295e-01,7.947123e-01
1.041000e+03,7.758461e+01,1.836948e+01,-1.133167e-01,1.358442e-01,4.025125e-01,1.279444e-01,5.696095e-03,-2.000000e-02,-1.513450e-02,7.760000e+01,1.830000e+01,-1.096096e-01,1.538664e-02,-6.947913e-02,3.707090e-03,6.076634e+01,1.338414e+02,1.002264e+01,6.212558e+01,5.145750e+01,1.371432e-01,7.953738e-01
1.042000e+03,7.759084e+01,1.832134e+01,-1.191137e-01,1.288442e-01,3.825125e-01,1.439470e-01,-7.000000e-03,-2.000000e-02,1.600268e-02,7.760000e+01,1.830000e+01,-1.096096e-01,9.157310e-03,-2.134220e-02,9.504112e-03,6.077549e+01,1.338627e+02,1.003215e+01,6.212566e+01,5.145796e+01,1.372336e-01,7.960789e-01
1.043000e+03,7.759318e+01,1.808302e+01,-1.283038e-01,1.256185e-01,4.025125e-01,1.636844e-01,-3.225702e-03,2.000000e-02,1.973738e-02,7.760000e+01,1.830000e+01,-1.096096e-01,6.824978e-03,2.169789e-01,1.869419e-02,6.078232e+01,1.340797e+02,1.005084e+01,6.212571e+01,5.150504e+01,1.375830e-01,7.968789e-01
1.044000e+03,7.758483e+01,1.806375e+01,-1.218216e-01,1.326185e-01,4.225125e-01,1.444512e-01,7.000000e-03,2.000000e-02,-1.923323e-02,7.760000e+01,1.830000e+01,-1.096096e-01,1.517181e-02,2.362480e-01,1.221202e-02,6.079749e+01,1.343159e+02,1.006305e+01,6.212594e+01,5.156085e+01,1.377322e-01,7.976978e-01
1.045000e+03,7.758087e+01,1.824134e+01,-1.124942e-01,1.391860e-01,4.025125e-01,1.246583e-01,6.567532e-03,-2.000000e-02,-1.979291e-02,7.760000e+01,1.830000e+01,-1.096096e-01,1.913367e-02,5.866416e-02,2.884615e-03,6.081662e+01,1.343746e+02,1.006594e+01,6.212630e+01,5.156429e+01,1.377405e-01,7.985327e-01
1.046000e+03,7.759060e+01,1.820592e+01,-1.180267e-01,1.321860e-01,4.225125e-01,1.416671e-01,-7.000000e-03,2.000000e-02,1.700883e-02,7.760000e+01,1.830000e+01,-1.096096e-01,9.398521e-03,9.408395e-02,8.417059e-03,6.082602e+01,1.344687e+02,1.007436e+01,6.212639e+01,5.157315e+01,1.378113e-01,7.992710e-01
1.047000e+03,7.758666e+01,1.836945e+01,-1.127775e-01,1.333889e-01,4.025125e-01,1.268561e-01,1.202851e-03,-2.000000e-02,-1.481095e-02,7.760000e+01,1.830000e+01,-1.096096e-01,1.334050e-02,-6.944954e-02,3.167903e-03,6.083936e+01,1.345381e+02,1.007752e+01,6.212657e+01,5.157797e+01,1.378214e-01,7.998918e-01
1.048000e+03,7.759084e+01,1.832137e+01,-1.197335e-01,1.275846e-01,3.825125e-01,1.456502e-01,-5.804276e-03,-2.000000e-02,1.879409e-02,7.760000e+01,1.830000e+01,-1.096096e-01,9.160599e-03,-2.136865e-02,1.012392e-02,6.084852e+01,1.345595e+02,1.008765e+01,6.212665e+01,5.157843e+01,1.379239e-01,8.006787e-01
1.049000e+03,7.759178e+01,1.808304e+01,-1.286472e-01,1.272887e-01,4.025125e-01,1.642607e-01,-2.958835e-04,2.000000e-02,1.861042e-02,7.760000e+01,1.830000e+01,-1.096096e-01,8.217379e-03,2.169552e-01,1.903759e-02,6.085674e+01,1.347765e+02,1.010669e+01,6.212672e+01,5.162550e+01,1.382863e-01,8.014251e-01
1.050000e+03,7.758485e+01,1.806374e+01,-1.213978e-01,1.342887e-01,4.225125e-01,1.432967e-01,7.000000e-03,2.000000e-02,-2.096398e-02,7.760000e+01,1.830000e+01,-1.096096e-01,1.514549e-02,2.362627e-01,1.178821e-02,6.087189e+01,1.350127e+02,1.011847e+01,6.212695e+01,5.168132e+01,1.384253e-01,8.023136e-01
1.051000e+03,7.758257e+01,1.824132e+01,-1.120524e-01,1.371481e-01,4.025125e-01,1.237675e-01,2.859384e-03,-2.000000e-02,-1.952921e-02,7.760000e+01,1.830000e+01,-1.096096e-01,1.743102e-02,5.867670e-02,2.442813e-03,6.088932e+01,1.350714e+02,1.012092e+01,6.212725e+01,5.168476e+01,1.384312e-01,8.031032e-01
1.052000e+03,7.759060e+01,1.820595e+01,-1.185413e-01,1.301481e-01,4.225125e-01,1.430788e-01,-7.000000e-03,2.000000e-02,1.931138e-02,7.760000e+01,1.830000e+01,-1.096096e-01,9.398767e-03,9.405107e-02,8.931656e-03,6.089872e+01,1.351654e+02,1.012985e+01,6.212734e+01,5.169360e+01,1.385110e-01,8.039251e-01
1.053000e+03,7.758461e+01,1.836948e+01,-1.133167e-01,1.358442e-01,4.025125e-01,1.279444e-01,5.696095e-03,-2.000000e-02,-1.513450e-02,7.760000e+01,1.830000e+01,-1.096096e-01,1.538664e-02,-6.947913e-02,3.707090e-03,6.091410e+01,1.352349e+02,1.013356e+01,6.212758e+01,5.169843e+01,1.385248e-01,8.045866e-01
1.054000e+03,7.759084e+01,1.832134e+01,-1.191137e-01,1.288442e-01,3.825125e-01,1.439470e-01,-7.000000e-03,-2.000000e-02,1.600268e-02,7.760000e+01,1.830000e+01,-1.096096e-01,9.157310e-03,-2.134220e-02,9.504112e-03,6.092326e+01,1.352563e+02,1.014306e+01,6.212766e+01,5.169889e+01,1.386151e-01,8.052917e-01
1.055000e+03,7.759318e+01,1.808302e+01,-1.283038e-01,1.256185e-01,4.025125e-01,1.636844e-01,-3.225702e-03,2.000000e-02,1.973738e-02,7.760000e+01,1.830000e+01,-1.096096e-01,6.824978e-03,2.169789e-01,1.869419e-02,6.093008e+01,1.354732e+02,1.016175e+01,6.212771e+01,5.174597e+01,1.389646e-01,8.060917e-01
1.056000e+03,7.758483e+01,1.806375e+01,-1.218216e-01,1.326185e-01,4.225125e-01,1.444512e-01,7.000000e-03,2.000000e-02,-1.923323e-02,7.760000e+01,1.830000e+01,-1.096096e-01,1.517181e-02,2.362480e-01,1.221202e-02,6.094526e+01,1.357095e+02,1.017397e+01,6.212794e+01,5.180178e+01,1.391137e-01,8.069106e-01
1.057000e+03,7.758087e+01,1.824134e+01,-1.124942e-01,1.391860e-01,4.025125e-01,1.246583e-01,6.567532e-03,-2.000000e-02,-1.979291e-02,7.760000e+01,1.830000e+01,-1.096096e-01,1.913367e-02,5.866416e-02,2.884615e-03,6.096439e+01,1.357682e+02,1.017685e+01,6.212831e+01,5.180522e+01,1.391220e-01,8.077455e-01
1.058000e+03,7.759060e+01,1.820592e+01,-1.180267e-01,1.321860e-01,4.225125e-01,1.416671e-01,-7.000000e-03,2.000000e-02,1.700883e-02,7.760000e+01,1.830000e+01,-1.096096e-01,9.398521e-03,9.408395e-02,8.417059e-03,6.097379e+01,1.358622e+02,1.018527e+01,6.212839e+01,5.181407e+01,1.391929e-01,8.084838e-01
1.059000e+03,7.758666e+01,1.836945e+01,-1.127775e-01,1.333889e-01,4.025125e-01,1.268561e-01,1.202851e-03,-2.000000e-02,-1.481095e-02,7.760000e+01,1.830000e+01,-1.096096e-01,1.334050e-02,-6.944954e-02,3.167903e-03,6.098713e+01,1.359317e+02,1.018844e+01,6.212857e+01,5.181890e+01,1.392029e-01,8.091046e-01
1.060000e+03,7.759084e+01,1.832137e+01,-1.197335e-01,1.275846e-01,3.825125e-01,1.456502e-01,-5.804276e-03,-2.000000e-02,1.879409e-02,7.760000e+01,1.830000e+01,-1.096096e-01,9.160599e-03,-2.136865e-02,1.012392e-02,6.099629e+01,1.359531e+02,1.019856e+01,6.212866e+01,5.181935e+01,1.393054e-01,8.098915e-01
1.061000e+03,7.759178e+01,1.808304e+01,-1.286472e-01,1.272887e-01,4.025125e-01,1.642607e-01,-2.958835e-04,2.000000e-02,1.861042e-02,7.760000e+01,1.830000e+01,-1.096096e-01,8.217379e-03,2.169552e-01,1.903759e-02,6.100451e+01,1.361700e+02,1.021760e+01,6.212872e+01,5.186642e+01,1.396678e-01,8.106379e-01
1.062000e+03,7.758485e+01,1.806374e+01,-1.213978e-01,1.342887e-01,4.225125e-01,1.432967e-01,7.000000e-03,2.000000e-02,-2.096398e-02,7.760000e+01,1.830000e+01,-1.096096e-01,1.514549e-02,2.362627e-01,1.178821e-02,6.101965e+01,1.364063e+02,1.022938e+01,6.212895e+01,5.192224e+01,1.398068e-01,8.115264e-01
1.063000e+03,7.758257e+01,1.824132e+01,-1.120524e-01,1.371481e-01,4.025125e-01,1.237675e-01,2.859384e-03,-2.000000e-02,-1.952921e-02,7.760000e+01,1.830000e+01,-1.096096e-01,1.743102e-02,5.867670e-02,2.442813e-03,6.103708e+01,1.364650e+02,1.023183e+01,6.212926e+01,5.192569e+01,1.398127e-01,8.123160e-01
1.064000e+03,7.759060e+01,1.820595e+01,-1.185413e-01,1.301481e-01,4.225125e-01,1.430788e-01,-7.000000e-03,2.000000e-02,1.931138e-02,7.760000e+01,1.830000e+01,-1.096096e-01,9.398767e-03,9.405107e-02,8.931656e-03,6.104648e+01,1.365590e+02,1.024076e+01,6.212935e+01,5.193453e+01,1.398925e-01,8.131379e-01
1.065000e+03,7.758461e+01,1.836948e+01,-1.133167e-01,1.358442e-01,4.025125e-01,1.279444e-01,5.696095e-03,-2.000000e-02,-1.513450e-02,7.760000e+01,1.830000e+01,-1.096096e-01,1.538664e-02,-6.947913e-02,3.707090e-03,6.106187e+01,1.366285e+02,1.024447e+01,6.212958e+01,5.193936e+01,1.399063e-01,8.137994e-01
1.066000e+03,7.759084e+01,1.832134e+01,-1.191137e-01,1.288442e-01,3.825125e-01,1.439470e-01,-7.000000e-03,-2.000000e-02,1.600268e-02,7.760000e+01,1.830000e+01,-1.096096e-01,9.157310e-03,-2.134220e-02,9.504112e-03,6.107103e+01,1.366498e+02,1.025397e+01,6.212967e+01,5.193981e+01,1.399966e-01,8.145045e-01
1.067000e+03,7.759318e+01,1.808302e+01,-1.283038e-01,1.256185e-01,4.025125e-01,1.636844e-01,-3.225702e-03,2.000000e-02,1.973738e-02,7.760000e+01,1.830000e+01,-1.096096e-01,6.824978e-03,2.169789e-01,1.869419e-02,6.107785e+01,1.368668e+02,1.027266e+01,6.212971e+01,5.198689e+01,1.403461e-01,8.153045e-01
1.068000e+03,7.758483e+01,1.806375e+01,-1.218216e-01,1.326185e-01,4.225125e-01,1.444512e-01,7.000000e-03,2.000000e-02,-1.923323e-02,7.760000e+01,1.830000e+01,-1.096096e-01,1.517181e-02,2.362480e-01,1.221202e-02,6.109302e+01,1.371031e+02,1.028488e+01,6.212994e+01,5.204271e+01,1.404952e-01,8.161234e-01
1.069000e+03,7.758087e+01,1.824134e+01,-1.124942e-01,1.391860e-01,4.025125e-01,1.246583e-01,6.567532e-03,-2.000000e-02,-1.979291e-02,7.760000e+01,1.830000e+01,-1.096096e-01,1.913367e-02,5.866416e-02,2.884615e-03,6.111216e+01,1.371617e+02,1.028776e+01,6.213031e+01,5.204615e+01,1.405035e-01,8.169583e-01
1.070000e+03,7.759060e+01,1.820592e+01,-1.180267e-01,1.321860e-01,4.225125e-01,1.416671e-01,-7.000000e-03,2.000000e-02,1.700883e-02,7.760000e+01,1.830000e+01,-1.096096e-01,9.398521e-03,9.408395e-02,8.417059e-03,6.112156e+01,1.372558e+02,1.029618e+01,6.213040e+01,5.205500e+01,1.405744e-01,8.176966e-01
1.071000e+03,7.758666e+01,1.836945e+01,-1.127775e-01,1.333889e-01,4.025125e-01,1.268561e-01,1.202851e-03,-2.000000e-02,-1.481095e-02,7.760000e+01,1.830000e+01,-1.096096e-01,1.334050e-02,-6.944954e-02,3.167903e-03,6.113490e+01,1.373253e+02,1.029935e+01,6.213057e+01,5.205982e+01,1.405844e-01,8.183174e-01
1.072000e+03,7.759084e+01,1.832137e+01,-1.197335e-01,1.275846e-01,3.825125e-01,1.456502e-01,-5.804276e-03,-2.000000e-02,1.879409e-02,7.760000e+01,1.830000e+01,-1.096096e-01,9.160599e-03,-2.136865e-02,1.012392e-02,6.114406e+01,1.373466e+02,1.030947e+01,6.213066e+01,5.206028e+01,1.406869e-01,8.191043e-01
1.073000e+03,7.759178e+01,1.808304e+01,-1.286472e-01,1.272887e-01,4.025125e-01,1.642607e-01,-2.958835e-04,2.000000e-02,1.861042e-02,7.760000e+01,1.830000e+01,-1.096096e-01,8.217379e-03,2.169552e-01,1.903759e-02,6.115227e+01,1.375636e+02,1.032851e+01,6.213073e+01,5.210735e+01,1.410493e-01,8.198507e-01
1.074000e+03,7.758485e+01,1.806374e+01,-1.213978e-01,1.342887e-01,4.225125e-01,1.432967e-01,7.000000e-03,2.000000e-02,-2.096398e-02,7.760000e+01,1.830000e+01,-1.096096e-01,1.514549e-02,2.362627e-01,1.178821e-02,6.116742e+01,1.377998e+02,1.034030e+01,6.213096e+01,5.216317e+01,1.411883e-01,8.207392e-01
1.075000e+03,7.758257e+01,1.824132e+01,-1.120524e-01,1.371481e-01,4.025125e-01,1.237675e-01,2.859384e-03,-2.000000e-02,-1.952921e-02,7.760000e+01,1.830000e+01,-1.096096e-01,1.743102e-02,5.867670e-02,2.442813e-03,6.118485e+01,1.378585e+02,1.034274e+01,6.213126e+01,5.216661e+01,1.411942e-01,8.215288e-01
1.076000e+03,7.759060e+01,1.820595e+01,-1.185413e-01,1.301481e-01,4.225125e-01,1.430788e-01,-7.000000e-03,2.000000e-02,1.931138e-02,7.760000e+01,1.830000e+01,-1.096096e-01,9.398767e-03,9.405107e-02,8.931656e-03,6.119425e+01,1.379526e+02,1.035167e+01,6.213135e+01,5.217546e+01,1.412740e-01,8.223507e-01
1.077000e+03,7.758461e+01,1.836948e+01,-1.133167e-01,1.358442e-01,4.025125e-01,1.279444e-01,5.696095e-03,-2.000000e-02,-1.513450e-02,7.760000e+01,1.830000e+01,-1.096096e-01,1.538664e-02,-6.947913e-02,3.707090e-03,6.120964e+01,1.380220e+02,1.035538e+01,6.213158e+01,5.218029e+01,1.412878e-01,8.230122e-01
1.078000e+03,7.759084e+01,1.832134e+01,-1.191137e-01,1.288442e-01,3.825125e-01,1.439470e-01,-7.000000e-03,-2.000000e-02,1.600268e-02,7.760000e+01,1.830000e+01,-1.096096e-01,9.157310e-03,-2.134220e-02,9.504112e-03,6.121879e+01,1.380434e+02,1.036488e+01,6.213167e+01,5.218074e+01,1.413781e-01,8.237173e-01
1.079000e+03,7.759318e+01,1.808302e+01,-1.283038e-01,1.256185e-01,4.025125e-01,1.636844e-01,-3.225702e-03,2.000000e-02,1.973738e-02,7.760000e+01,1.830000e+01,-1.096096e-01,6.824978e-03,2.169789e-01,1.869419e-02,6.122562e+01,1.382604e+02,1.038358e+01,6.213172e+01,5.222782e+01,1.417276e-01,8.245173e-01
1.080000e+03,7.758483e+01,1.806375e+01,-1.218216e-01,1.326185e-01,4.225125e-01,1.444512e-01,7.000000e-03,2.000000e-02,-1.923323e-02,7.760000e+01,1.830000e+01,-1.096096e-01,1.517181e-02,2.362480e-01,1.221202e-02,6.124079e+01,1.384966e+02,1.039579e+01,6.213195e+01,5.228363e+01,1.418767e-01,8.253362e-01
1.081000e+03,7.758087e+01,1.824134e+01,-1.124942e-01,1.391860e-01,4.025125e-01,1.246583e-01,6.567532e-03,-2.000000e-02,-1.979291e-02,7.760000e+01,1.830000e+01,-1.096096e-01,1.913367e-02,5.866416e-02,2.884615e-03,6.125992e+01,1.385553e+02,1.039867e+01,6.213231e+01,5.228708e+01,1.418850e-01,8.261711e-01
1.082000e+03,7.759060e+01,1.820592e+01,-1.180267e-01,1.321860e-01,4.225125e-01,1.416671e-01,-7.000000e-03,2.000000e-02,1.700883e-02,7.760000e+01,1.830000e+01,-1.096096e-01,9.398521e-03,9.408395e-02,8.417059e-03,6.126932e+01,1.386494e+02,1.040709e+01,6.213240e+01,5.229593e+01,1.419559e-01,8.269094e-01
1.083000e+03,7.758666e+01,1.836945e+01,-1.127775e-01,1.333889e-01,4.025125e-01,1.268561e-01,1.202851e-03,-2.000000e-02,-1.481095e-02,7.760000e+01,1.830000e+01,-1.096096e-01,1.334050e-02,-6.944954e-02,3.167903e-03,6.128266e+01,1.387188e+02,1.041026e+01,6.213258e+01,5.230075e+01,1.419659e-01,8.275302e-01
1.084000e+03,7.759084e+01,1.832137e+01,-1.197335e-01,1.275846e-01,3.825125e-01,1.456502e-01,-5.804276e-03,-2.000000e-02,1.879409e-02,7.760000e+01,1.830000e+01,-1.096096e-01,9.160599e-03,-2.136865e-02,1.012392e-02,6.129182e+01,1.387402e+02,1.042038e+01,6.213266e+01,5.230121e+01,1.420684e-01,8.283171e-01
1.085000e+03,7.759178e+01,1.808304e+01,-1.286472e-01,1.272887e-01,4.025125e-01,1.642607e-01,-2.958835e-04,2.000000e-02,1.861042e-02,7.760000e+01,1.830000e+01,-1.096096e-01,8.217379e-03,2.169552e-01,1.903759e-02,6.130004e+01,1.389571e+02,1.043942e+01,6.213273e+01,5.234828e+01,1.424308e-01,8.290635e-01
1.086000e+03,7.758485e+01,1.806374e+01,-1.213978e-01,1.342887e-01,4.225125e-01,1.432967e-01,7.000000e-03,2.000000e-02,-2.096398e-02,7.760000e+01,1.830000e+01,-1.096096e-01,1.514549e-02,2.362627e-01,1.178821e-02,6.131519e+01,1.391934e+02,1.045121e+01,6.213296e+01,5.240410e+01,1.425698e-01,8.299520e-01
1.087000e+03,7.758257e+01,1.824132e+01,-1.120524e-01,1.371481e-01,4.025125e-01,1.237675e-01,2.859384e-03,-2.000000e-02,-1.952921e-02,7.760000e+01,1.830000e+01,-1.096096e-01,1.743102e-02,5.867670e-02,2.442813e-03,6.133262e+01,1.392521e+02,1.045365e+01,6.213326e+01,5.240754e+01,1.425758e-01,8.307416e-01
1.088000e+03,7.759060e+01,1.820595e+01,-1.185413e-01,1.301481e-01,4.225125e-01,1.430788e-01,-7.000000e-03,2.000000e-02,1.931138e-02,7.760000e+01,1.830000e+01,-1.096096e-01,9.398767e-03,9.405107e-02,8.931656e-03,6.134202e+01,1.393461e+02,1.046258e+01,6.213335e+01,5.241639e+01,1.426555e-01,8.315635e-01
1.089000e+03,7.758461e+01,1.836948e+01,-1.133167e-01,1.358442e-01,4.025125e-01,1.279444e-01,5.696095e-03,-2.000000e-02,-1.513450e-02,7.760000e+01,1.830000e+01,-1.096096e-01,1.538664e-02,-6.947913e-02,3.707090e-03,6.135740e+01,1.394156e+02,1.046629e+01,6.213359e+01,5.242121e+01,1.426693e-01,8.322250e-01
1.090000e+03,7.759084e+01,1.832134e+01,-1.191137e-01,1.288442e-01,3.825125e-01,1.439470e-01,-7.000000e-03,-2.000000e-02,1.600268e-02,7.760000e+01,1.830000e+01,-1.096096e-01,9.157310e-03,-2.134220e-02,9.504112e-03,6.136656e+01,1.394370e+02,1.047579e+01,6.213367e+01,5.242167e+01,1.427596e-01,8.329301e-01
1.091000e+03,7.759318e+01,1.808302e+01,-1.283038e-01,1.256185e-01,4.025125e-01,1.636844e-01,-3.225702e-03,2.000000e-02,1.973738e-02,7.760000e+01,1.830000e+01,-1.096096e-01,6.824978e-03,2.169789e-01,1.869419e-02,6.137338e+01,1.396539e+02,1.049449e+01,6.213372e+01,5.246875e+01,1.431091e-01,8.337301e-01
1.092000e+03,7.758483e+01,1.806375e+01,-1.218216e-01,1.326185e-01,4.225125e-01,1.444512e-01,7.000000e-03,2.000000e-02,-1.923323e-02,7.760000e+01,1.830000e+01,-1.096096e-01,1.517181e-02,2.362480e-01,1.221202e-02,6.138856e+01,1.398902e+02,1.050670e+01,6.213395e+01,5.252456e+01,1.432582e-01,8.345490e-01
1.093000e+03,7.758087e+01,1.824134e+01,-1.124942e-01,1.391860e-01,4.025125e-01,1.246583e-01,6.567532e-03,-2.000000e-02,-1.979291e-02,7.760000e+01,1.830000e+01,-1.096096e-01,1.913367e-02,5.866416e-02,2.884615e-03,6.140769e+01,1.399488e+02,1.050958e+01,6.213431e+01,5.252800e+01,1.432665e-01,8.353839e-01
1.094000e+03,7.759060e+01,1.820592e+01,-1.180267e-01,1.321860e-01,4.225125e-01,1.416671e-01,-7.000000e-03,2.000000e-02,1.700883e-02,7.760000e+01,1.830000e+01,-1.096096e-01,9.398521e-03,9.408395e-02,8.417059e-03,6.141709e+01,1.400429e+02,1.051800e+01,6.213440e+01,5.253685e+01,1.433374e-01,8.361222e-01
1.095000e+03,7.758666e+01,1.836945e+01,-1.127775e-01,1.333889e-01,4.025125e-01,1.268561e-01,1.202851e-03,-2.000000e-02,-1.481095e-02,7.760000e+01,1.830000e+01,-1.096096e-01,1.334050e-02,-6.944954e-02,3.167903e-03,6.143043e+01,1.401124e+02,1.052117e+01,6.213458e+01,5.254168e+01,1.433474e-01,8.367430e-01
1.096000e+03,7.759084e+01,1.832137e+01,-1.197335e-01,1.275846e-01,3.825125e-01,1.456502e-01,-5.804276e-03,-2.000000e-02,1.879409e-02,7.760000e+01,1.830000e+01,-1.096096e-01,9.160599e-03,-2.136865e-02,1.012392e-02,6.143959e+01,1.401337e+02,1.053129e+01,6.213466e+01,5.254213e+01,1.434499e-01,8.375299e-01
1.097000e+03,7.759178e+01,1.808304e+01,-1.286472e-01,1.272887e-01,4.025125e-01,1.642607e-01,-2.958835e-04,2.000000e-02,1.861042e-02,7.760000e+01,1.830000e+01,-1.096096e-01,8.217379e-03,2.169552e-01,1.903759e-02,6.144781e+01,1.403507e+02,1.055033e+01,6.213473e+01,5.258920e+01,1.438123e-01,8.382763e-01
1.098000e+03,7.758485e+01,1.806374e+01,-1.213978e-01,1.342887e-01,4.225125e-01,1.432967e-01,7.000000e-03,2.000000e-02,-2.096398e-02,7.760000e+01,1.830000e+01,-1.096096e-01,1.514549e-02,2.362627e-01,1.178821e-02,6.146295e+01,1.405870e+02,1.056212e+01,6.213496e+01,5.264502e+01,1.439513e-01,8.391648e-01
1.099000e+03,7.758257e+01,1.824132e+01,-1.120524e-01,1.371481e-01,4.025125e-01,1.237675e-01,2.859384e-03,-2.000000e-02,-1.952921e-02,7.760000e+01,1.830000e+01,-1.096096e-01,1.743102e-02,5.867670e-02,2.442813e-03,6.148038e+01,1.406456e+02,1.056456e+01,6.213527e+01,5.264847e+01,1.439573e-01,8.399544e-01
1.100000e+03,7.759060e+01,1.820595e+01,-1.185413e-01,1.301481e-01,4.225125e-01,1.430788e-01,-7.000000e-03,2.000000e-02,1.931138e-02,7.760000e+01,1.830000e+01,-1.096096e-01,9.398767e-03,9.405107e-02,8.931656e-03,6.148978e+01,1.407397e+02,1.057349e+01,6.213535e+01,5.265731e+01,1.440370e-01,8.407763e-01
1.101000e+03,7.758461e+01,1.836948e+01,-1.133167e-01,1.358442e-01,4.025125e-01,1.279444e-01,5.696095e-03,-2.000000e-02,-1.513450e-02,7.760000e+01,1.830000e+01,-1.096096e-01,1.538664e-02,-6.947913e-02,3.707090e-03,6.150517e+01,1.408092e+02,1.057720e+01,6.213559e+01,5.266214e+01,1.440508e-01,8.414378e-01
1.102000e+03,7.759084e+01,1.832134e+01,-1.191137e-01,1.288442e-01,3.825125e-01,1.439470e-01,-7.000000e-03,-2.000000e-02,1.600268e-02,7.760000e+01,1.830000e+01,-1.096096e-01,9.157310e-03,-2.134220e-02,9.504112e-03,6.151433e+01,1.408305e+02,1.058670e+01,6.213567e+01,5.266260e+01,1.441411e-01,8.421429e-01
1.103000e+03,7.759318e+01,1.808302e+01,-1.283038e-01,1.256185e-01,4.025125e-01,1.636844e-01,-3.225702e-03,2.000000e-02,1.973738e-02,7.760000e+01,1.830000e+01,-1.096096e-01,6.824978e-03,2.169789e-01,1.869419e-02,6.152115e+01,1.410475e+02,1.060540e+01,6.213572e+01,5.270968e+01,1.444906e-01,8.429429e-01
1.104000e+03,7.758483e+01,1.806375e+01,-1.218216e-01,1.326185e-01,4.225125e-01,1.444512e-01,7.000000e-03,2.000000e-02,-1.923323e-02,7.760000e+01,1.830000e+01,-1.096096e-01,1.517181e-02,2.362480e-01,1.221202e-02,6.153632e+01,1.412837e+02,1.061761e+01,6.213595e+01,5.276549e+01,1.446397e-01,8.437618e-01
1.105000e+03,7.758087e+01,1.824134e+01,-1.124942e-01,1.391860e-01,4.025125e-01,1.246583e-01,6.567532e-03,-2.000000e-02,-1.979291e-02,7.760000e+01,1.830000e+01,-1.096096e-01,1.913367e-02,5.866416e-02,2.884615e-03,6.155546e+01,1.413424e+02,1.062049e+01,6.213632e+01,5.276893e+01,1.446480e-01,8.445967e-01
1.106000e+03,7.759060e+01,1.820592e+01,-1.180267e-01,1.321860e-01,4.225125e-01,1.416671e-01,-7.000000e-03,2.000000e-02,1.700883e-02,7.760000e+01,1.830000e+01,-1.096096e-01,9.398521e-03,9.408395e-02,8.417059e-03,6.156486e+01,1.414365e+02,1.062891e+01,6.213641e+01,5.277778e+01,1.447189e-01,8.453350e-01
1.107000e+03,7.758666e+01,1.836945e+01,-1.127775e-01,1.333889e-01,4.025125e-01,1.268561e-01,1.202851e-03,-2.000000e-02,-1.481095e-02,7.760000e+01,1.830000e+01,-1.096096e-01,1.334050e-02,-6.944954e-02,3.167903e-03,6.157820e+01,1.415059e+02,1.063208e+01,6.213658e+01,5.278260e+01,1.447289e-01,8.459558e-01
1.108000e+03,7.759084e+01,1.832137e+01,-1.197335e-01,1.275846e-01,3.825125e-01,1.456502e-01,-5.804276e-03,-2.000000e-02,1.879409e-02,7.760000e+01,1.830000e+01,-1.096096e-01,9.160599e-03,-2.136865e-02,1.012392e-02,6.158736e+01,1.415273e+02,1.064220e+01,6.213667e+01,5.278306e+01,1.448314e-01,8.467427e-01
1.109000e+03,7.759178e+01,1.808304e+01,-1.286472e-01,1.272887e-01,4.025125e-01,1.642607e-01,-2.958835e-04,2.000000e-02,1.861042e-02,7.760000e+01,1.830000e+01,-1.096096e-01,8.217379e-03,2.169552e-01,1.903759e-02,6.159557e+01,1.417443e+02,1.066124e+01,6.213673e+01,5.283013e+01,1.451938e-01,8.474891e-01
1.110000e+03,7.758485e+01,1.806374e+01,-1.213978e-01,1.342887e-01,4.225125e-01,1.432967e-01,7.000000e-03,2.000000e-02,-2.096398e-02,7.760000e+01,1.830000e+01,-1.096096e-01,1.514549e-02,2.362627e-01,1.178821e-02,6.161072e+01,1.419805e+02,1.067303e+01,6.213696e+01,5.288595e+01,1.453328e-01,8.483776e-01
1.111000e+03,7.758257e+01,1.824132e+01,-1.120524e-01,1.371481e-01,4.025125e-01,1.237675e-01,2.859384e-03,-2.000000e-02,-1.952921e-02,7.760000e+01,1.830000e+01,-1.096096e-01,1.743102e-02,5.867670e-02,2.442813e-03,6.162815e+01,1.420392e+02,1.067547e+01,6.213727e+01,5.288939e+01,1.453388e-01,8.491672e-01
1.112000e+03,7.759060e+01,1.820595e+01,-1.185413e-01,1.301481e-01,4.225125e-01,1.430788e-01,-7.000000e-03,2.000000e-02,1.931138e-02,7.760000e+01,1.830000e+01,-1.096096e-01,9.398767e-03,9.405107e-02,8.931656e-03,6.163755e+01,1.421332e+02,1.068440e+01,6.213736e+01,5.289824e+01,1.454185e-01,8.499891e-01
1.113000e+03,7.758461e+01,1.836948e+01,-1.133167e-01,1.358442e-01,4.025125e-01,1.279444e-01,5.696095e-03,-2.000000e-02,-1.513450e-02,7.760000e+01,1.830000e+01,-1.096096e-01,1.538664e-02,-6.947913e-02,3.707090e-03,6.165294e+01,1.422027e+02,1.068811e+01,6.213759e+01,5.290307e+01,1.454323e-01,8.506506e-01
1.114000e+03,7.759084e+01,1.832134e+01,-1.191137e-01,1.288442e-01,3.825125e-01,1.439470e-01,-7.000000e-03,-2.000000e-02,1.600268e-02,7.760000e+01,1.830000e+01,-1.096096e-01,9.157310e-03,-2.134220e-02,9.504112e-03,6.166209e+01,1.422241e+02,1.069762e+01,6.213768e+01,5.290352e+01,1.455226e-01,8.513557e-01
1.115000e+03,7.759318e+01,1.808302e+01,-1.283038e-01,1.256185e-01,4.025125e-01,1.636844e-01,-3.225702e-03,2.000000e-02,1.973738e-02,7.760000e+01,1.830000e+01,-1.096096e-01,6.824978e-03,2.169789e-01,1.869419e-02,6.166892e+01,1.424411e+02,1.071631e+01,6.213772e+01,5.295060e+01,1.458721e-01,8.521557e-01
1.116000e+03,7.758483e+01,1.806375e+01,-1.218216e-01,1.326185e-01,4.225125e-01,1.444512e-01,7.000000e-03,2.000000e-02,-1.923323e-02,7.760000e+01,1.830000e+01,-1.096096e-01,1.517181e-02,2.362480e-01,1.221202e-02,6.168409e+01,1.426773e+02,1.072852e+01,6.213795e+01,5.300642e+01,1.460212e-01,8.529746e-01
1.117000e+03,7.758087e+01,1.824134e+01,-1.124942e-01,1.391860e-01,4.025125e-01,1.246583e-01,6.567532e-03,-2.000000e-02,-1.979291e-02,7.760000e+01,1.830000e+01,-1.096096e-01,1.913367e-02,5.866416e-02,2.884615e-03,6.170322e+01,1.427360e+02,1.073141e+01,6.213832e+01,5.300986e+01,1.460295e-01,8.538095e-01
1.118000e+03,7.759060e+01,1.820592e+01,-1.180267e-01,1.321860e-01,4.225125e-01,1.416671e-01,-7.000000e-03,2.000000e-02,1.700883e-02,7.760000e+01,1.830000e+01,-1.096096e-01,9.398521e-03,9.408395e-02,8.417059e-03,6.171262e+01,1.428300e+02,1.073982e+01,6.213841e+01,5.301871e+01,1.461004e-01,8.545478e-01
1.119000e+03,7.758666e+01,1.836945e+01,-1.127775e-01,1.333889e-01,4.025125e-01,1.268561e-01,1.202851e-03,-2.000000e-02,-1.481095e-02,7.760000e+01,1.830000e+01,-1.096096e-01,1.334050e-02,-6.944954e-02,3.167903e-03,6.172596e+01,1.428995e+02,1.074299e+01,6.213859e+01,5.302353e+01,1.461104e-01,8.551686e-01
1.120000e+03,7.759084e+01,1.832137e+01,-1.197335e-01,1.275846e-01,3.825125e-01,1.456502e-01,-5.804276e-03,-2.000000e-02,1.879409e-02,7.760000e+01,1.830000e+01,-1.096096e-01,9.160599e-03,-2.136865e-02,1.012392e-02,6.173512e+01,1.429209e+02,1.075311e+01,6.213867e+01,5.302399e+01,1.462129e-01,8.559555e-01
1.121000e+03,7.759178e+01,1.808304e+01,-1.286472e-01,1.272887e-01,4.025125e-01,1.642607e-01,-2.958835e-04,2.000000e-02,1.861042e-02,7.760000e+01,1.830000e+01,-1.096096e-01,8.217379e-03,2.169552e-01,1.903759e-02,6.174334e+01,1.431378e+02,1.077215e+01,6.213874e+01,5.307106e+01,1.465754e-01,8.567019e-01
1.122000e+03,7.758485e+01,1.806374e+01,-1.213978e-01,1.342887e-01,4.225125e-01,1.432967e-01,7.000000e-03,2.000000e-02,-2.096398e-02,7.760000e+01,1.830000e+01,-1.096096e-01,1.514549e-02,2.362627e-01,1.178821e-02,6.175849e+01,1.433741e+02,1.078394e+01,6.213897e+01,5.312688e+01,1.467143e-01,8.575904e-01
1.123000e+03,7.758257e+01,1.824132e+01,-1.120524e-01,1.371481e-01,4.025125e-01,1.237675e-01,2.859384e-03,-2.000000e-02,-1.952921e-02,7.760000e+01,1.830000e+01,-1.096096e-01,1.743102e-02,5.867670e-02,2.442813e-03,6.177592e+01,1.434328e+02,1.078638e+01,6.213927e+01,5.313032e+01,1.467203e-01,8.583800e-01
1.124000e+03,7.759060e+01,1.820595e+01,-1.185413e-01,1.301481e-01,4.225125e-01,1.430788e-01,-7.000000e-03,2.000000e-02,1.931138e-02,7.760000e+01,1.830000e+01,-1.096096e-01,9.398767e-03,9.405107e-02,8.931656e-03,6.178532e+01,1.435268e+02,1.079532e+01,6.213936e+01,5.313917e+01,1.468001e-01,8.592019e-01
1.125000e+03,7.758461e+01,1.836948e+01,-1.133167e-01,1.358442e-01,4.025125e-01,1.279444e-01,5.696095e-03,-2.000000e-02,-1.513450e-02,7.760000e+01,1.830000e+01,-1.096096e-01,1.538664e-02,-6.947913e-02,3.707090e-03,6.180070e+01,1.435963e+02,1.079902e+01,6.213960e+01,5.314399e+01,1.468138e-01,8.598634e-01
1.126000e+03,7.759084e+01,1.832134e+01,-1.191137e-01,1.288442e-01,3.825125e-01,1.439470e-01,-7.000000e-03,-2.000000e-02,1.600268e-02,7.760000e+01,1.830000e+01,-1.096096e-01,9.157310e-03,-2.134220e-02,9.504112e-03,6.180986e+01,1.436176e+02,1.080853e+01,6.213968e+01,5.314445e+01,1.469041e-01,8.605685e-01
1.127000e+03,7.759318e+01,1.808302e+01,-1.283038e-01,1.256185e-01,4.025125e-01,1.636844e-01,-3.225702e-03,2.000000e-02,1.973738e-02,7.760000e+01,1.830000e+01,-1.096096e-01,6.824978e-03,2.169789e-01,1.869419e-02,6.181668e+01,1.438346e+02,1.082722e+01,6.213973e+01,5.319153e+01,1.472536e-01,8.613685e-01
1.128000e+03,7.758483e+01,1.806375e+01,-1.218216e-01,1.326185e-01,4.225125e-01,1.444512e-01,7.000000e-03,2.000000e-02,-1.923323e-02,7.760000e+01,1.830000e+01,-1.096096e-01,1.517181e-02,2.362480e-01,1.221202e-02,6.183186e+01,1.440709e+02,1.083943e+01,6.213996e+01,5.324734e+01,1.474027e-01,8.621874e-01
1.129000e+03,7.758087e+01,1.824134e+01,-1.124942e-01,1.391860e-01,4.025125e-01,1.246583e-01,6.567532e-03,-2.000000e-02,-1.979291e-02,7.760000e+01,1.830000e+01,-1.096096e-01,1.913367e-02,5.866416e-02,2.884615e-03,6.185099e+01,1.441295e+02,1.084232e+01,6.214032e+01,5.325078e+01,1.474111e-01,8.630223e-01
1.130000e+03,7.759060e+01,1.820592e+01,-1.180267e-01,1.321860e-01,4.225125e-01,1.416671e-01,-7.000000e-03,2.000000e-02,1.700883e-02,7.760000e+01,1.830000e+01,-1.096096e-01,9.398521e-03,9.408395e-02,8.417059e-03,6.186039e+01,1.442236e+02,1.085073e+01,6.214041e+01,5.325964e+01,1.474819e-01,8.637606e-01
1.131000e+03,7.758666e+01,1.836945e+01,-1.127775e-01,1.333889e-01,4.025125e-01,1.268561e-01,1.202851e-03,-2.000000e-02,-1.481095e-02,7.760000e+01,1.830000e+01,-1.096096e-01,1.334050e-02,-6.944954e-02,3.167903e-03,6.187373e+01,1.442931e+02,1.085390e+01,6.214059e+01,5.326446e+01,1.474919e-01,8.643814e-01
1.132000e+03,7.759084e+01,1.832137e+01,-1.197335e-01,1.275846e-01,3.825125e-01,1.456502e-01,-5.804276e-03,-2.000000e-02,1.879409e-02,7.760000e+01,1.830000e+01,-1.096096e-01,9.160599e-03,-2.136865e-02,1.012392e-02,6.188289e+01,1.443144e+02,1.086403e+01,6.214067e+01,5.326492e+01,1.475944e-01,8.651683e-01
1.133000e+03,7.759178e+01,1.808304e+01,-1.286472e-01,1.272887e-01,4.025125e-01,1.642607e-01,-2.958835e-04,2.000000e-02,1.861042e-02,7.760000e+01,1.830000e+01,-1.096096e-01,8.217379e-03,2.169552e-01,1.903759e-02,6.189111e+01,1.445314e+02,1.088306e+01,6.214074e+01,5.331199e+01,1.479569e-01,8.659147e-01
1.134000e+03,7.758485e+01,1.806374e+01,-1.213978e-01,1.342887e-01,4.225125e-01,1.432967e-01,7.000000e-03,2.000000e-02,-2.096398e-02,7.760000e+01,1.830000e+01,-1.096096e-01,1.514549e-02,2.362627e-01,1.178821e-02,6.190625e+01,1.447676e+02,1.089485e+01,6.214097e+01,5.336781e+01,1.480958e-01,8.668032e-01
1.135000e+03,7.758257e+01,1.824132e+01,-1.120524e-01,1.371481e-01,4.025125e-01,1.237675e-01,2.859384e-03,-2.000000e-02,-1.952921e-02,7.760000e+01,1.830000e+01,-1.096096e-01,1.743102e-02,5.867670e-02,2.442813e-03,6.192368e+01,1.448263e+02,1.089729e+01,6.214127e+01,5.337125e+01,1.481018e-01,8.675928e-01
1.136000e+03,7.759060e+01,1.820595e+01,-1.185413e-01,1.301481e-01,4.225125e-01,1.430788e-01,-7.000000e-03,2.000000e-02,1.931138e-02,7.760000e+01,1.830000e+01,-1.096096e-01,9.398767e-03,9.405107e-02,8.931656e-03,6.193308e+01,1.449204e+02,1.090623e+01,6.214136e+01,5.338009e+01,1.481816e-01,8.684147e-01
1.137000e+03,7.758461e+01,1.836948e+01,-1.133167e-01,1.358442e-01,4.025125e-01,1.279444e-01,5.696095e-03,-2.000000e-02,-1.513450e-02,7.760000e+01,1.830000e+01,-1.096096e-01,1.538664e-02,-6.947913e-02,3.707090e-03,6.194847e+01,1.449898e+02,1.090993e+01,6.214160e+01,5.338492e+01,1.481953e-01,8.690762e-01
1.138000e+03,7.759084e+01,1.832134e+01,-1.191137e-01,1.288442e-01,3.825125e-01,1.439470e-01,-7.000000e-03,-2.000000e-02,1.600268e-02,7.760000e+01,1.830000e+01,-1.096096e-01,9.157310e-03,-2.134220e-02,9.504112e-03,6.195763e+01,1.450112e+02,1.091944e+01,6.214168e+01,5.338538e+01,1.482856e-01,8.697813e-01
1.139000e+03,7.759318e+01,1.808302e+01,-1.283038e-01,1.256185e-01,4.025125e-01,1.636844e-01,-3.225702e-03,2.000000e-02,1.973738e-02,7.760000e+01,1.830000e+01,-1.096096e-01,6.824978e-03,2.169789e-01,1.869419e-02,6.196445e+01,1.452282e+02,1.093813e+01,6.214173e+01,5.343246e+01,1.486351e-01,8.705813e-01
1.140000e+03,7.758483e+01,1.806375e+01,-1.218216e-01,1.326185e-01,4.225125e-01,1.444512e-01,7.000000e-03,2.000000e-02,-1.923323e-02,7.760000e+01,1.830000e+01,-1.096096e-01,1.517181e-02,2.362480e-01,1.221202e-02,6.197962e+01,1.454644e+02,1.095034e+01,6.214196e+01,5.348827e+01,1.487842e-01,8.714002e-01
1.141000e+03,7.758087e+01,1.824134e+01,-1.124942e-01,1.391860e-01,4.025125e-01,1.246583e-01,6.567532e-03,-2.000000e-02,-1.979291e-02,7.760000e+01,1.830000e+01,-1.096096e-01,1.913367e-02,5.866416e-02,2.884615e-03,6.199876e+01,1.455231e+02,1.095323e+01,6.214233e+01,5.349171e+01,1.487926e-01,8.722351e-01
1.142000e+03,7.759060e+01,1.820592e+01,-1.180267e-01,1.321860e-01,4.225125e-01,1.416671e-01,-7.000000e-03,2.000000e-02,1.700883e-02,7.760000e+01,1.830000e+01,-1.096096e-01,9.398521e-03,9.408395e-02,8.417059e-03,6.200816e+01,1.456172e+02,1.096165e+01,6.214241e+01,5.350056e+01,1.488634e-01,8.729734e-01
1.143000e+03,7.758666e+01,1.836945e+01,-1.127775e-01,1.333889e-01,4.025125e-01,1.268561e-01,1.202851e-03,-2.000000e-02,-1.481095e-02,7.760000e+01,1.830000e+01,-1.096096e-01,1.334050e-02,-6.944954e-02,3.167903e-03,6.202150e+01,1.456866e+02,1.096481e+01,6.214259e+01,5.350539e+01,1.488734e-01,8.735942e-01
1.144000e+03,7.759084e+01,1.832137e+01,-1.197335e-01,1.275846e-01,3.825125e-01,1.456502e-01,-5.804276e-03,-2.000000e-02,1.879409e-02,7.760000e+01,1.830000e+01,-1.096096e-01,9.160599e-03,-2.136865e-02,1.012392e-02,6.203066e+01,1.457080e+02,1.097494e+01,6.214268e+01,5.350584e+01,1.489759e-01,8.743811e-01
1.145000e+03,7.759178e+01,1.808304e+01,-1.286472e-01,1.272887e-01,4.025125e-01,1.642607e-01,-2.958835e-04,2.000000e-02,1.861042e-02,7.760000e+01,1.830000e+01,-1.096096e-01,8.217379e-03,2.169552e-01,1.903759e-02,6.203887e+01,1.459249e+02,1.099397e+01,6.214274e+01,5.355291e+01,1.493384e-01,8.751275e-01
1.146000e+03,7.758485e+01,1.806374e+01,-1.213978e-01,1.342887e-01,4.225125e-01,1.432967e-01,7.000000e-03,2.000000e-02,-2.096398e-02,7.760000e+01,1.830000e+01,-1.096096e-01,1.514549e-02,2.362627e-01,1.178821e-02,6.205402e+01,1.461612e+02,1.100576e+01,6.214297e+01,5.360873e+01,1.494773e-01,8.760160e-01
1.147000e+03,7.758257e+01,1.824132e+01,-1.120524e-01,1.371481e-01,4.025125e-01,1.237675e-01,2.859384e-03,-2.000000e-02,-1.952921e-02,7.760000e+01,1.830000e+01,-1.096096e-01,1.743102e-02,5.867670e-02,2.442813e-03,6.207145e+01,1.462199e+02,1.100821e+01,6.214328e+01,5.361218e+01,1.494833e-01,8.768056e-01
1.148000e+03,7.759060e+01,1.820595e+01,-1.185413e-01,1.301481e-01,4.225125e-01,1.430788e-01,-7.000000e-03,2.000000e-02,1.931138e-02,7.760000e+01,1.830000e+01,-1.096096e-01,9.398767e-03,9.405107e-02,8.931656e-03,6.208085e+01,1.463139e+02,1.101714e+01,6.214336e+01,5.362102e+01,1.495631e-01,8.776275e-01
1.149000e+03,7.758461e+01,1.836948e+01,-1.133167e-01,1.358442e-01,4.025125e-01,1.279444e-01,5.696095e-03,-2.000000e-02,-1.513450e-02,7.760000e+01,1.830000e+01,-1.096096e-01,1.538664e-02,-6.947913e-02,3.707090e-03,6.209624e+01,1.463834e+02,1.102084e+01,6.214360e+01,5.362585e+01,1.495768e-01,8.782890e-01
1.150000e+03,7.759084e+01,1.832134e+01,-1.191137e-01,1.288442e-01,3.825125e-01,1.439470e-01,-7.000000e-03,-2.000000e-02,1.600268e-02,7.760000e+01,1.830000e+01,-1.096096e-01,9.157310e-03,-2.134220e-02,9.504112e-03,6.210539e+01,1.464048e+02,1.103035e+01,6.214369e+01,5.362630e+01,1.496671e-01,8.789941e-01
1.151000e+03,7.759318e+01,1.808302e+01,-1.283038e-01,1.256185e-01,4.025125e-01,1.636844e-01,-3.225702e-03,2.000000e-02,1.973738e-02,7.760000e+01,1.830000e+01,-1.096096e-01,6.824978e-03,2.169789e-01,1.869419e-02,6.211222e+01,1.466217e+02,1.104904e+01,6.214373e+01,5.367338e+01,1.500166e-01,8.797941e-01
1.152000e+03,7.758483e+01,1.806375e+01,-1.218216e-01,1.326185e-01,4.225125e-01,1.444512e-01,7.000000e-03,2.000000e-02,-1.923323e-02,7.760000e+01,1.830000e+01,-1.096096e-01,1.517181e-02,2.362480e-01,1.221202e-02,6.212739e+01,1.468580e+02,1.106126e+01,6.214396e+01,5.372920e+01,1.501657e-01,8.806130e-01
1.153000e+03,7.758087e+01,1.824134e+01,-1.124942e-01,1.391860e-01,4.025125e-01,1.246583e-01,6.567532e-03,-2.000000e-02,-1.979291e-02,7.760000e+01,1.830000e+01,-1.096096e-01,1.913367e-02,5.866416e-02,2.884615e-03,6.214652e+01,1.469166e+02,1.106414e+01,6.214433e+01,5.373264e+01,1.501741e-01,8.814479e-01
1.154000e+03,7.759060e+01,1.820592e+01,-1.180267e-01,1.321860e-01,4.225125e-01,1.416671e-01,-7.000000e-03,2.000000e-02,1.700883e-02,7.760000e+01,1.830000e+01,-1.096096e-01,9.398521e-03,9.408395e-02,8.417059e-03,6.215592e+01,1.470107e+02,1.107256e+01,6.214442e+01,5.374149e+01,1.502449e-01,8.821862e-01
1.155000e+03,7.758666e+01,1.836945e+01,-1.127775e-01,1.333889e-01,4.025125e-01,1.268561e-01,1.202851e-03,-2.000000e-02,-1.481095e-02,7.760000e+01,1.830000e+01,-1.096096e-01,1.334050e-02,-6.944954e-02,3.167903e-03,6.216926e+01,1.470802e+02,1.107572e+01,6.214459e+01,5.374631e+01,1.502550e-01,8.828070e-01
1.156000e+03,7.759084e+01,1.832137e+01,-1.197335e-01,1.275846e-01,3.825125e-01,1.456502e-01,-5.804276e-03,-2.000000e-02,1.879409e-02,7.760000e+01,1.830000e+01,-1.096096e-01,9.160599e-03,-2.136865e-02,1.012392e-02,6.217842e+01,1.471015e+02,1.108585e+01,6.214468e+01,5.374677e+01,1.503574e-01,8.835939e-01
1.157000e+03,7.759178e+01,1.808304e+01,-1.286472e-01,1.272887e-01,4.025125e-01,1.642607e-01,-2.958835e-04,2.000000e-02,1.861042e-02,7.760000e+01,1.830000e+01,-1.096096e-01,8.217379e-03,2.169552e-01,1.903759e-02,6.218664e+01,1.473185e+02,1.110489e+01,6.214475e+01,5.379384e+01,1.507199e-01,8.843403e-01
1.158000e+03,7.758485e+01,1.806374e+01,-1.213978e-01,1.342887e-01,4.225125e-01,1.432967e-01,7.000000e-03,2.000000e-02,-2.096398e-02,7.760000e+01,1.830000e+01,-1.096096e-01,1.514549e-02,2.362627e-01,1.178821e-02,6.220179e+01,1.475548e+02,1.111667e+01,6.214498e+01,5.384966e+01,1.508588e-01,8.852288e-01
1.159000e+03,7.758257e+01,1.824132e+01,-1.120524e-01,1.371481e-01,4.025125e-01,1.237675e-01,2.859384e-03,-2.000000e-02,-1.952921e-02,7.760000e+01,1.830000e+01,-1.096096e-01,1.743102e-02,5.867670e-02,2.442813e-03,6.221922e+01,1.476134e+02,1.111912e+01,6.214528e+01,5.385310e+01,1.508648e-01,8.860184e-01
1.160000e+03,7.759060e+01,1.820595e+01,-1.185413e-01,1.301481e-01,4.225125e-01,1.430788e-01,-7.000000e-03,2.000000e-02,1.931138e-02,7.760000e+01,1.830000e+01,-1.096096e-01,9.398767e-03,9.405107e-02,8.931656e-03,6.222862e+01,1.477075e+02,1.112805e+01,6.214537e+01,5.386195e+01,1.509446e-01,8.868403e-01
1.161000e+03,7.758461e+01,1.836948e+01,-1.133167e-01,1.358442e-01,4.025125e-01,1.279444e-01,5.696095e-03,-2.000000e-02,-1.513450e-02,7.760000e+01,1.830000e+01,-1.096096e-01,1.538664e-02,-6.947913e-02,3.707090e-03,6.224400e+01,1.477770e+02,1.113176e+01,6.214560e+01,5.386678e+01,1.509583e-01,8.875018e-01
1.162000e+03,7.759084e+01,1.832134e+01,-1.191137e-01,1.288442e-01,3.825125e-01,1.439470e-01,-7.000000e-03,-2.000000e-02,1.600268e-02,7.760000e+01,1.830000e+01,-1.096096e-01,9.157310e-03,-2.134220e-02,9.504112e-03,6.225316e+01,1.477983e+02,1.114126e+01,6.214569e+01,5.386723e+01,1.510486e-01,8.882069e-01
1.163000e+03,7.759318e+01,1.808302e+01,-1.283038e-01,1.256185e-01,4.025125e-01,1.636844e-01,-3.225702e-03,2.000000e-02,1.973738e-02,7.760000e+01,1.830000e+01,-1.096096e-01,6.824978e-03,2.169789e-01,1.869419e-02,6.225998e+01,1.480153e+02,1.115995e+01,6.214573e+01,5.391431e+01,1.513981e-01,8.890069e-01
1.164000e+03,7.758483e+01,1.806375e+01,-1.218216e-01,1.326185e-01,4.225125e-01,1.444512e-01,7.000000e-03,2.000000e-02,-1.923323e-02,7.760000e+01,1.830000e+01,-1.096096e-01,1.517181e-02,2.362480e-01,1.221202e-02,6.227516e+01,1.482515e+02,1.117217e+01,6.214596e+01,5.397012e+01,1.515473e-01,8.898258e-01
1.165000e+03,7.758087e+01,1.824134e+01,-1.124942e-01,1.391860e-01,4.025125e-01,1.246583e-01,6.567532e-03,-2.000000e-02,-1.979291e-02,7.760000e+01,1.830000e+01,-1.096096e-01,1.913367e-02,5.866416e-02,2.884615e-03,6.229429e+01,1.483102e+02,1.117505e+01,6.214633e+01,5.397357e+01,1.515556e-01,8.906607e-01
1.166000e+03,7.759060e+01,1.820592e+01,-1.180267e-01,1.321860e-01,4.225125e-01,1.416671e-01,-7.000000e-03,2.000000e-02,1.700883e-02,7.760000e+01,1.830000e+01,-1.096096e-01,9.398521e-03,9.408395e-02,8.417059e-03,6.230369e+01,1.484043e+02,1.118347e+01,6.214642e+01,5.398242e+01,1.516264e-01,8.913990e-01
1.167000e+03,7.758666e+01,1.836945e+01,-1.127775e-01,1.333889e-01,4.025125e-01,1.268561e-01,1.202851e-03,-2.000000e-02,-1.481095e-02,7.760000e+01,1.830000e+01,-1.096096e-01,1.334050e-02,-6.944954e-02,3.167903e-03,6.231703e+01,1.484737e+02,1.118664e+01,6.214660e+01,5.398724e+01,1.516365e-01,8.920198e-01
1.168000e+03,7.759084e+01,1.832137e+01,-1.197335e-01,1.275846e-01,3.825125e-01,1.456502e-01,-5.804276e-03,-2.000000e-02,1.879409e-02,7.760000e+01,1.830000e+01,-1.096096e-01,9.160599e-03,-2.136865e-02,1.012392e-02,6.232619e+01,1.484951e+02,1.119676e+01,6.214668e+01,5.398770e+01,1.517390e-01,8.928067e-01
1.169000e+03,7.759178e+01,1.808304e+01,-1.286472e-01,1.272887e-01,4.025125e-01,1.642607e-01,-2.958835e-04,2.000000e-02,1.861042e-02,7.760000e+01,1.830000e+01,-1.096096e-01,8.217379e-03,2.169552e-01,1.903759e-02,6.233441e+01,1.487121e+02,1.121580e+01,6.214675e+01,5.403477e+01,1.521014e-01,8.935531e-01
1.170000e+03,7.758485e+01,1.806374e+01,-1.213978e-01,1.342887e-01,4.225125e-01,1.432967e-01,7.000000e-03,2.000000e-02,-2.096398e-02,7.760000e+01,1.830000e+01,-1.096096e-01,1.514549e-02,2.362627e-01,1.178821e-02,6.234955e+01,1.489483e+02,1.122759e+01,6.214698e+01,5.409059e+01,1.522403e-01,8.944416e-01
1.171000e+03,7.758257e+01,1.824132e+01,-1.120524e-01,1.371481e-01,4.025125e-01,1.237675e-01,2.859384e-03,-2.000000e-02,-1.952921e-02,7.760000e+01,1.830000e+01,-1.096096e-01,1.743102e-02,5.867670e-02,2.442813e-03,6.236698e+01,1.490070e+02,1.123003e+01,6.214728e+01,5.409403e+01,1.522463e-01,8.952312e-01
1.172000e+03,7.759060e+01,1.820595e+01,-1.185413e-01,1.301481e-01,4.225125e-01,1.430788e-01,-7.000000e-03,2.000000e-02,1.931138e-02,7.760000e+01,1.830000e+01,-1.096096e-01,9.398767e-03,9.405107e-02,8.931656e-03,6.237638e+01,1.491011e+02,1.123896e+01,6.214737e+01,5.410288e+01,1.523261e-01,8.960531e-01
1.173000e+03,7.758461e+01,1.836948e+01,-1.133167e-01,1.358442e-01,4.025125e-01,1.279444e-01,5.696095e-03,-2.000000e-02,-1.513450e-02,7.760000e+01,1.830000e+01,-1.096096e-01,1.538664e-02,-6.947913e-02,3.707090e-03,6.239177e+01,1.491705e+02,1.124267e+01,6.214761e+01,5.410770e+01,1.523398e-01,8.967146e-01
1.174000e+03,7.759084e+01,1.832134e+01,-1.191137e-01,1.288442e-01,3.825125e-01,1.439470e-01,-7.000000e-03,-2.000000e-02,1.600268e-02,7.760000e+01,1.830000e+01,-1.096096e-01,9.157310e-03,-2.134220e-02,9.504112e-03,6.240093e+01,1.491919e+02,1.125217e+01,6.214769e+01,5.410816e+01,1.524302e-01,8.974197e-01
1.175000e+03,7.759318e+01,1.808302e+01,-1.283038e-01,1.256185e-01,4.025125e-01,1.636844e-01,-3.225702e-03,2.000000e-02,1.973738e-02,7.760000e+01,1.830000e+01,-1.096096e-01,6.824978e-03,2.169789e-01,1.869419e-02,6.240775e+01,1.494089e+02,1.127087e+01,6.214774e+01,5.415524e+01,1.527796e-01,8.982197e-01
1.176000e+03,7.758483e+01,1.806375e+01,-1.218216e-01,1.326185e-01,4.225125e-01,1.444512e-01,7.000000e-03,2.000000e-02,-1.923323e-02,7.760000e+01,1.830000e+01,-1.096096e-01,1.517181e-02,2.362480e-01,1.221202e-02,6.242292e+01,1.496451e+02,1.128308e+01,6.214797e+01,5.421105e+01,1.529288e-01,8.990386e-01
1.177000e+03,7.758087e+01,1.824134e+01,-1.124942e-01,1.391860e-01,4.025125e-01,1.246583e-01,6.567532e-03,-2.000000e-02,-1.979291e-02,7.760000e+01,1.830000e+01,-1.096096e-01,1.913367e-02,5.866416e-02,2.884615e-03,6.244206e+01,1.497038e+02,1.128596e+01,6.214833e+01,5.421449e+01,1.529371e-01,8.998735e-01
1.178000e+03,7.759060e+01,1.820592e+01,-1.180267e-01,1.321860e-01,4.225125e-01,1.416671e-01,-7.000000e-03,2.000000e-02,1.700883e-02,7.760000e+01,1.830000e+01,-1.096096e-01,9.398521e-03,9.408395e-02,8.417059e-03,6.245146e+01,1.497978e+02,1.129438e+01,6.214842e+01,5.422334e+01,1.530079e-01,9.006118e-01
1.179000e+03,7.758666e+01,1.836945e+01,-1.127775e-01,1.333889e-01,4.025125e-01,1.268561e-01,1.202851e-03,-2.000000e-02,-1.481095e-02,7.760000e+01,1.830000e+01,-1.096096e-01,1.334050e-02,-6.944954e-02,3.167903e-03,6.246480e+01,1.498673e+02,1.129755e+01,6.214860e+01,5.422817e+01,1.530180e-01,9.012326e-01
1.180000e+03,7.759084e+01,1.832137e+01,-1.197335e-01,1.275846e-01,3.825125e-01,1.456502e-01,-5.804276e-03,-2.000000e-02,1.879409e-02,7.760000e+01,1.830000e+01,-1.096096e-01,9.160599e-03,-2.136865e-02,1.012392e-02,6.247396e+01,1.498887e+02,1.130767e+01,6.214868e+01,5.422862e+01,1.531205e-01,9.020195e-01
1.181000e+03,7.759178e+01,1.808304e+01,-1.286472e-01,1.272887e-01,4.025125e-01,1.642607e-01,-2.958835e-04,2.000000e-02,1.861042e-02,7.760000e+01,1.830000e+01,-1.096096e-01,8.217379e-03,2.169552e-01,1.903759e-02,6.248217e+01,1.501056e+02,1.132671e+01,6.214875e+01,5.427569e+01,1.534829e-01,9.027659e-01
1.182000e+03,7.758485e+01,1.806374e+01,-1.213978e-01,1.342887e-01,4.225125e-01,1.432967e-01,7.000000e-03,2.000000e-02,-2.096398e-02,7.760000e+01,1.830000e+01,-1.096096e-01,1.514549e-02,2.362627e-01,1.178821e-02,6.249732e+01,1.503419e+02,1.133850e+01,6.214898e+01,5.433151e+01,1.536219e-01,9.036544e-01
1.183000e+03,7.758257e+01,1.824132e+01,-1.120524e-01,1.371481e-01,4.025125e-01,1.237675e-01,2.859384e-03,-2.000000e-02,-1.952921e-02,7.760000e+01,1.830000e+01,-1.096096e-01,1.743102e-02,5.867670e-02,2.442813e-03,6.251475e+01,1.504006e+02,1.134094e+01,6.214928e+01,5.433496e+01,1.536278e-01,9.044440e-01
1.184000e+03,7.759060e+01,1.820595e+01,-1.185413e-01,1.301481e-01,4.225125e-01,1.430788e-01,-7.000000e-03,2.000000e-02,1.931138e-02,7.760000e+01,1.830000e+01,-1.096096e-01,9.398767e-03,9.405107e-02,8.931656e-03,6.252415e+01,1.504946e+02,1.134987e+01,6.214937e+01,5.434380e+01,1.537076e-01,9.052659e-01
1.185000e+03,7.758461e+01,1.836948e+01,-1.133167e-01,1.358442e-01,4.025125e-01,1.279444e-01,5.696095e-03,-2.000000e-02,-1.513450e-02,7.760000e+01,1.830000e+01,-1.096096e-01,1.538664e-02,-6.947913e-02,3.707090e-03,6.253954e+01,1.505641e+02,1.135358e+01,6.214961e+01,5.434863e+01,1.537213e-01,9.059274e-01
1.186000e+03,7.759084e+01,1.832134e+01,-1.191137e-01,1.288442e-01,3.825125e-01,1.439470e-01,-7.000000e-03,-2.000000e-02,1.600268e-02,7.760000e+01,1.830000e+01,-1.096096e-01,9.157310e-03,-2.134220e-02,9.504112e-03,6.254869e+01,1.505854e+02,1.136308e+01,6.214969e+01,5.434909e+01,1.538117e-01,9.066325e-01
1.187000e+03,7.759318e+01,1.808302e+01,-1.283038e-01,1.256185e-01,4.025125e-01,1.636844e-01,-3.225702e-03,2.000000e-02,1.973738e-02,7.760000e+01,1.830000e+01,-1.096096e-01,6.824978e-03,2.169789e-01,1.869419e-02,6.255552e+01,1.508024e+02,1.138178e+01,6.214974e+01,5.439617e+01,1.541611e-01,9.074325e-01
1.188000e+03,7.758483e+01,1.806375e+01,-1.218216e-01,1.326185e-01,4.225125e-01,1.444512e-01,7.000000e-03,2.000000e-02,-1.923323e-02,7.760000e+01,1.830000e+01,-1.096096e-01,1.517181e-02,2.362480e-01,1.221202e-02,6.257069e+01,1.510387e+02,1.139399e+01,6.214997e+01,5.445198e+01,1.543103e-01,9.082514e-01
1.189000e+03,7.758087e+01,1.824134e+01,-1.124942e-01,1.391860e-01,4.025125e-01,1.246583e-01,6.567532e-03,-2.000000e-02,-1.979291e-02,7.760000e+01,1.830000e+01,-1.096096e-01,1.913367e-02,5.866416e-02,2.884615e-03,6.258982e+01,1.510973e+02,1.139687e+01,6.215034e+01,5.445542e+01,1.543186e-01,9.090863e-01
1.190000e+03,7.759060e+01,1.820592e+01,-1.180267e-01,1.321860e-01,4.225125e-01,1.416671e-01,-7.000000e-03,2.000000e-02,1.700883e-02,7.760000e+01,1.830000e+01,-1.096096e-01,9.398521e-03,9.408395e-02,8.417059e-03,6.259922e+01,1.511914e+02,1.140529e+01,6.215042e+01,5.446427e+01,1.543894e-01,9.098246e-01
1.191000e+03,7.758666e+01,1.836945e+01,-1.127775e-01,1.333889e-01,4.025125e-01,1.268561e-01,1.202851e-03,-2.000000e-02,-1.481095e-02,7.760000e+01,1.830000e+01,-1.096096e-01,1.334050e-02,-6.944954e-02,3.167903e-03,6.261256e+01,1.512609e+02,1.140846e+01,6.215060e+01,5.446909e+01,1.543995e-01,9.104454e-01
1.192000e+03,7.759084e+01,1.832137e+01,-1.197335e-01,1.275846e-01,3.825125e-01,1.456502e-01,-5.804276e-03,-2.000000e-02,1.879409e-02,7.760000e+01,1.830000e+01,-1.096096e-01,9.160599e-03,-2.136865e-02,1.012392e-02,6.262172e+01,1.512822e+02,1.141858e+01,6.215069e+01,5.446955e+01,1.545020e-01,9.112323e-01
1.193000e+03,7.759178e+01,1.808304e+01,-1.286472e-01,1.272887e-01,4.025125e-01,1.642607e-01,-2.958835e-04,2.000000e-02,1.861042e-02,7.760000e+01,1.830000e+01,-1.096096e-01,8.217379e-03,2.169552e-01,1.903759e-02,6.262994e+01,1.514992e+02,1.143762e+01,6.215075e+01,5.451662e+01,1.548644e-01,9.119788e-01
1.194000e+03,7.758485e+01,1.806374e+01,-1.213978e-01,1.342887e-01,4.225125e-01,1.432967e-01,7.000000e-03,2.000000e-02,-2.096398e-02,7.760000e+01,1.830000e+01,-1.096096e-01,1.514549e-02,2.362627e-01,1.178821e-02,6.264509e+01,1.517354e+02,1.144941e+01,6.215098e+01,5.457244e+01,1.550034e-01,9.128672e-01
1.195000e+03,7.758257e+01,1.824132e+01,-1.120524e-01,1.371481e-01,4.025125e-01,1.237675e-01,2.859384e-03,-2.000000e-02,-1.952921e-02,7.760000e+01,1.830000e+01,-1.096096e-01,1.743102e-02,5.867670e-02,2.442813e-03,6.266252e+01,1.517941e+02,1.145185e+01,6.215129e+01,5.457588e+01,1.550093e-01,9.136568e-01
1.196000e+03,7.759060e+01,1.820595e+01,-1.185413e-01,1.301481e-01,4.225125e-01,1.430788e-01,-7.000000e-03,2.000000e-02,1.931138e-02,7.760000e+01,1.830000e+01,-1.096096e-01,9.398767e-03,9.405107e-02,8.931656e-03,6.267192e+01,1.518882e+02,1.146078e+01,6.215138e+01,5.458473e+01,1.550891e-01,9.144787e-01
1.197000e+03,7.758461e+01,1.836948e+01,-1.133167e-01,1.358442e-01,4.025125e-01,1.279444e-01,5.696095e-03,-2.000000e-02,-1.513450e-02,7.760000e+01,1.830000e+01,-1.096096e-01,1.538664e-02,-6.947913e-02,3.707090e-03,6.268730e+01,1.519577e+02,1.146449e+01,6.215161e+01,5.458956e+01,1.551028e-01,9.151402e-01
1.198000e+03,7.759084e+01,1.832134e+01,-1.191137e-01,1.288442e-01,3.825125e-01,1.439470e-01,-7.000000e-03,-2.000000e-02,1.600268e-02,7.760000e+01,1.830000e+01,-1.096096e-01,9.157310e-03,-2.134220e-02,9.504112e-03,6.269646e+01,1.519790e+02,1.147399e+01,6.215170e+01,5.459001e+01,1.551932e-01,9.158453e-01
1.199000e+03,7.759318e+01,1.808302e+01,-1.283038e-01,1.256185e-01,4.025125e-01,1.636844e-01,-3.225702e-03,2.000000e-02,1.973738e-02,7.760000e+01,1.830000e+01,-1.096096e-01,6.824978e-03,2.169789e-01,1.869419e-02,6.270328e+01,1.521960e+02,1.149269e+01,6.215174e+01,5.463709e+01,1.555426e-01,9.166453e-01
1.200000e+03,7.758483e+01,1.806375e+01,-1.218216e-01,1.326185e-01,4.225125e-01,1.444512e-01,7.000000e-03,2.000000e-02,-1.923323e-02,7.760000e+01,1.830000e+01,-1.096096e-01,1.517181e-02,2.362480e-01,1.221202e-02,6.271846e+01,1.524322e+02,1.150490e+01,6.215197e+01,5.469291e+01,1.556918e-01,9.174642e-01
1.201000e+03,7.758087e+01,1.824134e+01,-1.124942e-01,1.391860e-01,4.025125e-01,1.246583e-01,6.567532e-03,-2.000000e-02,-1.979291e-02,7.760000e+01,1.830000e+01,-1.096096e-01,1.913367e-02,5.866416e-02,2.884615e-03,6.273759e+01,1.524909e+02,1.150778e+01,6.215234e+01,5.469635e+01,1.557001e-01,9.182991e-01
1.202000e+03,7.759060e+01,1.820592e+01,-1.180267e-01,1.321860e-01,4.225125e-01,1.416671e-01,-7.000000e-03,2.000000e-02,1.700883e-02,7.760000e+01,1.830000e+01,-1.096096e-01,9.398521e-03,9.408395e-02,8.417059e-03,6.274699e+01,1.525850e+02,1.151620e+01,6.215243e+01,5.470520e+01,1.557709e-01,9.190374e-01
1.203000e+03,7.758666e+01,1.836945e+01,-1.127775e-01,1.333889e-01,4.025125e-01,1.268561e-01,1.202851e-03,-2.000000e-02,-1.481095e-02,7.760000e+01,1.830000e+01,-1.096096e-01,1.334050e-02,-6.944954e-02,3.167903e-03,6.276033e+01,1.526544e+02,1.151937e+01,6.215261e+01,5.471002e+01,1.557810e-01,9.196582e-01
1.204000e+03,7.759084e+01,1.832137e+01,-1.197335e-01,1.275846e-01,3.825125e-01,1.456502e-01,-5.804276e-03,-2.000000e-02,1.879409e-02,7.760000e+01,1.830000e+01,-1.096096e-01,9.160599e-03,-2.136865e-02,1.012392e-02,6.276949e+01,1.526758e+02,1.152949e+01,6.215269e+01,5.471048e+01,1.558835e-01,9.204451e-01
1.205000e+03,7.759178e+01,1.808304e+01,-1.286472e-01,1.272887e-01,4.025125e-01,1.642607e-01,-2.958835e-04,2.000000e-02,1.861042e-02,7.760000e+01,1.830000e+01,-1.096096e-01,8.217379e-03,2.169552e-01,1.903759e-02,6.277771e+01,1.528927e+02,1.154853e+01,6.215276e+01,5.475755e+01,1.562459e-01,9.211916e-01
1.206000e+03,7.758485e+01,1.806374e+01,-1.213978e-01,1.342887e-01,4.225125e-01,1.432967e-01,7.000000e-03,2.000000e-02,-2.096398e-02,7.760000e+01,1.830000e+01,-1.096096e-01,1.514549e-02,2.362627e-01,1.178821e-02,6.279285e+01,1.531290e+02,1.156032e+01,6.215299e+01,5.481337e+01,1.563849e-01,9.220800e-01
1.207000e+03,7.758257e+01,1.824132e+01,-1.120524e-01,1.371481e-01,4.025125e-01,1.237675e-01,2.859384e-03,-2.000000e-02,-1.952921e-02,7.760000e+01,1.830000e+01,-1.096096e-01,1.743102e-02,5.867670e-02,2.442813e-03,6.281028e+01,1.531877e+02,1.156276e+01,6.215329e+01,5.481681e+01,1.563908e-01,9.228696e-01
1.208000e+03,7.759060e+01,1.820595e+01,-1.185413e-01,1.301481e-01,4.225125e-01,1.430788e-01,-7.000000e-03,2.000000e-02,1.931138e-02,7.760000e+01,1.830000e+01,-1.096096e-01,9.398767e-03,9.405107e-02,8.931656e-03,6.281968e+01,1.532817e+02,1.157169e+01,6.215338e+01,5.482566e+01,1.564706e-01,9.236915e-01
1.209000e+03,7.758461e+01,1.836948e+01,-1.133167e-01,1.358442e-01,4.025125e-01,1.279444e-01,5.696095e-03,-2.000000e-02,-1.513450e-02,7.760000e+01,1.830000e+01,-1.096096e-01,1.538664e-02,-6.947913e-02,3.707090e-03,6.283507e+01,1.533512e+02,1.157540e+01,6.215362e+01,5.483048e+01,1.564844e-01,9.243530e-01
1.210000e+03,7.759084e+01,1.832134e+01,-1.191137e-01,1.288442e-01,3.825125e-01,1.439470e-01,-7.000000e-03,-2.000000e-02,1.600268e-02,7.760000e+01,1.830000e+01,-1.096096e-01,9.157310e-03,-2.134220e-02,9.504112e-03,6.284423e+01,1.533726e+02,1.158490e+01,6.215370e+01,5.483094e+01,1.565747e-01,9.250581e-01
1.211000e+03,7.759318e+01,1.808302e+01,-1.283038e-01,1.256185e-01,4.025125e-01,1.636844e-01,-3.225702e-03,2.000000e-02,1.973738e-02,7.760000e+01,1.830000e+01,-1.096096e-01,6.824978e-03,2.169789e-01,1.869419e-02,6.285105e+01,1.535895e+02,1.160360e+01,6.215375e+01,5.487802e+01,1.569242e-01,9.258581e-01
1.212000e+03,7.758483e+01,1.806375e+01,-1.218216e-01,1.326185e-01,4.225125e-01,1.444512e-01,7.000000e-03,2.000000e-02,-1.923323e-02,7.760000e+01,1.830000e+01,-1.096096e-01,1.517181e-02,2.362480e-01,1.221202e-02,6.286622e+01,1.538258e+02,1.161581e+01,6.215398e+01,5.493383e+01,1.570733e-01,9.266770e-01
1.213000e+03,7.758087e+01,1.824134e+01,-1.124942e-01,1.391860e-01,4.025125e-01,1.246583e-01,6.567532e-03,-2.000000e-02,-1.979291e-02,7.760000e+01,1.830000e+01,-1.096096e-01,1.913367e-02,5.866416e-02,2.884615e-03,6.288536e+01,1.538844e+02,1.161870e+01,6.215434e+01,5.493727e+01,1.570816e-01,9.275119e-01
1.214000e+03,7.759060e+01,1.820592e+01,-1.180267e-01,1.321860e-01,4.225125e-01,1.416671e-01,-7.000000e-03,2.000000e-02,1.700883e-02,7.760000e+01,1.830000e+01,-1.096096e-01,9.398521e-03,9.408395e-02,8.417059e-03,6.289476e+01,1.539785e+02,1.162711e+01,6.215443e+01,5.494613e+01,1.571525e-01,9.282502e-01
1.215000e+03,7.758666e+01,1.836945e+01,-1.127775e-01,1.333889e-01,4.025125e-01,1.268561e-01,1.202851e-03,-2.000000e-02,-1.481095e-02,7.760000e+01,1.830000e+01,-1.096096e-01,1.334050e-02,-6.944954e-02,3.167903e-03,6.290810e+01,1.540480e+02,1.163028e+01,6.215461e+01,5.495095e+01,1.571625e-01,9.288710e-01
1.216000e+03,7.759084e+01,1.832137e+01,-1.197335e-01,1.275846e-01,3.825125e-01,1.456502e-01,-5.804276e-03,-2.000000e-02,1.879409e-02,7.760000e+01,1.830000e+01,-1.096096e-01,9.160599e-03,-2.136865e-02,1.012392e-02,6.291726e+01,1.540693e+02,1.164040e+01,6.215469e+01,5.495141e+01,1.572650e-01,9.296579e-01
1.217000e+03,7.759178e+01,1.808304e+01,-1.286472e-01,1.272887e-01,4.025125e-01,1.642607e-01,-2.958835e-04,2.000000e-02,1.861042e-02,7.760000e+01,1.830000e+01,-1.096096e-01,8.217379e-03,2.169552e-01,1.903759e-02,6.292547e+01,1.542863e+02,1.165944e+01,6.215476e+01,5.499848e+01,1.576274e-01,9.304044e-01
1.218000e+03,7.758485e+01,1.806374e+01,-1.213978e-01,1.342887e-01,4.225125e-01,1.432967e-01,7.000000e-03,2.000000e-02,-2.096398e-02,7.760000e+01,1.830000e+01,-1.096096e-01,1.514549e-02,2.362627e-01,1.178821e-02,6.294062e+01,1.545226e+02,1.167123e+01,6.215499e+01,5.505430e+01,1.577664e-01,9.312928e-01
1.219000e+03,7.758257e+01,1.824132e+01,-1.120524e-01,1.371481e-01,4.025125e-01,1.237675e-01,2.859384e-03,-2.000000e-02,-1.952921e-02,7.760000e+01,1.830000e+01,-1.096096e-01,1.743102e-02,5.867670e-02,2.442813e-03,6.295805e+01,1.545812e+02,1.167367e+01,6.215529e+01,5.505774e+01,1.577723e-01,9.320824e-01
1.220000e+03,7.759060e+01,1.820595e+01,-1.185413e-01,1.301481e-01,4.225125e-01,1.430788e-01,-7.000000e-03,2.000000e-02,1.931138e-02,7.760000e+01,1.830000e+01,-1.096096e-01,9.398767e-03,9.405107e-02,8.931656e-03,6.296745e+01,1.546753e+02,1.168260e+01,6.215538e+01,5.506658e+01,1.578521e-01,9.329043e-01
1.221000e+03,7.758461e+01,1.836948e+01,-1.133167e-01,1.358442e-01,4.025125e-01,1.279444e-01,5.696095e-03,-2.000000e-02,-1.513450e-02,7.760000e+01,1.830000e+01,-1.096096e-01,1.538664e-02,-6.947913e-02,3.707090e-03,6.298284e+01,1.547448e+02,1.168631e+01,6.215562e+01,5.507141e+01,1.578659e-01,9.335658e-01
1.222000e+03,7.759084e+01,1.832134e+01,-1.191137e-01,1.288442e-01,3.825125e-01,1.439470e-01,-7.000000e-03,-2.000000e-02,1.600268e-02,7.760000e+01,1.830000e+01,-1.096096e-01,9.157310e-03,-2.134220e-02,9.504112e-03,6.299199e+01,1.547661e+02,1.169582e+01,6.215570e+01,5.507187e+01,1.579562e-01,9.342709e-01
1.223000e+03,7.759318e+01,1.808302e+01,-1.283038e-01,1.256185e-01,4.025125e-01,1.636844e-01,-3.225702e-03,2.000000e-02,1.973738e-02,7.760000e+01,1.830000e+01,-1.096096e-01,6.824978e-03,2.169789e-01,1.869419e-02,6.299882e+01,1.549831e+02,1.171451e+01,6.215575e+01,5.511895e+01,1.583057e-01,9.350709e-01
1.224000e+03,7.758483e+01,1.806375e+01,-1.218216e-01,1.326185e-01,4.225125e-01,1.444512e-01,7.000000e-03,2.000000e-02,-1.923323e-02,7.760000e+01,1.830000e+01,-1.096096e-01,1.517181e-02,2.362480e-01,1.221202e-02,6.301399e+01,1.552193e+02,1.172672e+01,6.215598e+01,5.517476e+01,1.584548e-01,9.358898e-01
1.225000e+03,7.758087e+01,1.824134e+01,-1.124942e-01,1.391860e-01,4.025125e-01,1.246583e-01,6.567532e-03,-2.000000e-02,-1.979291e-02,7.760000e+01,1.830000e+01,-1.096096e-01,1.913367e-02,5.866416e-02,2.884615e-03,6.303312e+01,1.552780e+02,1.172961e+01,6.215634e+01,5.517820e+01,1.584631e-01,9.367247e-01
1.226000e+03,7.759060e+01,1.820592e+01,-1.180267e-01,1.321860e-01,4.225125e-01,1.416671e-01,-7.000000e-03,2.000000e-02,1.700883e-02,7.760000e+01,1.830000e+01,-1.096096e-01,9.398521e-03,9.408395e-02,8.417059e-03,6.304252e+01,1.553721e+02,1.173802e+01,6.215643e+01,5.518705e+01,1.585340e-01,9.374630e-01
1.227000e+03,7.758666e+01,1.836945e+01,-1.127775e-01,1.333889e-01,4.025125e-01,1.268561e-01,1.202851e-03,-2.000000e-02,-1.481095e-02,7.760000e+01,1.830000e+01,-1.096096e-01,1.334050e-02,-6.944954e-02,3.167903e-03,6.305586e+01,1.554415e+02,1.174119e+01,6.215661e+01,5.519188e+01,1.585440e-01,9.380838e-01
1.228000e+03,7.759084e+01,1.832137e+01,-1.197335e-01,1.275846e-01,3.825125e-01,1.456502e-01,-5.804276e-03,-2.000000e-02,1.879409e-02,7.760000e+01,1.830000e+01,-1.096096e-01,9.160599e-03,-2.136865e-02,1.012392e-02,6.306502e+01,1.554629e+02,1.175132e+01,6.215669e+01,5.519233e+01,1.586465e-01,9.388707e-01
1.229000e+03,7.759178e+01,1.808304e+01,-1.286472e-01,1.272887e-01,4.025125e-01,1.642607e-01,-2.958835e-04,2.000000e-02,1.861042e-02,7.760000e+01,1.830000e+01,-1.096096e-01,8.217379e-03,2.169552e-01,1.903759e-02,6.307324e+01,1.556799e+02,1.177035e+01,6.215676e+01,5.523940e+01,1.590089e-01,9.396172e-01
1.230000e+03,7.758485e+01,1.806374e+01,-1.213978e-01,1.342887e-01,4.225125e-01,1.432967e-01,7.000000e-03,2.000000e-02,-2.096398e-02,7.760000e+01,1.830000e+01,-1.096096e-01,1.514549e-02,2.362627e-01,1.178821e-02,6.308839e+01,1.559161e+02,1.178214e+01,6.215699e+01,5.529522e+01,1.591479e-01,9.405056e-01
1.231000e+03,7.758257e+01,1.824132e+01,-1.120524e-01,1.371481e-01,4.025125e-01,1.237675e-01,2.859384e-03,-2.000000e-02,-1.952921e-02,7.760000e+01,1.830000e+01,-1.096096e-01,1.743102e-02,5.867670e-02,2.442813e-03,6.310582e+01,1.559748e+02,1.178458e+01,6.215730e+01,5.529867e+01,1.591539e-01,9.412952e-01
1.232000e+03,7.759060e+01,1.820595e+01,-1.185413e-01,1.301481e-01,4.225125e-01,1.430788e-01,-7.000000e-03,2.000000e-02,1.931138e-02,7.760000e+01,1.830000e+01,-1.096096e-01,9.398767e-03,9.405107e-02,8.931656e-03,6.311522e+01,1.560689e+02,1.179352e+01,6.215738e+01,5.530751e+01,1.592336e-01,9.421171e-01
1.233000e+03,7.758461e+01,1.836948e+01,-1.133167e-01,1.358442e-01,4.025125e-01,1.279444e-01,5.696095e-03,-2.000000e-02,-1.513450e-02,7.760000e+01,1.830000e+01,-1.096096e-01,1.538664e-02,-6.947913e-02,3.707090e-03,6.313060e+01,1.561383e+02,1.179722e+01,6.215762e+01,5.531234e+01,1.592474e-01,9.427786e-01
1.234000e+03,7.759084e+01,1.832134e+01,-1.191137e-01,1.288442e-01,3.825125e-01,1.439470e-01,-7.000000e-03,-2.000000e-02,1.600268e-02,7.760000e+01,1.830000e+01,-1.096096e-01,9.157310e-03,-2.134220e-02,9.504112e-03,6.313976e+01,1.561597e+02,1.180673e+01,6.215770e+01,5.531279e+01,1.593377e-01,9.434837e-01
1.235000e+03,7.759318e+01,1.808302e+01,-1.283038e-01,1.256185e-01,4.025125e-01,1.636844e-01,-3.225702e-03,2.000000e-02,1.973738e-02,7.760000e+01,1.830000e+01,-1.096096e-01,6.824978e-03,2.169789e-01,1.869419e-02,6.314658e+01,1.563767e+02,1.182542e+01,6.215775e+01,5.535987e+01,1.596872e-01,9.442837e-01
1.236000e+03,7.758483e+01,1.806375e+01,-1.218216e-01,1.326185e-01,4.225125e-01,1.444512e-01,7.000000e-03,2.000000e-02,-1.923323e-02,7.760000e+01,1.830000e+01,-1.096096e-01,1.517181e-02,2.362480e-01,1.221202e-02,6.316176e+01,1.566129e+02,1.183763e+01,6.215798e+01,5.541569e+01,1.598363e-01,9.451026e-01
1.237000e+03,7.758087e+01,1.824134e+01,-1.124942e-01,1.391860e-01,4.025125e-01,1.246583e-01,6.567532e-03,-2.000000e-02,-1.979291e-02,7.760000e+01,1.830000e+01,-1.096096e-01,1.913367e-02,5.866416e-02,2.884615e-03,6.318089e+01,1.566716e+02,1.184052e+01,6.215835e+01,5.541913e+01,1.598446e-01,9.459375e-01
1.238000e+03,7.759060e+01,1.820592e+01,-1.180267e-01,1.321860e-01,4.225125e-01,1.416671e-01,-7.000000e-03,2.000000e-02,1.700883e-02,7.760000e+01,1.830000e+01,-1.096096e-01,9.398521e-03,9.408395e-02,8.417059e-03,6.319029e+01,1.567656e+02,1.184893e+01,6.215844e+01,5.542798e+01,1.599155e-01,9.466758e-01
1.239000e+03,7.758666e+01,1.836945e+01,-1.127775e-01,1.333889e-01,4.025125e-01,1.268561e-01,1.202851e-03,-2.000000e-02,-1.481095e-02,7.760000e+01,1.830000e+01,-1.096096e-01,1.334050e-02,-6.944954e-02,3.167903e-03,6.320363e+01,1.568351e+02,1.185210e+01,6.215861e+01,5.543280e+01,1.599255e-01,9.472966e-01
1.240000e+03,7.759084e+01,1.832137e+01,-1.197335e-01,1.275846e-01,3.825125e-01,1.456502e-01,-5.804276e-03,-2.000000e-02,1.879409e-02,7.760000e+01,1.830000e+01,-1.096096e-01,9.160599e-03,-2.136865e-02,1.012392e-02,6.321279e+01,1.568565e+02,1.186223e+01,6.215870e+01,5.543326e+01,1.600280e-01,9.480835e-01
1.241000e+03,7.759178e+01,1.808304e+01,-1.286472e-01,1.272887e-01,4.025125e-01,1.642607e-01,-2.958835e-04,2.000000e-02,1.861042e-02,7.760000e+01,1.830000e+01,-1.096096e-01,8.217379e-03,2.169552e-01,1.903759e-02,6.322101e+01,1.570734e+02,1.188126e+01,6.215877e+01,5.548033e+01,1.603904e-01,9.488300e-01
1.242000e+03,7.758485e+01,1.806374e+01,-1.213978e-01,1.342887e-01,4.225125e-01,1.432967e-01,7.000000e-03,2.000000e-02,-2.096398e-02,7.760000e+01,1.830000e+01,-1.096096e-01,1.514549e-02,2.362627e-01,1.178821e-02,6.323615e+01,1.573097e+02,1.189305e+01,6.215899e+01,5.553615e+01,1.605294e-01,9.497184e-01
1.243000e+03,7.758257e+01,1.824132e+01,-1.120524e-01,1.371481e-01,4.025125e-01,1.237675e-01,2.859384e-03,-2.000000e-02,-1.952921e-02,7.760000e+01,1.830000e+01,-1.096096e-01,1.743102e-02,5.867670e-02,2.442813e-03,6.325358e+01,1.573684e+02,1.189550e+01,6.215930e+01,5.553959e+01,1.605354e-01,9.505080e-01
1.244000e+03,7.759060e+01,1.820595e+01,-1.185413e-01,1.301481e-01,4.225125e-01,1.430788e-01,-7.000000e-03,2.000000e-02,1.931138e-02,7.760000e+01,1.830000e+01,-1.096096e-01,9.398767e-03,9.405107e-02,8.931656e-03,6.326298e+01,1.574624e+02,1.190443e+01,6.215939e+01,5.554844e+01,1.606151e-01,9.513299e-01
1.245000e+03,7.758461e+01,1.836948e+01,-1.133167e-01,1.358442e-01,4.025125e-01,1.279444e-01,5.696095e-03,-2.000000e-02,-1.513450e-02,7.760000e+01,1.830000e+01,-1.096096e-01,1.538664e-02,-6.947913e-02,3.707090e-03,6.327837e+01,1.575319e+02,1.190813e+01,6.215962e+01,5.555327e+01,1.606289e-01,9.519914e-01
1.246000e+03,7.759084e+01,1.832134e+01,-1.191137e-01,1.288442e-01,3.825125e-01,1.439470e-01,-7.000000e-03,-2.000000e-02,1.600268e-02,7.760000e+01,1.830000e+01,-1.096096e-01,9.157310e-03,-2.134220e-02,9.504112e-03,6.328753e+01,1.575532e+02,1.191764e+01,6.215971e+01,5.555372e+01,1.607192e-01,9.526965e-01
1.247000e+03,7.759318e+01,1.808302e+01,-1.283038e-01,1.256185e-01,4.025125e-01,1.636844e-01,-3.225702e-03,2.000000e-02,1.973738e-02,7.760000e+01,1.830000e+01,-1.096096e-01,6.824978e-03,2.169789e-01,1.869419e-02,6.329435e+01,1.577702e+02,1.193633e+01,6.215975e+01,5.560080e+01,1.610687e-01,9.534965e-01
1.248000e+03,7.758483e+01,1.806375e+01,-1.218216e-01,1.326185e-01,4.225125e-01,1.444512e-01,7.000000e-03,2.000000e-02,-1.923323e-02,7.760000e+01,1.830000e+01,-1.096096e-01,1.517181e-02,2.362480e-01,1.221202e-02,6.330952e+01,1.580065e+02,1.194854e+01,6.215998e+01,5.565661e+01,1.612178e-01,9.543154e-01
1.249000e+03,7.758087e+01,1.824134e+01,-1.124942e-01,1.391860e-01,4.025125e-01,1.246583e-01,6.567532e-03,-2.000000e-02,-1.979291e-02,7.760000e+01,1.830000e+01,-1.096096e-01,1.913367e-02,5.866416e-02,2.884615e-03,6.332866e+01,1.580651e+02,1.195143e+01,6.216035e+01,5.566006e+01,1.612261e-01,9.551503e-01
1.250000e+03,7.759060e+01,1.820592e+01,-1.180267e-01,1.321860e-01,4.225125e-01,1.416671e-01,-7.000000e-03,2.000000e-02,1.700883e-02,7.760000e+01,1.830000e+01,-1.096096e-01,9.398521e-03,9.408395e-02,8.417059e-03,6.333806e+01,1.581592e+02,1.195985e+01,6.216044e+01,5.566891e+01,1.612970e-01,9.558886e-01
1.251000e+03,7.758666e+01,1.836945e+01,-1.127775e-01,1.333889e-01,4.025125e-01,1.268561e-01,1.202851e-03,-2.000000e-02,-1.481095e-02,7.760000e+01,1.830000e+01,-1.096096e-01,1.334050e-02,-6.944954e-02,3.167903e-03,6.335140e+01,1.582287e+02,1.196301e+01,6.216062e+01,5.567373e+01,1.613070e-01,9.565094e-01
1.252000e+03,7.759084e+01,1.832137e+01,-1.197335e-01,1.275846e-01,3.825125e-01,1.456502e-01,-5.804276e-03,-2.000000e-02,1.879409e-02,7.760000e+01,1.830000e+01,-1.096096e-01,9.160599e-03,-2.136865e-02,1.012392e-02,6.336056e+01,1.582500e+02,1.197314e+01,6.216070e+01,5.567419e+01,1.614095e-01,9.572963e-01
1.253000e+03,7.759178e+01,1.808304e+01,-1.286472e-01,1.272887e-01,4.025125e-01,1.642607e-01,-2.958835e-04,2.000000e-02,1.861042e-02,7.760000e+01,1.830000e+01,-1.096096e-01,8.217379e-03,2.169552e-01,1.903759e-02,6.336877e+01,1.584670e+02,1.199218e+01,6.216077e+01,5.572126e+01,1.617719e-01,9.580428e-01
1.254000e+03,7.758485e+01,1.806374e+01,-1.213978e-01,1.342887e-01,4.225125e-01,1.432967e-01,7.000000e-03,2.000000e-02,-2.096398e-02,7.760000e+01,1.830000e+01,-1.096096e-01,1.514549e-02,2.362627e-01,1.178821e-02,6.338392e+01,1.587032e+02,1.200396e+01,6.216100e+01,5.577708e+01,1.619109e-01,9.589312e-01
1.255000e+03,7.758257e+01,1.824132e+01,-1.120524e-01,1.371481e-01,4.025125e-01,1.237675e-01,2.859384e-03,-2.000000e-02,-1.952921e-02,7.760000e+01,1.830000e+01,-1.096096e-01,1.743102e-02,5.867670e-02,2.442813e-03,6.340135e+01,1.587619e+02,1.200641e+01,6.216130e+01,5.578052e+01,1.619169e-01,9.597208e-01
1.256000e+03,7.759060e+01,1.820595e+01,-1.185413e-01,1.301481e-01,4.225125e-01,1.430788e-01,-7.000000e-03,2.000000e-02,1.931138e-02,7.760000e+01,1.830000e+01,-1.096096e-01,9.398767e-03,9.405107e-02,8.931656e-03,6.341075e+01,1.588560e+02,1.201534e+01,6.216139e+01,5.578937e+01,1.619966e-01,9.605427e-01
1.257000e+03,7.758461e+01,1.836948e+01,-1.133167e-01,1.358442e-01,4.025125e-01,1.279444e-01,5.696095e-03,-2.000000e-02,-1.513450e-02,7.760000e+01,1.830000e+01,-1.096096e-01,1.538664e-02,-6.947913e-02,3.707090e-03,6.342614e+01,1.589255e+02,1.201905e+01,6.216163e+01,5.579419e+01,1.620104e-01,9.612042e-01
1.258000e+03,7.759084e+01,1.832134e+01,-1.191137e-01,1.288442e-01,3.825125e-01,1.439470e-01,-7.000000e-03,-2.000000e-02,1.600268e-02,7.760000e+01,1.830000e+01,-1.096096e-01,9.157310e-03,-2.134220e-02,9.504112e-03,6.343529e+01,1.589468e+02,1.202855e+01,6.216171e+01,5.579465e+01,1.621007e-01,9.619093e-01
1.259000e+03,7.759318e+01,1.808302e+01,-1.283038e-01,1.256185e-01,4.025125e-01,1.636844e-01,-3.225702e-03,2.000000e-02,1.973738e-02,7.760000e+01,1.830000e+01,-1.096096e-01,6.824978e-03,2.169789e-01,1.869419e-02,6.344212e+01,1.591638e+02,1.204724e+01,6.216176e+01,5.584173e+01,1.624502e-01,9.627093e-01
1.260000e+03,7.758483e+01,1.806375e+01,-1.218216e-01,1.326185e-01,4.225125e-01,1.444512e-01,7.000000e-03,2.000000e-02,-1.923323e-02,7.760000e+01,1.830000e+01,-1.096096e-01,1.517181e-02,2.362480e-01,1.221202e-02,6.345729e+01,1.594000e+02,1.205946e+01,6.216199e+01,5.589754e+01,1.625993e-01,9.635282e-01
1.261000e+03,7.758087e+01,1.824134e+01,-1.124942e-01,1.391860e-01,4.025125e-01,1.246583e-01,6.567532e-03,-2.000000e-02,-1.979291e-02,7.760000e+01,1.830000e+01,-1.096096e-01,1.913367e-02,5.866416e-02,2.884615e-03,6.347642e+01,1.594587e+02,1.206234e+01,6.216235e+01,5.590098e+01,1.626076e-01,9.643631e-01
1.262000e+03,7.759060e+01,1.820592e+01,-1.180267e-01,1.321860e-01,4.225125e-01,1.416671e-01,-7.000000e-03,2.000000e-02,1.700883e-02,7.760000e+01,1.830000e+01,-1.096096e-01,9.398521e-03,9.408395e-02,8.417059e-03,6.348582e+01,1.595528e+02,1.207076e+01,6.216244e+01,5.590983e+01,1.626785e-01,9.651014e-01
1.263000e+03,7.758666e+01,1.836945e+01,-1.127775e-01,1.333889e-01,4.025125e-01,1.268561e-01,1.202851e-03,-2.000000e-02,-1.481095e-02,7.760000e+01,1.830000e+01,-1.096096e-01,1.334050e-02,-6.944954e-02,3.167903e-03,6.349916e+01,1.596222e+02,1.207393e+01,6.216262e+01,5.591466e+01,1.626885e-01,9.657222e-01
1.264000e+03,7.759084e+01,1.832137e+01,-1.197335e-01,1.275846e-01,3.825125e-01,1.456502e-01,-5.804276e-03,-2.000000e-02,1.879409e-02,7.760000e+01,1.830000e+01,-1.096096e-01,9.160599e-03,-2.136865e-02,1.012392e-02,6.350832e+01,1.596436e+02,1.208405e+01,6.216270e+01,5.591511e+01,1.627910e-01,9.665091e-01
1.265000e+03,7.759178e+01,1.808304e+01,-1.286472e-01,1.272887e-01,4.025125e-01,1.642607e-01,-2.958835e-04,2.000000e-02,1.861042e-02,7.760000e+01,1.830000e+01,-1.096096e-01,8.217379e-03,2.169552e-01,1.903759e-02,6.351654e+01,1.598605e+02,1.210309e+01,6.216277e+01,5.596218e+01,1.631534e-01,9.672556e-01
1.266000e+03,7.758485e+01,1.806374e+01,-1.213978e-01,1.342887e-01,4.225125e-01,1.432967e-01,7.000000e-03,2.000000e-02,-2.096398e-02,7.760000e+01,1.830000e+01,-1.096096e-01,1.514549e-02,2.362627e-01,1.178821e-02,6.353169e+01,1.600968e+02,1.211487e+01,6.216300e+01,5.601800e+01,1.632924e-01,9.681440e-01
1.267000e+03,7.758257e+01,1.824132e+01,-1.120524e-01,1.371481e-01,4.025125e-01,1.237675e-01,2.859384e-03,-2.000000e-02,-1.952921e-02,7.760000e+01,1.830000e+01,-1.096096e-01,1.743102e-02,5.867670e-02,2.442813e-03,6.354912e+01,1.601555e+02,1.211732e+01,6.216330e+01,5.602145e+01,1.632984e-01,9.689336e-01
1.268000e+03,7.759060e+01,1.820595e+01,-1.185413e-01,1.301481e-01,4.225125e-01,1.430788e-01,-7.000000e-03,2.000000e-02,1.931138e-02,7.760000e+01,1.830000e+01,-1.096096e-01,9.398767e-03,9.405107e-02,8.931656e-03,6.355852e+01,1.602495e+02,1.212625e+01,6.216339e+01,5.603029e+01,1.633781e-01,9.697555e-01
1.269000e+03,7.758461e+01,1.836948e+01,-1.133167e-01,1.358442e-01,4.025125e-01,1.279444e-01,5.696095e-03,-2.000000e-02,-1.513450e-02,7.760000e+01,1.830000e+01,-1.096096e-01,1.538664e-02,-6.947913e-02,3.707090e-03,6.357390e+01,1.603190e+02,1.212996e+01,6.216363e+01,5.603512e+01,1.633919e-01,9.704170e-01
1.270000e+03,7.759084e+01,1.832134e+01,-1.191137e-01,1.288442e-01,3.825125e-01,1.439470e-01,-7.000000e-03,-2.000000e-02,1.600268e-02,7.760000e+01,1.830000e+01,-1.096096e-01,9.157310e-03,-2.134220e-02,9.504112e-03,6.358306e+01,1.603404e+02,1.213946e+01,6.216371e+01,5.603558e+01,1.634822e-01,9.711221e-01
1.271000e+03,7.759318e+01,1.808302e+01,-1.283038e-01,1.256185e-01,4.025125e-01,1.636844e-01,-3.225702e-03,2.000000e-02,1.973738e-02,7.760000e+01,1.830000e+01,-1.096096e-01,6.824978e-03,2.169789e-01,1.869419e-02,6.358989e+01,1.605573e+02,1.215815e+01,6.216376e+01,5.608266e+01,1.638317e-01,9.719221e-01
1.272000e+03,7.758483e+01,1.806375e+01,-1.218216e-01,1.326185e-01,4.225125e-01,1.444512e-01,7.000000e-03,2.000000e-02,-1.923323e-02,7.760000e+01,1.830000e+01,-1.096096e-01,1.517181e-02,2.362480e-01,1.221202e-02,6.360506e+01,1.607936e+02,1.217037e+01,6.216399e+01,5.613847e+01,1.639808e-01,9.727410e-01
1.273000e+03,7.758087e+01,1.824134e+01,-1.124942e-01,1.391860e-01,4.025125e-01,1.246583e-01,6.567532e-03,-2.000000e-02,-1.979291e-02,7.760000e+01,1.830000e+01,-1.096096e-01,1.913367e-02,5.866416e-02,2.884615e-03,6.362419e+01,1.608522e+02,1.217325e+01,6.216436e+01,5.614191e+01,1.639891e-01,9.735759e-01
1.274000e+03,7.759060e+01,1.820592e+01,-1.180267e-01,1.321860e-01,4.225125e-01,1.416671e-01,-7.000000e-03,2.000000e-02,1.700883e-02,7.760000e+01,1.830000e+01,-1.096096e-01,9.398521e-03,9.408395e-02,8.417059e-03,6.363359e+01,1.609463e+02,1.218167e+01,6.216444e+01,5.615076e+01,1.640600e-01,9.743142e-01
1.275000e+03,7.758666e+01,1.836945e+01,-1.127775e-01,1.333889e-01,4.025125e-01,1.268561e-01,1.202851e-03,-2.000000e-02,-1.481095e-02,7.760000e+01,1.830000e+01,-1.096096e-01,1.334050e-02,-6.944954e-02,3.167903e-03,6.364693e+01,1.610158e+02,1.218484e+01,6.216462e+01,5.615558e+01,1.640700e-01,9.749350e-01
1.276000e+03,7.759084e+01,1.832137e+01,-1.197335e-01,1.275846e-01,3.825125e-01,1.456502e-01,-5.804276e-03,-2.000000e-02,1.879409e-02,7.760000e+01,1.830000e+01,-1.096096e-01,9.160599e-03,-2.136865e-02,1.012392e-02,6.365609e+01,1.610371e+02,1.219496e+01,6.216471e+01,5.615604e+01,1.641725e-01,9.757219e-01
1.277000e+03,7.759178e+01,1.808304e+01,-1.286472e-01,1.272887e-01,4.025125e-01,1.642607e-01,-2.958835e-04,2.000000e-02,1.861042e-02,7.760000e+01,1.830000e+01,-1.096096e-01,8.217379e-03,2.169552e-01,1.903759e-02,6.366431e+01,1.612541e+02,1.221400e+01,6.216477e+01,5.620311e+01,1.645350e-01,9.764684e-01
1.278000e+03,7.758485e+01,1.806374e+01,-1.213978e-01,1.342887e-01,4.225125e-01,1.432967e-01,7.000000e-03,2.000000e-02,-2.096398e-02,7.760000e+01,1.830000e+01,-1.096096e-01,1.514549e-02,2.362627e-01,1.178821e-02,6.367945e+01,1.614904e+02,1.222579e+01,6.216500e+01,5.625893e+01,1.646739e-01,9.773568e-01
1.279000e+03,7.758257e+01,1.824132e+01,-1.120524e-01,1.371481e-01,4.025125e-01,1.237675e-01,2.859384e-03,-2.000000e-02,-1.952921e-02,7.760000e+01,1.830000e+01,-1.096096e-01,1.743102e-02,5.867670e-02,2.442813e-03,6.369688e+01,1.615490e+02,1.222823e+01,6.216531e+01,5.626237e+01,1.646799e-01,9.781464e-01
1.280000e+03,7.759060e+01,1.820595e+01,-1.185413e-01,1.301481e-01,4.225125e-01,1.430788e-01,-7.000000e-03,2.000000e-02,1.931138e-02,7.760000e+01,1.830000e+01,-1.096096e-01,9.398767e-03,9.405107e-02,8.931656e-03,6.370628e+01,1.616431e+02,1.223716e+01,6.216540e+01,5.627122e+01,1.647597e-01,9.789683e-01
1.281000e+03,7.758461e+01,1.836948e+01,-1.133167e-01,1.358442e-01,4.025125e-01,1.279444e-01,5.696095e-03,-2.000000e-02,-1.513450e-02,7.760000e+01,1.830000e+01,-1.096096e-01,1.538664e-02,-6.947913e-02,3.707090e-03,6.372167e+01,1.617126e+02,1.224087e+01,6.216563e+01,5.627605e+01,1.647734e-01,9.796298e-01
1.282000e+03,7.759084e+01,1.832134e+01,-1.191137e-01,1.288442e-01,3.825125e-01,1.439470e-01,-7.000000e-03,-2.000000e-02,1.600268e-02,7.760000e+01,1.830000e+01,-1.096096e-01,9.157310e-03,-2.134220e-02,9.504112e-03,6.373083e+01,1.617339e+02,1.225037e+01,6.216572e+01,5.627650e+01,1.648637e-01,9.803349e-01
1.283000e+03,7.759318e+01,1.808302e+01,-1.283038e-01,1.256185e-01,4.025125e-01,1.636844e-01,-3.225702e-03,2.000000e-02,1.973738e-02,7.760000e+01,1.830000e+01,-1.096096e-01,6.824978e-03,2.169789e-01,1.869419e-02,6.373765e+01,1.619509e+02,1.226907e+01,6.216576e+01,5.632358e+01,1.652132e-01,9.811349e-01
1.284000e+03,7.758483e+01,1.806375e+01,-1.218216e-01,1.326185e-01,4.225125e-01,1.444512e-01,7.000000e-03,2.000000e-02,-1.923323e-02,7.760000e+01,1.830000e+01,-1.096096e-01,1.517181e-02,2.362480e-01,1.221202e-02,6.375282e+01,1.621871e+02,1.228128e+01,6.216599e+01,5.637940e+01,1.653623e-01,9.819538e-01
1.285000e+03,7.758087e+01,1.824134e+01,-1.124942e-01,1.391860e-01,4.025125e-01,1.246583e-01,6.567532e-03,-2.000000e-02,-1.979291e-02,7.760000e+01,1.830000e+01,-1.096096e-01,1.913367e-02,5.866416e-02,2.884615e-03,6.377196e+01,1.622458e+02,1.228416e+01,6.216636e+01,5.638284e+01,1.653707e-01,9.827887e-01
1.286000e+03,7.759060e+01,1.820592e+01,-1.180267e-01,1.321860e-01,4.225125e-01,1.416671e-01,-7.000000e-03,2.000000e-02,1.700883e-02,7.760000e+01,1.830000e+01,-1.096096e-01,9.398521e-03,9.408395e-02,8.417059e-03,6.378136e+01,1.623399e+02,1.229258e+01,6.216645e+01,5.639169e+01,1.654415e-01,9.835270e-01
1.287000e+03,7.758666e+01,1.836945e+01,-1.127775e-01,1.333889e-01,4.025125e-01,1.268561e-01,1.202851e-03,-2.000000e-02,-1.481095e-02,7.760000e+01,1.830000e+01,-1.096096e-01,1.334050e-02,-6.944954e-02,3.167903e-03,6.379470e+01,1.624093e+02,1.229575e+01,6.216662e+01,5.639651e+01,1.654515e-01,9.841478e-01
1.288000e+03,7.759084e+01,1.832137e+01,-1.197335e-01,1.275846e-01,3.825125e-01,1.456502e-01,-5.804276e-03,-2.000000e-02,1.879409e-02,7.760000e+01,1.830000e+01,-1.096096e-01,9.160599e-03,-2.136865e-02,1.012392e-02,6.380386e+01,1.624307e+02,1.230587e+01,6.216671e+01,5.639697e+01,1.655540e-01,9.849347e-01
1.289000e+03,7.759178e+01,1.808304e+01,-1.286472e-01,1.272887e-01,4.025125e-01,1.642607e-01,-2.958835e-04,2.000000e-02,1.861042e-02,7.760000e+01,1.830000e+01,-1.096096e-01,8.217379e-03,2.169552e-01,1.903759e-02,6.381207e+01,1.626477e+02,1.232491e+01,6.216678e+01,5.644404e+01,1.659165e-01,9.856812e-01
1.290000e+03,7.758485e+01,1.806374e+01,-1.213978e-01,1.342887e-01,4.225125e-01,1.432967e-01,7.000000e-03,2.000000e-02,-2.096398e-02,7.760000e+01,1.830000e+01,-1.096096e-01,1.514549e-02,2.362627e-01,1.178821e-02,6.382722e+01,1.628839e+02,1.233670e+01,6.216701e+01,5.649986e+01,1.660554e-01,9.865696e-01
1.291000e+03,7.758257e+01,1.824132e+01,-1.120524e-01,1.371481e-01,4.025125e-01,1.237675e-01,2.859384e-03,-2.000000e-02,-1.952921e-02,7.760000e+01,1.830000e+01,-1.096096e-01,1.743102e-02,5.867670e-02,2.442813e-03,6.384465e+01,1.629426e+02,1.233914e+01,6.216731e+01,5.650330e+01,1.660614e-01,9.873592e-01
1.292000e+03,7.759060e+01,1.820595e+01,-1.185413e-01,1.301481e-01,4.225125e-01,1.430788e-01,-7.000000e-03,2.000000e-02,1.931138e-02,7.760000e+01,1.830000e+01,-1.096096e-01,9.398767e-03,9.405107e-02,8.931656e-03,6.385405e+01,1.630367e+02,1.234807e+01,6.216740e+01,5.651215e+01,1.661412e-01,9.881811e-01
1.293000e+03,7.758461e+01,1.836948e+01,-1.133167e-01,1.358442e-01,4.025125e-01,1.279444e-01,5.696095e-03,-2.000000e-02,-1.513450e-02,7.760000e+01,1.830000e+01,-1.096096e-01,1.538664e-02,-6.947913e-02,3.707090e-03,6.386944e+01,1.631061e+02,1.235178e+01,6.216763e+01,5.651697e+01,1.661549e-01,9.888426e-01
1.294000e+03,7.759084e+01,1.832134e+01,-1.191137e-01,1.288442e-01,3.825125e-01,1.439470e-01,-7.000000e-03,-2.000000e-02,1.600268e-02,7.760000e+01,1.830000e+01,-1.096096e-01,9.157310e-03,-2.134220e-02,9.504112e-03,6.387859e+01,1.631275e+02,1.236128e+01,6.216772e+01,5.651743e+01,1.662452e-01,9.895477e-01
1.295000e+03,7.759318e+01,1.808302e+01,-1.283038e-01,1.256185e-01,4.025125e-01,1.636844e-01,-3.225702e-03,2.000000e-02,1.973738e-02,7.760000e+01,1.830000e+01,-1.096096e-01,6.824978e-03,2.169789e-01,1.869419e-02,6.388542e+01,1.633445e+02,1.237998e+01,6.216777e+01,5.656451e+01,1.665947e-01,9.903477e-01
1.296000e+03,7.758483e+01,1.806375e+01,-1.218216e-01,1.326185e-01,4.225125e-01,1.444512e-01,7.000000e-03,2.000000e-02,-1.923323e-02,7.760000e+01,1.830000e+01,-1.096096e-01,1.517181e-02,2.362480e-01,1.221202e-02,6.390059e+01,1.635807e+02,1.239219e+01,6.216800e+01,5.662032e+01,1.667438e-01,9.911666e-01
1.297000e+03,7.758087e+01,1.824134e+01,-1.124942e-01,1.391860e-01,4.025125e-01,1.246583e-01,6.567532e-03,-2.000000e-02,-1.979291e-02,7.760000e+01,1.830000e+01,-1.096096e-01,1.913367e-02,5.866416e-02,2.884615e-03,6.391972e+01,1.636394e+02,1.239507e+01,6.216836e+01,5.662376e+01,1.667522e-01,9.920015e-01
1.298000e+03,7.759060e+01,1.820592e+01,-1.180267e-01,1.321860e-01,4.225125e-01,1.416671e-01,-7.000000e-03,2.000000e-02,1.700883e-02,7.760000e+01,1.830000e+01,-1.096096e-01,9.398521e-03,9.408395e-02,8.417059e-03,6.392912e+01,1.637334e+02,1.240349e+01,6.216845e+01,5.663262e+01,1.668230e-01,9.927398e-01
1.299000e+03,7.758666e+01,1.836945e+01,-1.127775e-01,1.333889e-01,4.025125e-01,1.268561e-01,1.202851e-03,-2.000000e-02,-1.481095e-02,7.760000e+01,1.830000e+01,-1.096096e-01,1.334050e-02,-6.944954e-02,3.167903e-03,6.394246e+01,1.638029e+02,1.240666e+01,6.216863e+01,5.663744e+01,1.668330e-01,9.933606e-01
1.300000e+03,7.759084e+01,1.832137e+01,-1.197335e-01,1.275846e-01,3.825125e-01,1.456502e-01,-5.804276e-03,-2.000000e-02,1.879409e-02,7.760000e+01,1.830000e+01,-1.096096e-01,9.160599e-03,-2.136865e-02,1.012392e-02,6.395162e+01,1.638243e+02,1.241678e+01,6.216871e+01,5.663790e+01,1.669355e-01,9.941475e-01
1.301000e+03,7.759178e+01,1.808304e+01,-1.286472e-01,1.272887e-01,4.025125e-01,1.642607e-01,-2.958835e-04,2.000000e-02,1.861042e-02,7.760000e+01,1.830000e+01,-1.096096e-01,8.217379e-03,2.169552e-01,1.903759e-02,6.395984e+01,1.640412e+02,1.243582e+01,6.216878e+01,5.668497e+01,1.672980e-01,9.948940e-01
1.302000e+03,7.758485e+01,1.806374e+01,-1.213978e-01,1.342887e-01,4.225125e-01,1.432967e-01,7.000000e-03,2.000000e-02,-2.096398e-02,7.760000e+01,1.830000e+01,-1.096096e-01,1.514549e-02,2.362627e-01,1.178821e-02,6.397499e+01,1.642775e+02,1.244761e+01,6.216901e+01,5.674079e+01,1.674369e-01,9.957824e-01
1.303000e+03,7.758257e+01,1.824132e+01,-1.120524e-01,1.371481e-01,4.025125e-01,1.237675e-01,2.859384e-03,-2.000000e-02,-1.952921e-02,7.760000e+01,1.830000e+01,-1.096096e-01,1.743102e-02,5.867670e-02,2.442813e-03,6.399242e+01,1.643362e+02,1.245005e+01,6.216931e+01,5.674423e+01,1.674429e-01,9.965720e-01
1.304000e+03,7.759060e+01,1.820595e+01,-1.185413e-01,1.301481e-01,4.225125e-01,1.430788e-01,-7.000000e-03,2.000000e-02,1.931138e-02,7.760000e+01,1.830000e+01,-1.096096e-01,9.398767e-03,9.405107e-02,8.931656e-03,6.400182e+01,1.644302e+02,1.245898e+01,6.216940e+01,5.675307e+01,1.675227e-01,9.973939e-01
1.305000e+03,7.758461e+01,1.836948e+01,-1.133167e-01,1.358442e-01,4.025125e-01,1.279444e-01,5.696095e-03,-2.000000e-02,-1.513450e-02,7.760000e+01,1.830000e+01,-1.096096e-01,1.538664e-02,-6.947913e-02,3.707090e-03,6.401720e+01,1.644997e+02,1.246269e+01,6.216964e+01,5.675790e+01,1.675364e-01,9.980554e-01
1.306000e+03,7.759084e+01,1.832134e+01,-1.191137e-01,1.288442e-01,3.825125e-01,1.439470e-01,-7.000000e-03,-2.000000e-02,1.600268e-02,7.760000e+01,1.830000e+01,-1.096096e-01,9.157310e-03,-2.134220e-02,9.504112e-03,6.402636e+01,1.645210e+02,1.247219e+01,6.216972e+01,5.675836e+01,1.676267e-01,9.987605e-01
1.307000e+03,7.759318e+01,1.808302e+01,-1.283038e-01,1.256185e-01,4.025125e-01,1.636844e-01,-3.225702e-03,2.000000e-02,1.973738e-02,7.760000e+01,1.830000e+01,-1.096096e-01,6.824978e-03,2.169789e-01,1.869419e-02,6.403319e+01,1.647380e+02,1.249089e+01,6.216977e+01,5.680544e+01,1.679762e-01,9.995605e-01
1.308000e+03,7.758483e+01,1.806375e+01,-1.218216e-01,1.326185e-01,4.225125e-01,1.444512e-01,7.000000e-03,2.000000e-02,-1.923323e-02,7.760000e+01,1.830000e+01,-1.096096e-01,1.517181e-02,2.362480e-01,1.221202e-02,6.404836e+01,1.649743e+02,1.250310e+01,6.217000e+01,5.686125e+01,1.681253e-01,1.000379e+00
1.309000e+03,7.758087e+01,1.824134e+01,-1.124942e-01,1.391860e-01,4.025125e-01,1.246583e-01,6.567532e-03,-2.000000e-02,-1.979291e-02,7.760000e+01,1.830000e+01,-1.096096e-01,1.913367e-02,5.866416e-02,2.884615e-03,6.406749e+01,1.650329e+02,1.250598e+01,6.217036e+01,5.686469e+01,1.681337e-01,1.001214e+00
1.310000e+03,7.759060e+01,1.820592e+01,-1.180267e-01,1.321860e-01,4.225125e-01,1.416671e-01,-7.000000e-03,2.000000e-02,1.700883e-02,7.760000e+01,1.830000e+01,-1.096096e-01,9.398521e-03,9.408395e-02,8.417059e-03,6.407689e+01,1.651270e+02,1.251440e+01,6.217045e+01,5.687354e+01,1.682045e-01,1.001953e+00
1.311000e+03,7.758666e+01,1.836945e+01,-1.127775e-01,1.333889e-01,4.025125e-01,1.268561e-01,1.202851e-03,-2.000000e-02,-1.481095e-02,7.760000e+01,1.830000e+01,-1.096096e-01,1.334050e-02,-6.944954e-02,3.167903e-03,6.409023e+01,1.651965e+02,1.251757e+01,6.217063e+01,5.687837e+01,1.682146e-01,1.002573e+00
1.312000e+03,7.759084e+01,1.832137e+01,-1.197335e-01,1.275846e-01,3.825125e-01,1.456502e-01,-5.804276e-03,-2.000000e-02,1.879409e-02,7.760000e+01,1.830000e+01,-1.096096e-01,9.160599e-03,-2.136865e-02,1.012392e-02,6.409939e+01,1.652178e+02,1.252769e+01,6.217071e+01,5.687882e+01,1.683170e-01,1.003360e+00
1.313000e+03,7.759178e+01,1.808304e+01,-1.286472e-01,1.272887e-01,4.025125e-01,1.642607e-01,-2.958835e-04,2.000000e-02,1.861042e-02,7.760000e+01,1.830000e+01,-1.096096e-01,8.217379e-03,2.169552e-01,1.903759e-02,6.410761e+01,1.654348e+02,1.254673e+01,6.217078e+01,5.692589e+01,1.686795e-01,1.004107e+00
1.314000e+03,7.758485e+01,1.806374e+01,-1.213978e-01,1.342887e-01,4.225125e-01,1.432967e-01,7.000000e-03,2.000000e-02,-2.096398e-02,7.760000e+01,1.830000e+01,-1.096096e-01,1.514549e-02,2.362627e-01,1.178821e-02,6.412275e+01,1.656710e+02,1.255852e+01,6.217101e+01,5.698171e+01,1.688184e-01,1.004995e+00
1.315000e+03,7.758257e+01,1.824132e+01,-1.120524e-01,1.371481e-01,4.025125e-01,1.237675e-01,2.859384e-03,-2.000000e-02,-1.952921e-02,7.760000e+01,1.830000e+01,-1.096096e-01,1.743102e-02,5.867670e-02,2.442813e-03,6.414018e+01,1.657297e+02,1.256096e+01,6.217132e+01,5.698516e+01,1.688244e-01,1.005785e+00
1.316000e+03,7.759060e+01,1.820595e+01,-1.185413e-01,1.301481e-01,4.225125e-01,1.430788e-01,-7.000000e-03,2.000000e-02,1.931138e-02,7.760000e+01,1.830000e+01,-1.096096e-01,9.398767e-03,9.405107e-02,8.931656e-03,6.414958e+01,1.658238e+02,1.256989e+01,6.217140e+01,5.699400e+01,1.689042e-01,1.006607e+00
1.317000e+03,7.758461e+01,1.836948e+01,-1.133167e-01,1.358442e-01,4.025125e-01,1.279444e-01,5.696095e-03,-2.000000e-02,-1.513450e-02,7.760000e+01,1.830000e+01,-1.096096e-01,1.538664e-02,-6.947913e-02,3.707090e-03,6.416497e+01,1.658933e+02,1.257360e+01,6.217164e+01,5.699883e+01,1.689179e-01,1.007268e+00
1.318000e+03,7.759084e+01,1.832134e+01,-1.191137e-01,1.288442e-01,3.825125e-01,1.439470e-01,-7.000000e-03,-2.000000e-02,1.600268e-02,7.760000e+01,1.830000e+01,-1.096096e-01,9.157310e-03,-2.134220e-02,9.504112e-03,6.417413e+01,1.659146e+02,1.258311e+01,6.217172e+01,5.699928e+01,1.690083e-01,1.007973e+00
1.319000e+03,7.759318e+01,1.808302e+01,-1.283038e-01,1.256185e-01,4.025125e-01,1.636844e-01,-3.225702e-03,2.000000e-02,1.973738e-02,7.760000e+01,1.830000e+01,-1.096096e-01,6.824978e-03,2.169789e-01,1.869419e-02,6.418095e+01,1.661316e+02,1.260180e+01,6.217177e+01,5.704636e+01,1.693577e-01,1.008773e+00
1.320000e+03,7.758483e+01,1.806375e+01,-1.218216e-01,1.326185e-01,4.225125e-01,1.444512e-01,7.000000e-03,2.000000e-02,-1.923323e-02,7.760000e+01,1.830000e+01,-1.096096e-01,1.517181e-02,2.362480e-01,1.221202e-02,6.419612e+01,1.663678e+02,1.261401e+01,6.217200e+01,5.710218e+01,1.695069e-01,1.009592e+00
1.321000e+03,7.758087e+01,1.824134e+01,-1.124942e-01,1.391860e-01,4.025125e-01,1.246583e-01,6.567532e-03,-2.000000e-02,-1.979291e-02,7.760000e+01,1.830000e+01,-1.096096e-01,1.913367e-02,5.866416e-02,2.884615e-03,6.421526e+01,1.664265e+02,1.261690e+01,6.217237e+01,5.710562e+01,1.695152e-01,1.010427e+00
1.322000e+03,7.759060e+01,1.820592e+01,-1.180267e-01,1.321860e-01,4.225125e-01,1.416671e-01,-7.000000e-03,2.000000e-02,1.700883e-02,7.760000e+01,1.830000e+01,-1.096096e-01,9.398521e-03,9.408395e-02,8.417059e-03,6.422466e+01,1.665206e+02,1.262531e+01,6.217246e+01,5.711447e+01,1.695860e-01,1.011165e+00
1.323000e+03,7.758666e+01,1.836945e+01,-1.127775e-01,1.333889e-01,4.025125e-01,1.268561e-01,1.202851e-03,-2.000000e-02,-1.481095e-02,7.760000e+01,1.830000e+01,-1.096096e-01,1.334050e-02,-6.944954e-02,3.167903e-03,6.423800e+01,1.665900e+02,1.262848e+01,6.217263e+01,5.711929e+01,1.695961e-01,1.011786e+00
1.324000e+03,7.759084e+01,1.832137e+01,-1.197335e-01,1.275846e-01,3.825125e-01,1.456502e-01,-5.804276e-03,-2.000000e-02,1.879409e-02,7.760000e+01,1.830000e+01,-1.096096e-01,9.160599e-03,-2.136865e-02,1.012392e-02,6.424716e+01,1.666114e+02,1.263861e+01,6.217272e+01,5.711975e+01,1.696986e-01,1.012573e+00
1.325000e+03,7.759178e+01,1.808304e+01,-1.286472e-01,1.272887e-01,4.025125e-01,1.642607e-01,-2.958835e-04,2.000000e-02,1.861042e-02,7.760000e+01,1.830000e+01,-1.096096e-01,8.217379e-03,2.169552e-01,1.903759e-02,6.425537e+01,1.668283e+02,1.265764e+01,6.217278e+01,5.716682e+01,1.700610e-01,1.013320e+00
1.326000e+03,7.758485e+01,1.806374e+01,-1.213978e-01,1.342887e-01,4.225125e-01,1.432967e-01,7.000000e-03,2.000000e-02,-2.096398e-02,7.760000e+01,1.830000e+01,-1.096096e-01,1.514549e-02,2.362627e-01,1.178821e-02,6.427052e+01,1.670646e+02,1.266943e+01,6.217301e+01,5.722264e+01,1.701999e-01,1.014208e+00
1.327000e+03,7.758257e+01,1.824132e+01,-1.120524e-01,1.371481e-01,4.025125e-01,1.237675e-01,2.859384e-03,-2.000000e-02,-1.952921e-02,7.760000e+01,1.830000e+01,-1.096096e-01,1.743102e-02,5.867670e-02,2.442813e-03,6.428795e+01,1.671233e+02,1.267187e+01,6.217332e+01,5.722608e+01,1.702059e-01,1.014998e+00
1.328000e+03,7.759060e+01,1.820595e+01,-1.185413e-01,1.301481e-01,4.225125e-01,1.430788e-01,-7.000000e-03,2.000000e-02,1.931138e-02,7.760000e+01,1.830000e+01,-1.096096e-01,9.398767e-03,9.405107e-02,8.931656e-03,6.429735e+01,1.672173e+02,1.268081e+01,6.217341e+01,5.723493e+01,1.702857e-01,1.015820e+00
1.329000e+03,7.758461e+01,1.836948e+01,-1.133167e-01,1.358442e-01,4.025125e-01,1.279444e-01,5.696095e-03,-2.000000e-02,-1.513450e-02,7.760000e+01,1.830000e+01,-1.096096e-01,1.538664e-02,-6.947913e-02,3.707090e-03,6.431274e+01,1.672868e+02,1.268451e+01,6.217364e+01,5.723976e+01,1.702994e-01,1.016481e+00
1.330000e+03,7.759084e+01,1.832134e+01,-1.191137e-01,1.288442e-01,3.825125e-01,1.439470e-01,-7.000000e-03,-2.000000e-02,1.600268e-02,7.760000e+01,1.830000e+01,-1.096096e-01,9.157310e-03,-2.134220e-02,9.504112e-03,6.432189e+01,1.673082e+02,1.269402e+01,6.217373e+01,5.724021e+01,1.703898e-01,1.017186e+00
1.331000e+03,7.759318e+01,1.808302e+01,-1.283038e-01,1.256185e-01,4.025125e-01,1.636844e-01,-3.225702e-03,2.000000e-02,1.973738e-02,7.760000e+01,1.830000e+01,-1.096096e-01,6.824978e-03,2.169789e-01,1.869419e-02,6.432872e+01,1.675251e+02,1.271271e+01,6.217377e+01,5.728729e+01,1.707392e-01,1.017986e+00
1.332000e+03,7.758483e+01,1.806375e+01,-1.218216e-01,1.326185e-01,4.225125e-01,1.444512e-01,7.000000e-03,2.000000e-02,-1.923323e-02,7.760000e+01,1.830000e+01,-1.096096e-01,1.517181e-02,2.362480e-01,1.221202e-02,6.434389e+01,1.677614e+02,1.272492e+01,6.217400e+01,5.734310e+01,1.708884e-01,1.018805e+00
1.333000e+03,7.758087e+01,1.824134e+01,-1.124942e-01,1.391860e-01,4.025125e-01,1.246583e-01,6.567532e-03,-2.000000e-02,-1.979291e-02,7.760000e+01,1.830000e+01,-1.096096e-01,1.913367e-02,5.866416e-02,2.884615e-03,6.436302e+01,1.678200e+02,1.272781e+01,6.217437e+01,5.734655e+01,1.708967e-01,1.019640e+00
1.334000e+03,7.759060e+01,1.820592e+01,-1.180267e-01,1.321860e-01,4.225125e-01,1.416671e-01,-7.000000e-03,2.000000e-02,1.700883e-02,7.760000e+01,1.830000e+01,-1.096096e-01,9.398521e-03,9.408395e-02,8.417059e-03,6.437242e+01,1.679141e+02,1.273622e+01,6.217446e+01,5.735540e+01,1.709675e-01,1.020378e+00
1.335000e+03,7.758666e+01,1.836945e+01,-1.127775e-01,1.333889e-01,4.025125e-01,1.268561e-01,1.202851e-03,-2.000000e-02,-1.481095e-02,7.760000e+01,1.830000e+01,-1.096096e-01,1.334050e-02,-6.944954e-02,3.167903e-03,6.438576e+01,1.679836e+02,1.273939e+01,6.217464e+01,5.736022e+01,1.709776e-01,1.020999e+00
1.336000e+03,7.759084e+01,1.832137e+01,-1.197335e-01,1.275846e-01,3.825125e-01,1.456502e-01,-5.804276e-03,-2.000000e-02,1.879409e-02,7.760000e+01,1.830000e+01,-1.096096e-01,9.160599e-03,-2.136865e-02,1.012392e-02,6.439492e+01,1.680049e+02,1.274952e+01,6.217472e+01,5.736068e+01,1.710801e-01,1.021786e+00
1.337000e+03,7.759178e+01,1.808304e+01,-1.286472e-01,1.272887e-01,4.025125e-01,1.642607e-01,-2.958835e-04,2.000000e-02,1.861042e-02,7.760000e+01,1.830000e+01,-1.096096e-01,8.217379e-03,2.169552e-01,1.903759e-02,6.440314e+01,1.682219e+02,1.276855e+01,6.217479e+01,5.740775e+01,1.714425e-01,1.022532e+00
1.338000e+03,7.758485e+01,1.806374e+01,-1.213978e-01,1.342887e-01,4.225125e-01,1.432967e-01,7.000000e-03,2.000000e-02,-2.096398e-02,7.760000e+01,1.830000e+01,-1.096096e-01,1.514549e-02,2.362627e-01,1.178821e-02,6.441829e+01,1.684582e+02,1.278034e+01,6.217502e+01,5.746357e+01,1.715815e-01,1.023421e+00
1.339000e+03,7.758257e+01,1.824132e+01,-1.120524e-01,1.371481e-01,4.025125e-01,1.237675e-01,2.859384e-03,-2.000000e-02,-1.952921e-02,7.760000e+01,1.830000e+01,-1.096096e-01,1.743102e-02,5.867670e-02,2.442813e-03,6.443572e+01,1.685168e+02,1.278278e+01,6.217532e+01,5.746701e+01,1.715874e-01,1.024210e+00
1.340000e+03,7.759060e+01,1.820595e+01,-1.185413e-01,1.301481e-01,4.225125e-01,1.430788e-01,-7.000000e-03,2.000000e-02,1.931138e-02,7.760000e+01,1.830000e+01,-1.096096e-01,9.398767e-03,9.405107e-02,8.931656e-03,6.444512e+01,1.686109e+02,1.279172e+01,6.217541e+01,5.747586e+01,1.716672e-01,1.025032e+00
1.341000e+03,7.758461e+01,1.836948e+01,-1.133167e-01,1.358442e-01,4.025125e-01,1.279444e-01,5.696095e-03,-2.000000e-02,-1.513450e-02,7.760000e+01,1.830000e+01,-1.096096e-01,1.538664e-02,-6.947913e-02,3.707090e-03,6.446050e+01,1.686804e+02,1.279542e+01,6.217565e+01,5.748068e+01,1.716809e-01,1.025694e+00
1.342000e+03,7.759084e+01,1.832134e+01,-1.191137e-01,1.288442e-01,3.825125e-01,1.439470e-01,-7.000000e-03,-2.000000e-02,1.600268e-02,7.760000e+01,1.830000e+01,-1.096096e-01,9.157310e-03,-2.134220e-02,9.504112e-03,6.446966e+01,1.687017e+02,1.280493e+01,6.217573e+01,5.748114e+01,1.717713e-01,1.026399e+00
1.343000e+03,7.759318e+01,1.808302e+01,-1.283038e-01,1.256185e-01,4.025125e-01,1.636844e-01,-3.225702e-03,2.000000e-02,1.973738e-02,7.760000e+01,1.830000e+01,-1.096096e-01,6.824978e-03,2.169789e-01,1.869419e-02,6.447649e+01,1.689187e+02,1.282362e+01,6.217578e+01,5.752822e+01,1.721207e-01,1.027199e+00
1.344000e+03,7.758483e+01,1.806375e+01,-1.218216e-01,1.326185e-01,4.225125e-01,1.444512e-01,7.000000e-03,2.000000e-02,-1.923323e-02,7.760000e+01,1.830000e+01,-1.096096e-01,1.517181e-02,2.362480e-01,1.221202e-02,6.449166e+01,1.691549e+02,1.283583e+01,6.217601e+01,5.758403e+01,1.722699e-01,1.028018e+00
1.345000e+03,7.758087e+01,1.824134e+01,-1.124942e-01,1.391860e-01,4.025125e-01,1.246583e-01,6.567532e-03,-2.000000e-02,-1.979291e-02,7.760000e+01,1.830000e+01,-1.096096e-01,1.913367e-02,5.866416e-02,2.884615e-03,6.451079e+01,1.692136e+02,1.283872e+01,6.217637e+01,5.758747e+01,1.722782e-01,1.028853e+00
1.346000e+03,7.759060e+01,1.820592e+01,-1.180267e-01,1.321860e-01,4.225125e-01,1.416671e-01,-7.000000e-03,2.000000e-02,1.700883e-02,7.760000e+01,1.830000e+01,-1.096096e-01,9.398521e-03,9.408395e-02,8.417059e-03,6.452019e+01,1.693077e+02,1.284714e+01,6.217646e+01,5.759632e+01,1.723490e-01,1.029591e+00
1.347000e+03,7.758666e+01,1.836945e+01,-1.127775e-01,1.333889e-01,4.025125e-01,1.268561e-01,1.202851e-03,-2.000000e-02,-1.481095e-02,7.760000e+01,1.830000e+01,-1.096096e-01,1.334050e-02,-6.944954e-02,3.167903e-03,6.453353e+01,1.693771e+02,1.285030e+01,6.217664e+01,5.760115e+01,1.723591e-01,1.030212e+00
1.348000e+03,7.759084e+01,1.832137e+01,-1.197335e-01,1.275846e-01,3.825125e-01,1.456502e-01,-5.804276e-03,-2.000000e-02,1.879409e-02,7.760000e+01,1.830000e+01,-1.096096e-01,9.160599e-03,-2.136865e-02,1.012392e-02,6.454269e+01,1.693985e+02,1.286043e+01,6.217672e+01,5.760160e+01,1.724616e-01,1.030999e+00
1.349000e+03,7.759178e+01,1.808304e+01,-1.286472e-01,1.272887e-01,4.025125e-01,1.642607e-01,-2.958835e-04,2.000000e-02,1.861042e-02,7.760000e+01,1.830000e+01,-1.096096e-01,8.217379e-03,2.169552e-01,1.903759e-02,6.455091e+01,1.696155e+02,1.287947e+01,6.217679e+01,5.764867e+01,1.728240e-01,1.031745e+00
1.350000e+03,7.758485e+01,1.806374e+01,-1.213978e-01,1.342887e-01,4.225125e-01,1.432967e-01,7.000000e-03,2.000000e-02,-2.096398e-02,7.760000e+01,1.830000e+01,-1.096096e-01,1.514549e-02,2.362627e-01,1.178821e-02,6.456605e+01,1.698517e+02,1.289125e+01,6.217702e+01,5.770449e+01,1.729630e-01,1.032634e+00
1.351000e+03,7.758257e+01,1.824132e+01,-1.120524e-01,1.371481e-01,4.025125e-01,1.237675e-01,2.859384e-03,-2.000000e-02,-1.952921e-02,7.760000e+01,1.830000e+01,-1.096096e-01,1.743102e-02,5.867670e-02,2.442813e-03,6.458348e+01,1.699104e+02,1.289370e+01,6.217732e+01,5.770794e+01,1.729689e-01,1.033423e+00
1.352000e+03,7.759060e+01,1.820595e+01,-1.185413e-01,1.301481e-01,4.225125e-01,1.430788e-01,-7.000000e-03,2.000000e-02,1.931138e-02,7.760000e+01,1.830000e+01,-1.096096e-01,9.398767e-03,9.405107e-02,8.931656e-03,6.459288e+01,1.700045e+02,1.290263e+01,6.217741e+01,5.771678e+01,1.730487e-01,1.034245e+00
1.353000e+03,7.758461e+01,1.836948e+01,-1.133167e-01,1.358442e-01,4.025125e-01,1.279444e-01,5.696095e-03,-2.000000e-02,-1.513450e-02,7.760000e+01,1.830000e+01,-1.096096e-01,1.538664e-02,-6.947913e-02,3.707090e-03,6.460827e+01,1.700739e+02,1.290633e+01,6.217765e+01,5.772161e+01,1.730624e-01,1.034907e+00
1.354000e+03,7.759084e+01,1.832134e+01,-1.191137e-01,1.288442e-01,3.825125e-01,1.439470e-01,-7.000000e-03,-2.000000e-02,1.600268e-02,7.760000e+01,1.830000e+01,-1.096096e-01,9.157310e-03,-2.134220e-02,9.504112e-03,6.461743e+01,1.700953e+02,1.291584e+01,6.217773e+01,5.772207e+01,1.731528e-01,1.035612e+00
1.355000e+03,7.759318e+01,1.808302e+01,-1.283038e-01,1.256185e-01,4.025125e-01,1.636844e-01,-3.225702e-03,2.000000e-02,1.973738e-02,7.760000e+01,1.830000e+01,-1.096096e-01,6.824978e-03,2.169789e-01,1.869419e-02,6.462425e+01,1.703123e+02,1.293453e+01,6.217778e+01,5.776914e+01,1.735022e-01,1.036412e+00
1.356000e+03,7.758483e+01,1.806375e+01,-1.218216e-01,1.326185e-01,4.225125e-01,1.444512e-01,7.000000e-03,2.000000e-02,-1.923323e-02,7.760000e+01,1.830000e+01,-1.096096e-01,1.517181e-02,2.362480e-01,1.221202e-02,6.463942e+01,1.705485e+02,1.294675e+01,6.217801e+01,5.782496e+01,1.736514e-01,1.037231e+00
1.357000e+03,7.758087e+01,1.824134e+01,-1.124942e-01,1.391860e-01,4.025125e-01,1.246583e-01,6.567532e-03,-2.000000e-02,-1.979291e-02,7.760000e+01,1.830000e+01,-1.096096e-01,1.913367e-02,5.866416e-02,2.884615e-03,6.465856e+01,1.706072e+02,1.294963e+01,6.217838e+01,5.782840e+01,1.736597e-01,1.038066e+00
1.358000e+03,7.759060e+01,1.820592e+01,-1.180267e-01,1.321860e-01,4.225125e-01,1.416671e-01,-7.000000e-03,2.000000e-02,1.700883e-02,7.760000e+01,1.830000e+01,-1.096096e-01,9.398521e-03,9.408395e-02,8.417059e-03,6.466796e+01,1.707013e+02,1.295805e+01,6.217846e+01,5.783725e+01,1.737305e-01,1.038804e+00
1.359000e+03,7.758666e+01,1.836945e+01,-1.127775e-01,1.333889e-01,4.025125e-01,1.268561e-01,1.202851e-03,-2.000000e-02,-1.481095e-02,7.760000e+01,1.830000e+01,-1.096096e-01,1.334050e-02,-6.944954e-02,3.167903e-03,6.468130e+01,1.707707e+02,1.296121e+01,6.217864e+01,5.784207e+01,1.737406e-01,1.039425e+00
1.360000e+03,7.759084e+01,1.832137e+01,-1.197335e-01,1.275846e-01,3.825125e-01,1.456502e-01,-5.804276e-03,-2.000000e-02,1.879409e-02,7.760000e+01,1.830000e+01,-1.096096e-01,9.160599e-03,-2.136865e-02,1.012392e-02,6.469046e+01,1.707921e+02,1.297134e+01,6.217873e+01,5.784253e+01,1.738431e-01,1.040212e+00
1.361000e+03,7.759178e+01,1.808304e+01,-1.286472e-01,1.272887e-01,4.025125e-01,1.642607e-01,-2.958835e-04,2.000000e-02,1.861042e-02,7.760000e+01,1.830000e+01,-1.096096e-01,8.217379e-03,2.169552e-01,1.903759e-02,6.469867e+01,1.710090e+02,1.299038e+01,6.217879e+01,5.788960e+01,1.742055e-01,1.040958e+00
1.362000e+03,7.758485e+01,1.806374e+01,-1.213978e-01,1.342887e-01,4.225125e-01,1.432967e-01,7.000000e-03,2.000000e-02,-2.096398e-02,7.760000e+01,1.830000e+01,-1.096096e-01,1.514549e-02,2.362627e-01,1.178821e-02,6.471382e+01,1.712453e+02,1.300216e+01,6.217902e+01,5.794542e+01,1.743445e-01,1.041846e+00
1.363000e+03,7.758257e+01,1.824132e+01,-1.120524e-01,1.371481e-01,4.025125e-01,1.237675e-01,2.859384e-03,-2.000000e-02,-1.952921e-02,7.760000e+01,1.830000e+01,-1.096096e-01,1.743102e-02,5.867670e-02,2.442813e-03,6.473125e+01,1.713040e+02,1.300461e+01,6.217933e+01,5.794886e+01,1.743504e-01,1.042636e+00
1.364000e+03,7.759060e+01,1.820595e+01,-1.185413e-01,1.301481e-01,4.225125e-01,1.430788e-01,-7.000000e-03,2.000000e-02,1.931138e-02,7.760000e+01,1.830000e+01,-1.096096e-01,9.398767e-03,9.405107e-02,8.931656e-03,6.474065e+01,1.713980e+02,1.301354e+01,6.217941e+01,5.795771e+01,1.744302e-01,1.043458e+00
1.365000e+03,7.758461e+01,1.836948e+01,-1.133167e-01,1.358442e-01,4.025125e-01,1.279444e-01,5.696095e-03,-2.000000e-02,-1.513450e-02,7.760000e+01,1.830000e+01,-1.096096e-01,1.538664e-02,-6.947913e-02,3.707090e-03,6.475604e+01,1.714675e+02,1.301725e+01,6.217965e+01,5.796254e+01,1.744440e-01,1.044119e+00
1.366000e+03,7.759084e+01,1.832134e+01,-1.191137e-01,1.288442e-01,3.825125e-01,1.439470e-01,-7.000000e-03,-2.000000e-02,1.600268e-02,7.760000e+01,1.830000e+01,-1.096096e-01,9.157310e-03,-2.134220e-02,9.504112e-03,6.476519e+01,1.714888e+02,1.302675e+01,6.217974e+01,5.796299e+01,1.745343e-01,1.044825e+00
1.367000e+03,7.759318e+01,1.808302e+01,-1.283038e-01,1.256185e-01,4.025125e-01,1.636844e-01,-3.225702e-03,2.000000e-02,1.973738e-02,7.760000e+01,1.830000e+01,-1.096096e-01,6.824978e-03,2.169789e-01,1.869419e-02,6.477202e+01,1.717058e+02,1.304544e+01,6.217978e+01,5.801007e+01,1.748838e-01,1.045625e+00
1.368000e+03,7.758483e+01,1.806375e+01,-1.218216e-01,1.326185e-01,4.225125e-01,1.444512e-01,7.000000e-03,2.000000e-02,-1.923323e-02,7.760000e+01,1.830000e+01,-1.096096e-01,1.517181e-02,2.362480e-01,1.221202e-02,6.478719e+01,1.719421e+02,1.305766e+01,6.218001e+01,5.806589e+01,1.750329e-01,1.046443e+00
1.369000e+03,7.758087e+01,1.824134e+01,-1.124942e-01,1.391860e-01,4.025125e-01,1.246583e-01,6.567532e-03,-2.000000e-02,-1.979291e-02,7.760000e+01,1.830000e+01,-1.096096e-01,1.913367e-02,5.866416e-02,2.884615e-03,6.480632e+01,1.720007e+02,1.306054e+01,6.218038e+01,5.806933e+01,1.750412e-01,1.047278e+00
1.370000e+03,7.759060e+01,1.820592e+01,-1.180267e-01,1.321860e-01,4.225125e-01,1.416671e-01,-7.000000e-03,2.000000e-02,1.700883e-02,7.760000e+01,1.830000e+01,-1.096096e-01,9.398521e-03,9.408395e-02,8.417059e-03,6.481572e+01,1.720948e+02,1.306896e+01,6.218047e+01,5.807818e+01,1.751121e-01,1.048017e+00
1.371000e+03,7.758666e+01,1.836945e+01,-1.127775e-01,1.333889e-01,4.025125e-01,1.268561e-01,1.202851e-03,-2.000000e-02,-1.481095e-02,7.760000e+01,1.830000e+01,-1.096096e-01,1.334050e-02,-6.944954e-02,3.167903e-03,6.482906e+01,1.721643e+02,1.307213e+01,6.218064e+01,5.808300e+01,1.751221e-01,1.048637e+00
1.372000e+03,7.759084e+01,1.832137e+01,-1.197335e-01,1.275846e-01,3.825125e-01,1.456502e-01,-5.804276e-03,-2.000000e-02,1.879409e-02,7.760000e+01,1.830000e+01,-1.096096e-01,9.160599e-03,-2.136865e-02,1.012392e-02,6.483822e+01,1.721856e+02,1.308225e+01,6.218073e+01,5.808346e+01,1.752246e-01,1.049424e+00
1.373000e+03,7.759178e+01,1.808304e+01,-1.286472e-01,1.272887e-01,4.025125e-01,1.642607e-01,-2.958835e-04,2.000000e-02,1.861042e-02,7.760000e+01,1.830000e+01,-1.096096e-01,8.217379e-03,2.169552e-01,1.903759e-02,6.484644e+01,1.724026e+02,1.310129e+01,6.218080e+01,5.813053e+01,1.755870e-01,1.050171e+00
1.374000e+03,7.758485e+01,1.806374e+01,-1.213978e-01,1.342887e-01,4.225125e-01,1.432967e-01,7.000000e-03,2.000000e-02,-2.096398e-02,7.760000e+01,1.830000e+01,-1.096096e-01,1.514549e-02,2.362627e-01,1.178821e-02,6.486159e+01,1.726388e+02,1.311308e+01,6.218103e+01,5.818635e+01,1.757260e-01,1.051059e+00
1.375000e+03,7.758257e+01,1.824132e+01,-1.120524e-01,1.371481e-01,4.025125e-01,1.237675e-01,2.859384e-03,-2.000000e-02,-1.952921e-02,7.760000e+01,1.830000e+01,-1.096096e-01,1.743102e-02,5.867670e-02,2.442813e-03,6.487902e+01,1.726975e+02,1.311552e+01,6.218133e+01,5.818979e+01,1.757319e-01,1.051849e+00
1.376000e+03,7.759060e+01,1.820595e+01,-1.185413e-01,1.301481e-01,4.225125e-01,1.430788e-01,-7.000000e-03,2.000000e-02,1.931138e-02,7.760000e+01,1.830000e+01,-1.096096e-01,9.398767e-03,9.405107e-02,8.931656e-03,6.488842e+01,1.727916e+02,1.312445e+01,6.218142e+01,5.819864e+01,1.758117e-01,1.052671e+00
1.377000e+03,7.758461e+01,1.836948e+01,-1.133167e-01,1.358442e-01,4.025125e-01,1.279444e-01,5.696095e-03,-2.000000e-02,-1.513450e-02,7.760000e+01,1.830000e+01,-1.096096e-01,1.538664e-02,-6.947913e-02,3.707090e-03,6.490380e+01,1.728611e+02,1.312816e+01,6.218165e+01,5.820346e+01,1.758255e-01,1.053332e+00
1.378000e+03,7.759084e+01,1.832134e+01,-1.191137e-01,1.288442e-01,3.825125e-01,1.439470e-01,-7.000000e-03,-2.000000e-02,1.600268e-02,7.760000e+01,1.830000e+01,-1.096096e-01,9.157310e-03,-2.134220e-02,9.504112e-03,6.491296e+01,1.728824e+02,1.313766e+01,6.218174e+01,5.820392e+01,1.759158e-01,1.054037e+00
1.379000e+03,7.759318e+01,1.808302e+01,-1.283038e-01,1.256185e-01,4.025125e-01,1.636844e-01,-3.225702e-03,2.000000e-02,1.973738e-02,7.760000e+01,1.830000e+01,-1.096096e-01,6.824978e-03,2.169789e-01,1.869419e-02,6.491979e+01,1.730994e+02,1.315636e+01,6.218178e+01,5.825100e+01,1.762653e-01,1.054837e+00
1.380000e+03,7.758483e+01,1.806375e+01,-1.218216e-01,1.326185e-01,4.225125e-01,1.444512e-01,7.000000e-03,2.000000e-02,-1.923323e-02,7.760000e+01,1.830000e+01,-1.096096e-01,1.517181e-02,2.362480e-01,1.221202e-02,6.493496e+01,1.733356e+02,1.316857e+01,6.218201e+01,5.830681e+01,1.764144e-01,1.055656e+00
1.381000e+03,7.758087e+01,1.824134e+01,-1.124942e-01,1.391860e-01,4.025125e-01,1.246583e-01,6.567532e-03,-2.000000e-02,-1.979291e-02,7.760000e+01,1.830000e+01,-1.096096e-01,1.913367e-02,5.866416e-02,2.884615e-03,6.495409e+01,1.733943e+02,1.317145e+01,6.218238e+01,5.831025e+01,1.764227e-01,1.056491e+00
1.382000e+03,7.759060e+01,1.820592e+01,-1.180267e-01,1.321860e-01,4.225125e-01,1.416671e-01,-7.000000e-03,2.000000e-02,1.700883e-02,7.760000e+01,1.830000e+01,-1.096096e-01,9.398521e-03,9.408395e-02,8.417059e-03,6.496349e+01,1.734884e+02,1.317987e+01,6.218247e+01,5.831911e+01,1.764936e-01,1.057229e+00
1.383000e+03,7.758666e+01,1.836945e+01,-1.127775e-01,1.333889e-01,4.025125e-01,1.268561e-01,1.202851e-03,-2.000000e-02,-1.481095e-02,7.760000e+01,1.830000e+01,-1.096096e-01,1.334050e-02,-6.944954e-02,3.167903e-03,6.497683e+01,1.735578e+02,1.318304e+01,6.218265e+01,5.832393e+01,1.765036e-01,1.057850e+00
1.384000e+03,7.759084e+01,1.832137e+01,-1.197335e-01,1.275846e-01,3.825125e-01,1.456502e-01,-5.804276e-03,-2.000000e-02,1.879409e-02,7.760000e+01,1.830000e+01,-1.096096e-01,9.160599e-03,-2.136865e-02,1.012392e-02,6.498599e+01,1.735792e+02,1.319316e+01,6.218273e+01,5.832439e+01,1.766061e-01,1.058637e+00
1.385000e+03,7.759178e+01,1.808304e+01,-1.286472e-01,1.272887e-01,4.025125e-01,1.642607e-01,-2.958835e-04,2.000000e-02,1.861042e-02,7.760000e+01,1.830000e+01,-1.096096e-01,8.217379e-03,2.169552e-01,1.903759e-02,6.499421e+01,1.737961e+02,1.321220e+01,6.218280e+01,5.837145e+01,1.769685e-01,1.059384e+00
1.386000e+03,7.758485e+01,1.806374e+01,-1.213978e-01,1.342887e-01,4.225125e-01,1.432967e-01,7.000000e-03,2.000000e-02,-2.096398e-02,7.760000e+01,1.830000e+01,-1.096096e-01,1.514549e-02,2.362627e-01,1.178821e-02,6.500935e+01,1.740324e+02,1.322399e+01,6.218303e+01,5.842728e+01,1.771075e-01,1.060272e+00
1.387000e+03,7.758257e+01,1.824132e+01,-1.120524e-01,1.371481e-01,4.025125e-01,1.237675e-01,2.859384e-03,-2.000000e-02,-1.952921e-02,7.760000e+01,1.830000e+01,-1.096096e-01,1.743102e-02,5.867670e-02,2.442813e-03,6.502678e+01,1.740911e+02,1.322643e+01,6.218333e+01,5.843072e+01,1.771135e-01,1.061062e+00
1.388000e+03,7.759060e+01,1.820595e+01,-1.185413e-01,1.301481e-01,4.225125e-01,1.430788e-01,-7.000000e-03,2.000000e-02,1.931138e-02,7.760000e+01,1.830000e+01,-1.096096e-01,9.398767e-03,9.405107e-02,8.931656e-03,6.503618e+01,1.741851e+02,1.323536e+01,6.218342e+01,5.843956e+01,1.771932e-01,1.061884e+00
1.389000e+03,7.758461e+01,1.836948e+01,-1.133167e-01,1.358442e-01,4.025125e-01,1.279444e-01,5.696095e-03,-2.000000e-02,-1.513450e-02,7.760000e+01,1.830000e+01,-1.096096e-01,1.538664e-02,-6.947913e-02,3.707090e-03,6.505157e+01,1.742546e+02,1.323907e+01,6.218366e+01,5.844439e+01,1.772070e-01,1.062545e+00
1.390000e+03,7.759084e+01,1.832134e+01,-1.191137e-01,1.288442e-01,3.825125e-01,1.439470e-01,-7.000000e-03,-2.000000e-02,1.600268e-02,7.760000e+01,1.830000e+01,-1.096096e-01,9.157310e-03,-2.134220e-02,9.504112e-03,6.506073e+01,1.742760e+02,1.324857e+01,6.218374e+01,5.844485e+01,1.772973e-01,1.063250e+00
1.391000e+03,7.759318e+01,1.808302e+01,-1.283038e-01,1.256185e-01,4.025125e-01,1.636844e-01,-3.225702e-03,2.000000e-02,1.973738e-02,7.760000e+01,1.830000e+01,-1.096096e-01,6.824978e-03,2.169789e-01,1.869419e-02,6.506755e+01,1.744929e+02,1.326727e+01,6.218379e+01,5.849193e+01,1.776468e-01,1.064050e+00
1.392000e+03,7.758483e+01,1.806375e+01,-1.218216e-01,1.326185e-01,4.225125e-01,1.444512e-01,7.000000e-03,2.000000e-02,-1.923323e-02,7.760000e+01,1.830000e+01,-1.096096e-01,1.517181e-02,2.362480e-01,1.221202e-02,6.508272e+01,1.747292e+02,1.327948e+01,6.218402e+01,5.854774e+01,1.777959e-01,1.064869e+00
1.393000e+03,7.758087e+01,1.824134e+01,-1.124942e-01,1.391860e-01,4.025125e-01,1.246583e-01,6.567532e-03,-2.000000e-02,-1.979291e-02,7.760000e+01,1.830000e+01,-1.096096e-01,1.913367e-02,5.866416e-02,2.884615e-03,6.510186e+01,1.747878e+02,1.328236e+01,6.218438e+01,5.855118e+01,1.778042e-01,1.065704e+00
1.394000e+03,7.759060e+01,1.820592e+01,-1.180267e-01,1.321860e-01,4.225125e-01,1.416671e-01,-7.000000e-03,2.000000e-02,1.700883e-02,7.760000e+01,1.830000e+01,-1.096096e-01,9.398521e-03,9.408395e-02,8.417059e-03,6.511126e+01,1.748819e+02,1.329078e+01,6.218447e+01,5.856003e+01,1.778751e-01,1.066442e+00
1.395000e+03,7.758666e+01,1.836945e+01,-1.127775e-01,1.333889e-01,4.025125e-01,1.268561e-01,1.202851e-03,-2.000000e-02,-1.481095e-02,7.760000e+01,1.830000e+01,-1.096096e-01,1.334050e-02,-6.944954e-02,3.167903e-03,6.512460e+01,1.749514e+02,1.329395e+01,6.218465e+01,5.856486e+01,1.778851e-01,1.067063e+00
1.396000e+03,7.759084e+01,1.832137e+01,-1.197335e-01,1.275846e-01,3.825125e-01,1.456502e-01,-5.804276e-03,-2.000000e-02,1.879409e-02,7.760000e+01,1.830000e+01,-1.096096e-01,9.160599e-03,-2.136865e-02,1.012392e-02,6.513376e+01,1.749727e+02,1.330407e+01,6.218473e+01,5.856531e+01,1.779876e-01,1.067850e+00
1.397000e+03,7.759178e+01,1.808304e+01,-1.286472e-01,1.272887e-01,4.025125e-01,1.642607e-01,-2.958835e-04,2.000000e-02,1.861042e-02,7.760000e+01,1.830000e+01,-1.096096e-01,8.217379e-03,2.169552e-01,1.903759e-02,6.514197e+01,1.751897e+02,1.332311e+01,6.218480e+01,5.861238e+01,1.783500e-01,1.068596e+00
1.398000e+03,7.758485e+01,1.806374e+01,-1.213978e-01,1.342887e-01,4.225125e-01,1.432967e-01,7.000000e-03,2.000000e-02,-2.096398e-02,7.760000e+01,1.830000e+01,-1.096096e-01,1.514549e-02,2.362627e-01,1.178821e-02,6.515712e+01,1.754260e+02,1.333490e+01,6.218503e+01,5.866820e+01,1.784890e-01,1.069485e+00
1.399000e+03,7.758257e+01,1.824132e+01,-1.120524e-01,1.371481e-01,4.025125e-01,1.237675e-01,2.859384e-03,-2.000000e-02,-1.952921e-02,7.760000e+01,1.830000e+01,-1.096096e-01,1.743102e-02,5.867670e-02,2.442813e-03,6.517455e+01,1.754846e+02,1.333734e+01,6.218533e+01,5.867165e+01,1.784950e-01,1.070274e+00
1.400000e+03,7.759060e+01,1.820595e+01,-1.185413e-01,1.301481e-01,4.225125e-01,1.430788e-01,-7.000000e-03,2.000000e-02,1.931138e-02,7.760000e+01,1.830000e+01,-1.096096e-01,9.398767e-03,9.405107e-02,8.931656e-03,6.518395e+01,1.755787e+02,1.334627e+01,6.218542e+01,5.868049e+01,1.785747e-01,1.071096e+00
1.401000e+03,7.758461e+01,1.836948e+01,-1.133167e-01,1.358442e-01,4.025125e-01,1.279444e-01,5.696095e-03,-2.000000e-02,-1.513450e-02,7.760000e+01,1.830000e+01,-1.096096e-01,1.538664e-02,-6.947913e-02,3.707090e-03,6.519934e+01,1.756482e+02,1.334998e+01,6.218566e+01,5.868532e+01,1.785885e-01,1.071758e+00
1.402000e+03,7.759084e+01,1.832134e+01,-1.191137e-01,1.288442e-01,3.825125e-01,1.439470e-01,-7.000000e-03,-2.000000e-02,1.600268e-02,7.760000e+01,1.830000e+01,-1.096096e-01,9.157310e-03,-2.134220e-02,9.504112e-03,6.520849e+01,1.756695e+02,1.335948e+01,6.218574e+01,5.868577e+01,1.786788e-01,1.072463e+00
1.403000e+03,7.759318e+01,1.808302e+01,-1.283038e-01,1.256185e-01,4.025125e-01,1.636844e-01,-3.225702e-03,2.000000e-02,1.973738e-02,7.760000e+01,1.830000e+01,-1.096096e-01,6.824978e-03,2.169789e-01,1.869419e-02,6.521532e+01,1.758865e+02,1.337818e+01,6.218579e+01,5.873285e+01,1.790283e-01,1.073263e+00
1.404000e+03,7.758483e+01,1.806375e+01,-1.218216e-01,1.326185e-01,4.225125e-01,1.444512e-01,7.000000e-03,2.000000e-02,-1.923323e-02,7.760000e+01,1.830000e+01,-1.096096e-01,1.517181e-02,2.362480e-01,1.221202e-02,6.523049e+01,1.761227e+02,1.339039e+01,6.218602e+01,5.878867e+01,1.791774e-01,1.074082e+00
1.405000e+03,7.758087e+01,1.824134e+01,-1.124942e-01,1.391860e-01,4.025125e-01,1.246583e-01,6.567532e-03,-2.000000e-02,-1.979291e-02,7.760000e+01,1.830000e+01,-1.096096e-01,1.913367e-02,5.866416e-02,2.884615e-03,6.524962e+01,1.761814e+02,1.339327e+01,6.218639e+01,5.879211e+01,1.791857e-01,1.074917e+00
1.406000e+03,7.759060e+01,1.820592e+01,-1.180267e-01,1.321860e-01,4.225125e-01,1.416671e-01,-7.000000e-03,2.000000e-02,1.700883e-02,7.760000e+01,1.830000e+01,-1.096096e-01,9.398521e-03,9.408395e-02,8.417059e-03,6.525902e+01,1.762755e+02,1.340169e+01,6.218647e+01,5.880096e+01,1.792566e-01,1.075655e+00
1.407000e+03,7.758666e+01,1.836945e+01,-1.127775e-01,1.333889e-01,4.025125e-01,1.268561e-01,1.202851e-03,-2.000000e-02,-1.481095e-02,7.760000e+01,1.830000e+01,-1.096096e-01,1.334050e-02,-6.944954e-02,3.167903e-03,6.527236e+01,1.763449e+02,1.340486e+01,6.218665e+01,5.880578e+01,1.792666e-01,1.076276e+00
1.408000e+03,7.759084e+01,1.832137e+01,-1.197335e-01,1.275846e-01,3.825125e-01,1.456502e-01,-5.804276e-03,-2.000000e-02,1.879409e-02,7.760000e+01,1.830000e+01,-1.096096e-01,9.160599e-03,-2.136865e-02,1.012392e-02,6.528152e+01,1.763663e+02,1.341498e+01,6.218674e+01,5.880624e+01,1.793691e-01,1.077063e+00
1.409000e+03,7.759178e+01,1.808304e+01,-1.286472e-01,1.272887e-01,4.025125e-01,1.642607e-01,-2.958835e-04,2.000000e-02,1.861042e-02,7.760000e+01,1.830000e+01,-1.096096e-01,8.217379e-03,2.169552e-01,1.903759e-02,6.528974e+01,1.765833e+02,1.343402e+01,6.218680e+01,5.885331e+01,1.797315e-01,1.077809e+00
1.410000e+03,7.758485e+01,1.806374e+01,-1.213978e-01,1.342887e-01,4.225125e-01,1.432967e-01,7.000000e-03,2.000000e-02,-2.096398e-02,7.760000e+01,1.830000e+01,-1.096096e-01,1.514549e-02,2.362627e-01,1.178821e-02,6.530489e+01,1.768195e+02,1.344581e+01,6.218703e+01,5.890913e+01,1.798705e-01,1.078698e+00
1.411000e+03,7.758257e+01,1.824132e+01,-1.120524e-01,1.371481e-01,4.025125e-01,1.237675e-01,2.859384e-03,-2.000000e-02,-1.952921e-02,7.760000e+01,1.830000e+01,-1.096096e-01,1.743102e-02,5.867670e-02,2.442813e-03,6.532232e+01,1.768782e+02,1.344825e+01,6.218734e+01,5.891257e+01,1.798765e-01,1.079487e+00
1.412000e+03,7.759060e+01,1.820595e+01,-1.185413e-01,1.301481e-01,4.225125e-01,1.430788e-01,-7.000000e-03,2.000000e-02,1.931138e-02,7.760000e+01,1.830000e+01,-1.096096e-01,9.398767e-03,9.405107e-02,8.931656e-03,6.533172e+01,1.769723e+02,1.345718e+01,6.218743e+01,5.892142e+01,1.799562e-01,1.080309e+00
1.413000e+03,7.758461e+01,1.836948e+01,-1.133167e-01,1.358442e-01,4.025125e-01,1.279444e-01,5.696095e-03,-2.000000e-02,-1.513450e-02,7.760000e+01,1.830000e+01,-1.096096e-01,1.538664e-02,-6.947913e-02,3.707090e-03,6.534710e+01,1.770417e+02,1.346089e+01,6.218766e+01,5.892625e+01,1.799700e-01,1.080971e+00
1.414000e+03,7.759084e+01,1.832134e+01,-1.191137e-01,1.288442e-01,3.825125e-01,1.439470e-01,-7.000000e-03,-2.000000e-02,1.600268e-02,7.760000e+01,1.830000e+01,-1.096096e-01,9.157310e-03,-2.134220e-02,9.504112e-03,6.535626e+01,1.770631e+02,1.347039e+01,6.218775e+01,5.892670e+01,1.800603e-01,1.081676e+00
1.415000e+03,7.759318e+01,1.808302e+01,-1.283038e-01,1.256185e-01,4.025125e-01,1.636844e-01,-3.225702e-03,2.000000e-02,1.973738e-02,7.760000e+01,1.830000e+01,-1.096096e-01,6.824978e-03,2.169789e-01,1.869419e-02,6.536309e+01,1.772801e+02,1.348909e+01,6.218779e+01,5.897378e+01,1.804098e-01,1.082476e+00
1.416000e+03,7.758483e+01,1.806375e+01,-1.218216e-01,1.326185e-01,4.225125e-01,1.444512e-01,7.000000e-03,2.000000e-02,-1.923323e-02,7.760000e+01,1.830000e+01,-1.096096e-01,1.517181e-02,2.362480e-01,1.221202e-02,6.537826e+01,1.775163e+02,1.350130e+01,6.218802e+01,5.902959e+01,1.805589e-01,1.083295e+00
1.417000e+03,7.758087e+01,1.824134e+01,-1.124942e-01,1.391860e-01,4.025125e-01,1.246583e-01,6.567532e-03,-2.000000e-02,-1.979291e-02,7.760000e+01,1.830000e+01,-1.096096e-01,1.913367e-02,5.866416e-02,2.884615e-03,6.539739e+01,1.775750e+02,1.350419e+01,6.218839e+01,5.903304e+01,1.805672e-01,1.084130e+00
1.418000e+03,7.759060e+01,1.820592e+01,-1.180267e-01,1.321860e-01,4.225125e-01,1.416671e-01,-7.000000e-03,2.000000e-02,1.700883e-02,7.760000e+01,1.830000e+01,-1.096096e-01,9.398521e-03,9.408395e-02,8.417059e-03,6.540679e+01,1.776691e+02,1.351260e+01,6.218848e+01,5.904189e+01,1.806381e-01,1.084868e+00
1.419000e+03,7.758666e+01,1.836945e+01,-1.127775e-01,1.333889e-01,4.025125e-01,1.268561e-01,1.202851e-03,-2.000000e-02,-1.481095e-02,7.760000e+01,1.830000e+01,-1.096096e-01,1.334050e-02,-6.944954e-02,3.167903e-03,6.542013e+01,1.777385e+02,1.351577e+01,6.218866e+01,5.904671e+01,1.806481e-01,1.085489e+00
1.420000e+03,7.759084e+01,1.832137e+01,-1.197335e-01,1.275846e-01,3.825125e-01,1.456502e-01,-5.804276e-03,-2.000000e-02,1.879409e-02,7.760000e+01,1.830000e+01,-1.096096e-01,9.160599e-03,-2.136865e-02,1.012392e-02,6.542929e+01,1.777599e+02,1.352589e+01,6.218874e+01,5.904717e+01,1.807506e-01,1.086276e+00
1.421000e+03,7.759178e+01,1.808304e+01,-1.286472e-01,1.272887e-01,4.025125e-01,1.642607e-01,-2.958835e-04,2.000000e-02,1.861042e-02,7.760000e+01,1.830000e+01,-1.096096e-01,8.217379e-03,2.169552e-01,1.903759e-02,6.543751e+01,1.779768e+02,1.354493e+01,6.218881e+01,5.909424e+01,1.811130e-01,1.087022e+00
1.422000e+03,7.758485e+01,1.806374e+01,-1.213978e-01,1.342887e-01,4.225125e-01,1.432967e-01,7.000000e-03,2.000000e-02,-2.096398e-02,7.760000e+01,1.830000e+01,-1.096096e-01,1.514549e-02,2.362627e-01,1.178821e-02,6.545265e+01,1.782131e+02,1.355672e+01,6.218904e+01,5.915006e+01,1.812520e-01,1.087910e+00
1.423000e+03,7.758257e+01,1.824132e+01,-1.120524e-01,1.371481e-01,4.025125e-01,1.237675e-01,2.859384e-03,-2.000000e-02,-1.952921e-02,7.760000e+01,1.830000e+01,-1.096096e-01,1.743102e-02,5.867670e-02,2.442813e-03,6.547008e+01,1.782718e+02,1.355916e+01,6.218934e+01,5.915350e+01,1.812580e-01,1.088700e+00
1.424000e+03,7.759060e+01,1.820595e+01,-1.185413e-01,1.301481e-01,4.225125e-01,1.430788e-01,-7.000000e-03,2.000000e-02,1.931138e-02,7.760000e+01,1.830000e+01,-1.096096e-01,9.398767e-03,9.405107e-02,8.931656e-03,6.547948e+01,1.783658e+02,1.356809e+01,6.218943e+01,5.916234e+01,1.813377e-01,1.089522e+00
1.425000e+03,7.758461e+01,1.836948e+01,-1.133167e-01,1.358442e-01,4.025125e-01,1.279444e-01,5.696095e-03,-2.000000e-02,-1.513450e-02,7.760000e+01,1.830000e+01,-1.096096e-01,1.538664e-02,-6.947913e-02,3.707090e-03,6.549487e+01,1.784353e+02,1.357180e+01,6.218967e+01,5.916717e+01,1.813515e-01,1.090183e+00
1.426000e+03,7.759084e+01,1.832134e+01,-1.191137e-01,1.288442e-01,3.825125e-01,1.439470e-01,-7.000000e-03,-2.000000e-02,1.600268e-02,7.760000e+01,1.830000e+01,-1.096096e-01,9.157310e-03,-2.134220e-02,9.504112e-03,6.550403e+01,1.784566e+02,1.358131e+01,6.218975e+01,5.916763e+01,1.814418e-01,1.090889e+00
1.427000e+03,7.759318e+01,1.808302e+01,-1.283038e-01,1.256185e-01,4.025125e-01,1.636844e-01,-3.225702e-03,2.000000e-02,1.973738e-02,7.760000e+01,1.830000e+01,-1.096096e-01,6.824978e-03,2.169789e-01,1.869419e-02,6.551085e+01,1.786736e+02,1.360000e+01,6.218980e+01,5.921471e+01,1.817913e-01,1.091689e+00
1.428000e+03,7.758483e+01,1.806375e+01,-1.218216e-01,1.326185e-01,4.225125e-01,1.444512e-01,7.000000e-03,2.000000e-02,-1.923323e-02,7.760000e+01,1.830000e+01,-1.096096e-01,1.517181e-02,2.362480e-01,1.221202e-02,6.552602e+01,1.789099e+02,1.361221e+01,6.219003e+01,5.927052e+01,1.819404e-01,1.092507e+00
1.429000e+03,7.758087e+01,1.824134e+01,-1.124942e-01,1.391860e-01,4.025125e-01,1.246583e-01,6.567532e-03,-2.000000e-02,-1.979291e-02,7.760000e+01,1.830000e+01,-1.096096e-01,1.913367e-02,5.866416e-02,2.884615e-03,6.554516e+01,1.789685e+02,1.361510e+01,6.219039e+01,5.927396e+01,1.819487e-01,1.093342e+00
1.430000e+03,7.759060e+01,1.820592e+01,-1.180267e-01,1.321860e-01,4.225125e-01,1.416671e-01,-7.000000e-03,2.000000e-02,1.700883e-02,7.760000e+01,1.830000e+01,-1.096096e-01,9.398521e-03,9.408395e-02,8.417059e-03,6.555456e+01,1.790626e+02,1.362351e+01,6.219048e+01,5.928281e+01,1.820196e-01,1.094081e+00
1.431000e+03,7.758666e+01,1.836945e+01,-1.127775e-01,1.333889e-01,4.025125e-01,1.268561e-01,1.202851e-03,-2.000000e-02,-1.481095e-02,7.760000e+01,1.830000e+01,-1.096096e-01,1.334050e-02,-6.944954e-02,3.167903e-03,6.556790e+01,1.791321e+02,1.362668e+01,6.219066e+01,5.928764e+01,1.820296e-01,1.094701e+00
1.432000e+03,7.759084e+01,1.832137e+01,-1.197335e-01,1.275846e-01,3.825125e-01,1.456502e-01,-5.804276e-03,-2.000000e-02,1.879409e-02,7.760000e+01,1.830000e+01,-1.096096e-01,9.160599e-03,-2.136865e-02,1.012392e-02,6.557706e+01,1.791534e+02,1.363681e+01,6.219074e+01,5.928809e+01,1.821321e-01,1.095488e+00
1.433000e+03,7.759178e+01,1.808304e+01,-1.286472e-01,1.272887e-01,4.025125e-01,1.642607e-01,-2.958835e-04,2.000000e-02,1.861042e-02,7.760000e+01,1.830000e+01,-1.096096e-01,8.217379e-03,2.169552e-01,1.903759e-02,6.558527e+01,1.793704e+02,1.365584e+01,6.219081e+01,5.933516e+01,1.824946e-01,1.096235e+00
1.434000e+03,7.758485e+01,1.806374e+01,-1.213978e-01,1.342887e-01,4.225125e-01,1.432967e-01,7.000000e-03,2.000000e-02,-2.096398e-02,7.760000e+01,1.830000e+01,-1.096096e-01,1.514549e-02,2.362627e-01,1.178821e-02,6.560042e+01,1.796066e+02,1.366763e+01,6.219104e+01,5.939098e+01,1.826335e-01,1.097123e+00
1.435000e+03,7.758257e+01,1.824132e+01,-1.120524e-01,1.371481e-01,4.025125e-01,1.237675e-01,2.859384e-03,-2.000000e-02,-1.952921e-02,7.760000e+01,1.830000e+01,-1.096096e-01,1.743102e-02,5.867670e-02,2.442813e-03,6.561785e+01,1.796653e+02,1.367007e+01,6.219134e+01,5.939443e+01,1.826395e-01,1.097913e+00
1.436000e+03,7.759060e+01,1.820595e+01,-1.185413e-01,1.301481e-01,4.225125e-01,1.430788e-01,-7.000000e-03,2.000000e-02,1.931138e-02,7.760000e+01,1.830000e+01,-1.096096e-01,9.398767e-03,9.405107e-02,8.931656e-03,6.562725e+01,1.797594e+02,1.367901e+01,6.219143e+01,5.940327e+01,1.827193e-01,1.098735e+00
1.437000e+03,7.758461e+01,1.836948e+01,-1.133167e-01,1.358442e-01,4.025125e-01,1.279444e-01,5.696095e-03,-2.000000e-02,-1.513450e-02,7.760000e+01,1.830000e+01,-1.096096e-01,1.538664e-02,-6.947913e-02,3.707090e-03,6.564264e+01,1.798289e+02,1.368271e+01,6.219167e+01,5.940810e+01,1.827330e-01,1.099396e+00
1.438000e+03,7.759084e+01,1.832134e+01,-1.191137e-01,1.288442e-01,3.825125e-01,1.439470e-01,-7.000000e-03,-2.000000e-02,1.600268e-02,7.760000e+01,1.830000e+01,-1.096096e-01,9.157310e-03,-2.134220e-02,9.504112e-03,6.565179e+01,1.798502e+02,1.369222e+01,6.219175e+01,5.940855e+01,1.828233e-01,1.100101e+00
1.439000e+03,7.759318e+01,1.808302e+01,-1.283038e-01,1.256185e-01,4.025125e-01,1.636844e-01,-3.225702e-03,2.000000e-02,1.973738e-02,7.760000e+01,1.830000e+01,-1.096096e-01,6.824978e-03,2.169789e-01,1.869419e-02,6.565862e+01,1.800672e+02,1.371091e+01,6.219180e+01,5.945563e+01,1.831728e-01,1.100901e+00
1.440000e+03,7.758483e+01,1.806375e+01,-1.218216e-01,1.326185e-01,4.225125e-01,1.444512e-01,7.000000e-03,2.000000e-02,-1.923323e-02,7.760000e+01,1.830000e+01,-1.096096e-01,1.517181e-02,2.362480e-01,1.221202e-02,6.567379e+01,1.803034e+02,1.372312e+01,6.219203e+01,5.951145e+01,1.833219e-01,1.101720e+00
1.441000e+03,7.758087e+01,1.824134e+01,-1.124942e-01,1.391860e-01,4.025125e-01,1.246583e-01,6.567532e-03,-2.000000e-02,-1.979291e-02,7.760000e+01,1.830000e+01,-1.096096e-01,1.913367e-02,5.866416e-02,2.884615e-03,6.569292e+01,1.803621e+02,1.372601e+01,6.219239e+01,5.951489e+01,1.833303e-01,1.102555e+00
1.442000e+03,7.759060e+01,1.820592e+01,-1.180267e-01,1.321860e-01,4.225125e-01,1.416671e-01,-7.000000e-03,2.000000e-02,1.700883e-02,7.760000e+01,1.830000e+01,-1.096096e-01,9.398521e-03,9.408395e-02,8.417059e-03,6.570232e+01,1.804562e+02,1.373443e+01,6.219248e+01,5.952374e+01,1.834011e-01,1.103293e+00
1.443000e+03,7.758666e+01,1.836945e+01,-1.127775e-01,1.333889e-01,4.025125e-01,1.268561e-01,1.202851e-03,-2.000000e-02,-1.481095e-02,7.760000e+01,1.830000e+01,-1.096096e-01,1.334050e-02,-6.944954e-02,3.167903e-03,6.571566e+01,1.805256e+02,1.373759e+01,6.219266e+01,5.952856e+01,1.834111e-01,1.103914e+00
1.444000e+03,7.759084e+01,1.832137e+01,-1.197335e-01,1.275846e-01,3.825125e-01,1.456502e-01,-5.804276e-03,-2.000000e-02,1.879409e-02,7.760000e+01,1.830000e+01,-1.096096e-01,9.160599e-03,-2.136865e-02,1.012392e-02,6.572482e+01,1.805470e+02,1.374772e+01,6.219274e+01,5.952902e+01,1.835136e-01,1.104701e+00
1.445000e+03,7.759178e+01,1.808304e+01,-1.286472e-01,1.272887e-01,4.025125e-01,1.642607e-01,-2.958835e-04,2.000000e-02,1.861042e-02,7.760000e+01,1.830000e+01,-1.096096e-01,8.217379e-03,2.169552e-01,1.903759e-02,6.573304e+01,1.807639e+02,1.376675e+01,6.219281e+01,5.957609e+01,1.838761e-01,1.105448e+00
1.446000e+03,7.758485e+01,1.806374e+01,-1.213978e-01,1.342887e-01,4.225125e-01,1.432967e-01,7.000000e-03,2.000000e-02,-2.096398e-02,7.760000e+01,1.830000e+01,-1.096096e-01,1.514549e-02,2.362627e-01,1.178821e-02,6.574819e+01,1.810002e+02,1.377854e+01,6.219304e+01,5.963191e+01,1.840150e-01,1.106336e+00
1.447000e+03,7.758257e+01,1.824132e+01,-1.120524e-01,1.371481e-01,4.025125e-01,1.237675e-01,2.859384e-03,-2.000000e-02,-1.952921e-02,7.760000e+01,1.830000e+01,-1.096096e-01,1.743102e-02,5.867670e-02,2.442813e-03,6.576562e+01,1.810589e+02,1.378099e+01,6.219335e+01,5.963535e+01,1.840210e-01,1.107126e+00
1.448000e+03,7.759060e+01,1.820595e+01,-1.185413e-01,1.301481e-01,4.225125e-01,1.430788e-01,-7.000000e-03,2.000000e-02,1.931138e-02,7.760000e+01,1.830000e+01,-1.096096e-01,9.398767e-03,9.405107e-02,8.931656e-03,6.577502e+01,1.811529e+02,1.378992e+01,6.219343e+01,5.964420e+01,1.841008e-01,1.107948e+00
1.449000e+03,7.758461e+01,1.836948e+01,-1.133167e-01,1.358442e-01,4.025125e-01,1.279444e-01,5.696095e-03,-2.000000e-02,-1.513450e-02,7.760000e+01,1.830000e+01,-1.096096e-01,1.538664e-02,-6.947913e-02,3.707090e-03,6.579040e+01,1.812224e+02,1.379362e+01,6.219367e+01,5.964903e+01,1.841145e-01,1.108609e+00
1.450000e+03,7.759084e+01,1.832134e+01,-1.191137e-01,1.288442e-01,3.825125e-01,1.439470e-01,-7.000000e-03,-2.000000e-02,1.600268e-02,7.760000e+01,1.830000e+01,-1.096096e-01,9.157310e-03,-2.134220e-02,9.504112e-03,6.579956e+01,1.812438e+02,1.380313e+01,6.219375e+01,5.964948e+01,1.842048e-01,1.109314e+00
1.451000e+03,7.759318e+01,1.808302e+01,-1.283038e-01,1.256185e-01,4.025125e-01,1.636844e-01,-3.225702e-03,2.000000e-02,1.973738e-02,7.760000e+01,1.830000e+01,-1.096096e-01,6.824978e-03,2.169789e-01,1.869419e-02,6.580639e+01,1.814607e+02,1.382182e+01,6.219380e+01,5.969656e+01,1.845543e-01,1.110114e+00
1.452000e+03,7.758483e+01,1.806375e+01,-1.218216e-01,1.326185e-01,4.225125e-01,1.444512e-01,7.000000e-03,2.000000e-02,-1.923323e-02,7.760000e+01,1.830000e+01,-1.096096e-01,1.517181e-02,2.362480e-01,1.221202e-02,6.582156e+01,1.816970e+02,1.383403e+01,6.219403e+01,5.975238e+01,1.847034e-01,1.110933e+00
1.453000e+03,7.758087e+01,1.824134e+01,-1.124942e-01,1.391860e-01,4.025125e-01,1.246583e-01,6.567532e-03,-2.000000e-02,-1.979291e-02,7.760000e+01,1.830000e+01,-1.096096e-01,1.913367e-02,5.866416e-02,2.884615e-03,6.584069e+01,1.817556e+02,1.383692e+01,6.219440e+01,5.975582e+01,1.847118e-01,1.111768e+00
1.454000e+03,7.759060e+01,1.820592e+01,-1.180267e-01,1.321860e-01,4.225125e-01,1.416671e-01,-7.000000e-03,2.000000e-02,1.700883e-02,7.760000e+01,1.830000e+01,-1.096096e-01,9.398521e-03,9.408395e-02,8.417059e-03,6.585009e+01,1.818497e+02,1.384534e+01,6.219449e+01,5.976467e+01,1.847826e-01,1.112506e+00
1.455000e+03,7.758666e+01,1.836945e+01,-1.127775e-01,1.333889e-01,4.025125e-01,1.268561e-01,1.202851e-03,-2.000000e-02,-1.481095e-02,7.760000e+01,1.830000e+01,-1.096096e-01,1.334050e-02,-6.944954e-02,3.167903e-03,6.586343e+01,1.819192e+02,1.384850e+01,6.219466e+01,5.976949e+01,1.847926e-01,1.113127e+00
1.456000e+03,7.759084e+01,1.832137e+01,-1.197335e-01,1.275846e-01,3.825125e-01,1.456502e-01,-5.804276e-03,-2.000000e-02,1.879409e-02,7.760000e+01,1.830000e+01,-1.096096e-01,9.160599e-03,-2.136865e-02,1.012392e-02,6.587259e+01,1.819406e+02,1.385863e+01,6.219475e+01,5.976995e+01,1.848951e-01,1.113914e+00
1.457000e+03,7.759178e+01,1.808304e+01,-1.286472e-01,1.272887e-01,4.025125e-01,1.642607e-01,-2.958835e-04,2.000000e-02,1.861042e-02,7.760000e+01,1.830000e+01,-1.096096e-01,8.217379e-03,2.169552e-01,1.903759e-02,6.588081e+01,1.821575e+02,1.387767e+01,6.219482e+01,5.981702e+01,1.852576e-01,1.114660e+00
1.458000e+03,7.758485e+01,1.806374e+01,-1.213978e-01,1.342887e-01,4.225125e-01,1.432967e-01,7.000000e-03,2.000000e-02,-2.096398e-02,7.760000e+01,1.830000e+01,-1.096096e-01,1.514549e-02,2.362627e-01,1.178821e-02,6.589595e+01,1.823938e+02,1.388945e+01,6.219504e+01,5.987284e+01,1.853965e-01,1.115549e+00
1.459000e+03,7.758257e+01,1.824132e+01,-1.120524e-01,1.371481e-01,4.025125e-01,1.237675e-01,2.859384e-03,-2.000000e-02,-1.952921e-02,7.760000e+01,1.830000e+01,-1.096096e-01,1.743102e-02,5.867670e-02,2.442813e-03,6.591338e+01,1.824524e+02,1.389190e+01,6.219535e+01,5.987628e+01,1.854025e-01,1.116338e+00
1.460000e+03,7.759060e+01,1.820595e+01,-1.185413e-01,1.301481e-01,4.225125e-01,1.430788e-01,-7.000000e-03,2.000000e-02,1.931138e-02,7.760000e+01,1.830000e+01,-1.096096e-01,9.398767e-03,9.405107e-02,8.931656e-03,6.592278e+01,1.825465e+02,1.390083e+01,6.219544e+01,5.988513e+01,1.854823e-01,1.117160e+00
1.461000e+03,7.758461e+01,1.836948e+01,-1.133167e-01,1.358442e-01,4.025125e-01,1.279444e-01,5.696095e-03,-2.000000e-02,-1.513450e-02,7.760000e+01,1.830000e+01,-1.096096e-01,1.538664e-02,-6.947913e-02,3.707090e-03,6.593817e+01,1.826160e+02,1.390454e+01,6.219567e+01,5.988995e+01,1.854960e-01,1.117822e+00
1.462000e+03,7.759084e+01,1.832134e+01,-1.191137e-01,1.288442e-01,3.825125e-01,1.439470e-01,-7.000000e-03,-2.000000e-02,1.600268e-02,7.760000e+01,1.830000e+01,-1.096096e-01,9.157310e-03,-2.134220e-02,9.504112e-03,6.594733e+01,1.826373e+02,1.391404e+01,6.219576e+01,5.989041e+01,1.855863e-01,1.118527e+00
1.463000e+03,7.759318e+01,1.808302e+01,-1.283038e-01,1.256185e-01,4.025125e-01,1.636844e-01,-3.225702e-03,2.000000e-02,1.973738e-02,7.760000e+01,1.830000e+01,-1.096096e-01,6.824978e-03,2.169789e-01,1.869419e-02,6.595415e+01,1.828543e+02,1.393273e+01,6.219580e+01,5.993749e+01,1.859358e-01,1.119327e+00
1.464000e+03,7.758483e+01,1.806375e+01,-1.218216e-01,1.326185e-01,4.225125e-01,1.444512e-01,7.000000e-03,2.000000e-02,-1.923323e-02,7.760000e+01,1.830000e+01,-1.096096e-01,1.517181e-02,2.362480e-01,1.221202e-02,6.596932e+01,1.830905e+02,1.394495e+01,6.219603e+01,5.999330e+01,1.860850e-01,1.120146e+00
1.465000e+03,7.758087e+01,1.824134e+01,-1.124942e-01,1.391860e-01,4.025125e-01,1.246583e-01,6.567532e-03,-2.000000e-02,-1.979291e-02,7.760000e+01,1.830000e+01,-1.096096e-01,1.913367e-02,5.866416e-02,2.884615e-03,6.598846e+01,1.831492e+02,1.394783e+01,6.219640e+01,5.999674e+01,1.860933e-01,1.120981e+00
1.466000e+03,7.759060e+01,1.820592e+01,-1.180267e-01,1.321860e-01,4.225125e-01,1.416671e-01,-7.000000e-03,2.000000e-02,1.700883e-02,7.760000e+01,1.830000e+01,-1.096096e-01,9.398521e-03,9.408395e-02,8.417059e-03,6.599786e+01,1.832433e+02,1.395625e+01,6.219649e+01,6.000560e+01,1.861641e-01,1.121719e+00
1.467000e+03,7.758666e+01,1.836945e+01,-1.127775e-01,1.333889e-01,4.025125e-01,1.268561e-01,1.202851e-03,-2.000000e-02,-1.481095e-02,7.760000e+01,1.830000e+01,-1.096096e-01,1.334050e-02,-6.944954e-02,3.167903e-03,6.601120e+01,1.833127e+02,1.395942e+01,6.219667e+01,6.001042e+01,1.861742e-01,1.122340e+00
1.468000e+03,7.759084e+01,1.832137e+01,-1.197335e-01,1.275846e-01,3.825125e-01,1.456502e-01,-5.804276e-03,-2.000000e-02,1.879409e-02,7.760000e+01,1.830000e+01,-1.096096e-01,9.160599e-03,-2.136865e-02,1.012392e-02,6.602036e+01,1.833341e+02,1.396954e+01,6.219675e+01,6.001088e+01,1.862766e-01,1.123127e+00
1.469000e+03,7.759178e+01,1.808304e+01,-1.286472e-01,1.272887e-01,4.025125e-01,1.642607e-01,-2.958835e-04,2.000000e-02,1.861042e-02,7.760000e+01,1.830000e+01,-1.096096e-01,8.217379e-03,2.169552e-01,1.903759e-02,6.602857e+01,1.835511e+02,1.398858e+01,6.219682e+01,6.005794e+01,1.866391e-01,1.123873e+00
1.470000e+03,7.758485e+01,1.806374e+01,-1.213978e-01,1.342887e-01,4.225125e-01,1.432967e-01,7.000000e-03,2.000000e-02,-2.096398e-02,7.760000e+01,1.830000e+01,-1.096096e-01,1.514549e-02,2.362627e-01,1.178821e-02,6.604372e+01,1.837873e+02,1.400037e+01,6.219705e+01,6.011376e+01,1.867780e-01,1.124762e+00
1.471000e+03,7.758257e+01,1.824132e+01,-1.120524e-01,1.371481e-01,4.025125e-01,1.237675e-01,2.859384e-03,-2.000000e-02,-1.952921e-02,7.760000e+01,1.830000e+01,-1.096096e-01,1.743102e-02,5.867670e-02,2.442813e-03,6.606115e+01,1.838460e+02,1.400281e+01,6.219735e+01,6.011721e+01,1.867840e-01,1.125551e+00
1.472000e+03,7.759060e+01,1.820595e+01,-1.185413e-01,1.301481e-01,4.225125e-01,1.430788e-01,-7.000000e-03,2.000000e-02,1.931138e-02,7.760000e+01,1.830000e+01,-1.096096e-01,9.398767e-03,9.405107e-02,8.931656e-03,6.607055e+01,1.839401e+02,1.401174e+01,6.219744e+01,6.012605e+01,1.868638e-01,1.126373e+00
1.473000e+03,7.758461e+01,1.836948e+01,-1.133167e-01,1.358442e-01,4.025125e-01,1.279444e-01,5.696095e-03,-2.000000e-02,-1.513450e-02,7.760000e+01,1.830000e+01,-1.096096e-01,1.538664e-02,-6.947913e-02,3.707090e-03,6.608594e+01,1.840095e+02,1.401545e+01,6.219768e+01,6.013088e+01,1.868775e-01,1.127035e+00
1.474000e+03,7.759084e+01,1.832134e+01,-1.191137e-01,1.288442e-01,3.825125e-01,1.439470e-01,-7.000000e-03,-2.000000e-02,1.600268e-02,7.760000e+01,1.830000e+01,-1.096096e-01,9.157310e-03,-2.134220e-02,9.504112e-03,6.609509e+01,1.840309e+02,1.402495e+01,6.219776e+01,6.013134e+01,1.869679e-01,1.127740e+00
1.475000e+03,7.759318e+01,1.808302e+01,-1.283038e-01,1.256185e-01,4.025125e-01,1.636844e-01,-3.225702e-03,2.000000e-02,1.973738e-02,7.760000e+01,1.830000e+01,-1.096096e-01,6.824978e-03,2.169789e-01,1.869419e-02,6.610192e+01,1.842479e+02,1.404364e+01,6.219781e+01,6.017842e+01,1.873173e-01,1.128540e+00
1.476000e+03,7.758483e+01,1.806375e+01,-1.218216e-01,1.326185e-01,4.225125e-01,1.444512e-01,7.000000e-03,2.000000e-02,-1.923323e-02,7.760000e+01,1.830000e+01,-1.096096e-01,1.517181e-02,2.362480e-01,1.221202e-02,6.611709e+01,1.844841e+02,1.405586e+01,6.219804e+01,6.023423e+01,1.874665e-01,1.129359e+00
1.477000e+03,7.758087e+01,1.824134e+01,-1.124942e-01,1.391860e-01,4.025125e-01,1.246583e-01,6.567532e-03,-2.000000e-02,-1.979291e-02,7.760000e+01,1.830000e+01,-1.096096e-01,1.913367e-02,5.866416e-02,2.884615e-03,6.613622e+01,1.845428e+02,1.405874e+01,6.219840e+01,6.023767e+01,1.874748e-01,1.130194e+00
1.478000e+03,7.759060e+01,1.820592e+01,-1.180267e-01,1.321860e-01,4.225125e-01,1.416671e-01,-7.000000e-03,2.000000e-02,1.700883e-02,7.760000e+01,1.830000e+01,-1.096096e-01,9.398521e-03,9.408395e-02,8.417059e-03,6.614562e+01,1.846369e+02,1.406716e+01,6.219849e+01,6.024652e+01,1.875456e-01,1.130932e+00
1.479000e+03,7.758666e+01,1.836945e+01,-1.127775e-01,1.333889e-01,4.025125e-01,1.268561e-01,1.202851e-03,-2.000000e-02,-1.481095e-02,7.760000e+01,1.830000e+01,-1.096096e-01,1.334050e-02,-6.944954e-02,3.167903e-03,6.615896e+01,1.847063e+02,1.407033e+01,6.219867e+01,6.025135e+01,1.875557e-01,1.131553e+00
1.480000e+03,7.759084e+01,1.832137e+01,-1.197335e-01,1.275846e-01,3.825125e-01,1.456502e-01,-5.804276e-03,-2.000000e-02,1.879409e-02,7.760000e+01,1.830000e+01,-1.096096e-01,9.160599e-03,-2.136865e-02,1.012392e-02,6.616812e+01,1.847277e+02,1.408045e+01,6.219875e+01,6.025180e+01,1.876582e-01,1.132340e+00
1.481000e+03,7.759178e+01,1.808304e+01,-1.286472e-01,1.272887e-01,4.025125e-01,1.642607e-01,-2.958835e-04,2.000000e-02,1.861042e-02,7.760000e+01,1.830000e+01,-1.096096e-01,8.217379e-03,2.169552e-01,1.903759e-02,6.617634e+01,1.849446e+02,1.409949e+01,6.219882e+01,6.029887e+01,1.880206e-01,1.133086e+00
1.482000e+03,7.758485e+01,1.806374e+01,-1.213978e-01,1.342887e-01,4.225125e-01,1.432967e-01,7.000000e-03,2.000000e-02,-2.096398e-02,7.760000e+01,1.830000e+01,-1.096096e-01,1.514549e-02,2.362627e-01,1.178821e-02,6.619149e+01,1.851809e+02,1.411128e+01,6.219905e+01,6.035469e+01,1.881595e-01,1.133974e+00
1.483000e+03,7.758257e+01,1.824132e+01,-1.120524e-01,1.371481e-01,4.025125e-01,1.237675e-01,2.859384e-03,-2.000000e-02,-1.952921e-02,7.760000e+01,1.830000e+01,-1.096096e-01,1.743102e-02,5.867670e-02,2.442813e-03,6.620892e+01,1.852396e+02,1.411372e+01,6.219935e+01,6.035813e+01,1.881655e-01,1.134764e+00
1.484000e+03,7.759060e+01,1.820595e+01,-1.185413e-01,1.301481e-01,4.225125e-01,1.430788e-01,-7.000000e-03,2.000000e-02,1.931138e-02,7.760000e+01,1.830000e+01,-1.096096e-01,9.398767e-03,9.405107e-02,8.931656e-03,6.621832e+01,1.853336e+02,1.412265e+01,6.219944e+01,6.036698e+01,1.882453e-01,1.135586e+00
1.485000e+03,7.758461e+01,1.836948e+01,-1.133167e-01,1.358442e-01,4.025125e-01,1.279444e-01,5.696095e-03,-2.000000e-02,-1.513450e-02,7.760000e+01,1.830000e+01,-1.096096e-01,1.538664e-02,-6.947913e-02,3.707090e-03,6.623370e+01,1.854031e+02,1.412636e+01,6.219968e+01,6.037181e+01,1.882590e-01,1.136247e+00
1.486000e+03,7.759084e+01,1.832134e+01,-1.191137e-01,1.288442e-01,3.825125e-01,1.439470e-01,-7.000000e-03,-2.000000e-02,1.600268e-02,7.760000e+01,1.830000e+01,-1.096096e-01,9.157310e-03,-2.134220e-02,9.504112e-03,6.624286e+01,1.854244e+02,1.413586e+01,6.219976e+01,6.037226e+01,1.883494e-01,1.136953e+00
1.487000e+03,7.759318e+01,1.808302e+01,-1.283038e-01,1.256185e-01,4.025125e-01,1.636844e-01,-3.225702e-03,2.000000e-02,1.973738e-02,7.760000e+01,1.830000e+01,-1.096096e-01,6.824978e-03,2.169789e-01,1.869419e-02,6.624969e+01,1.856414e+02,1.415456e+01,6.219981e+01,6.041934e+01,1.886988e-01,1.137753e+00
1.488000e+03,7.758483e+01,1.806375e+01,-1.218216e-01,1.326185e-01,4.225125e-01,1.444512e-01,7.000000e-03,2.000000e-02,-1.923323e-02,7.760000e+01,1.830000e+01,-1.096096e-01,1.517181e-02,2.362480e-01,1.221202e-02,6.626486e+01,1.858777e+02,1.416677e+01,6.220004e+01,6.047516e+01,1.888480e-01,1.138571e+00
1.489000e+03,7.758087e+01,1.824134e+01,-1.124942e-01,1.391860e-01,4.025125e-01,1.246583e-01,6.567532e-03,-2.000000e-02,-1.979291e-02,7.760000e+01,1.830000e+01,-1.096096e-01,1.913367e-02,5.866416e-02,2.884615e-03,6.628399e+01,1.859363e+02,1.416965e+01,6.220041e+01,6.047860e+01,1.888563e-01,1.139406e+00
1.490000e+03,7.759060e+01,1.820592e+01,-1.180267e-01,1.321860e-01,4.225125e-01,1.416671e-01,-7.000000e-03,2.000000e-02,1.700883e-02,7.760000e+01,1.830000e+01,-1.096096e-01,9.398521e-03,9.408395e-02,8.417059e-03,6.629339e+01,1.860304e+02,1.417807e+01,6.220049e+01,6.048745e+01,1.889271e-01,1.140145e+00
1.491000e+03,7.758666e+01,1.836945e+01,-1.127775e-01,1.333889e-01,4.025125e-01,1.268561e-01,1.202851e-03,-2.000000e-02,-1.481095e-02,7.760000e+01,1.830000e+01,-1.096096e-01,1.334050e-02,-6.944954e-02,3.167903e-03,6.630673e+01,1.860999e+02,1.418124e+01,6.220067e+01,6.049227e+01,1.889372e-01,1.140765e+00
1.492000e+03,7.759084e+01,1.832137e+01,-1.197335e-01,1.275846e-01,3.825125e-01,1.456502e-01,-5.804276e-03,-2.000000e-02,1.879409e-02,7.760000e+01,1.830000e+01,-1.096096e-01,9.160599e-03,-2.136865e-02,1.012392e-02,6.631589e+01,1.861212e+02,1.419136e+01,6.220076e+01,6.049273e+01,1.890397e-01,1.141552e+00
1.493000e+03,7.759178e+01,1.808304e+01,-1.286472e-01,1.272887e-01,4.025125e-01,1.642607e-01,-2.958835e-04,2.000000e-02,1.861042e-02,7.760000e+01,1.830000e+01,-1.096096e-01,8.217379e-03,2.169552e-01,1.903759e-02,6.632411e+01,1.863382e+02,1.421040e+01,6.220082e+01,6.053980e+01,1.894021e-01,1.142299e+00
1.494000e+03,7.758485e+01,1.806374e+01,-1.213978e-01,1.342887e-01,4.225125e-01,1.432967e-01,7.000000e-03,2.000000e-02,-2.096398e-02,7.760000e+01,1.830000e+01,-1.096096e-01,1.514549e-02,2.362627e-01,1.178821e-02,6.633925e+01,1.865744e+02,1.422219e+01,6.220105e+01,6.059562e+01,1.895411e-01,1.143187e+00
1.495000e+03,7.758257e+01,1.824132e+01,-1.120524e-01,1.371481e-01,4.025125e-01,1.237675e-01,2.859384e-03,-2.000000e-02,-1.952921e-02,7.760000e+01,1.830000e+01,-1.096096e-01,1.743102e-02,5.867670e-02,2.442813e-03,6.635668e+01,1.866331e+02,1.422463e+01,6.220136e+01,6.059906e+01,1.895470e-01,1.143977e+00
1.496000e+03,7.759060e+01,1.820595e+01,-1.185413e-01,1.301481e-01,4.225125e-01,1.430788e-01,-7.000000e-03,2.000000e-02,1.931138e-02,7.760000e+01,1.830000e+01,-1.096096e-01,9.398767e-03,9.405107e-02,8.931656e-03,6.636608e+01,1.867272e+02,1.423356e+01,6.220144e+01,6.060791e+01,1.896268e-01,1.144799e+00
1.497000e+03,7.758461e+01,1.836948e+01,-1.133167e-01,1.358442e-01,4.025125e-01,1.279444e-01,5.696095e-03,-2.000000e-02,-1.513450e-02,7.760000e+01,1.830000e+01,-1.096096e-01,1.538664e-02,-6.947913e-02,3.707090e-03,6.638147e+01,1.867967e+02,1.423727e+01,6.220168e+01,6.061274e+01,1.896405e-01,1.145460e+00
1.498000e+03,7.759084e+01,1.832134e+01,-1.191137e-01,1.288442e-01,3.825125e-01,1.439470e-01,-7.000000e-03,-2.000000e-02,1.600268e-02,7.760000e+01,1.830000e+01,-1.096096e-01,9.157310e-03,-2.134220e-02,9.504112e-03,6.639063e+01,1.868180e+02,1.424677e+01,6.220177e+01,6.061319e+01,1.897309e-01,1.146165e+00
1.499000e+03,7.759318e+01,1.808302e+01,-1.283038e-01,1.256185e-01,4.025125e-01,1.636844e-01,-3.225702e-03,2.000000e-02,1.973738e-02,7.760000e+01,1.830000e+01,-1.096096e-01,6.824978e-03,2.169789e-01,1.869419e-02,6.639745e+01,1.870350e+02,1.426547e+01,6.220181e+01,6.066027e+01,1.900803e-01,1.146965e+00
1.500000e+03,7.758483e+01,1.806375e+01,-1.218216e-01,1.326185e-01,4.225125e-01,1.444512e-01,7.000000e-03,2.000000e-02,-1.923323e-02,7.760000e+01,1.830000e+01,-1.096096e-01,1.517181e-02,2.362480e-01,1.221202e-02,6.641262e+01,1.872712e+02,1.427768e+01,6.220204e+01,6.071608e+01,1.902295e-01,1.147784e+00
1.501000e+03,7.758087e+01,1.824134e+01,-1.124942e-01,1.391860e-01,4.025125e-01,1.246583e-01,6.567532e-03,-2.000000e-02,-1.979291e-02,7.760000e+01,1.830000e+01,-1.096096e-01,1.913367e-02,5.866416e-02,2.884615e-03,6.643176e+01,1.873299e+02,1.428056e+01,6.220241e+01,6.071952e+01,1.902378e-01,1.148619e+00
1.502000e+03,7.759060e+01,1.820592e+01,-1.180267e-01,1.321860e-01,4.225125e-01,1.416671e-01,-7.000000e-03,2.000000e-02,1.700883e-02,7.760000e+01,1.830000e+01,-1.096096e-01,9.398521e-03,9.408395e-02,8.417059e-03,6.644116e+01,1.874240e+02,1.428898e+01,6.220250e+01,6.072838e+01,1.903086e-01,1.149357e+00
1.503000e+03,7.758666e+01,1.836945e+01,-1.127775e-01,1.333889e-01,4.025125e-01,1.268561e-01,1.202851e-03,-2.000000e-02,-1.481095e-02,7.760000e+01,1.830000e+01,-1.096096e-01,1.334050e-02,-6.944954e-02,3.167903e-03,6.645450e+01,1.874934e+02,1.429215e+01,6.220267e+01,6.073320e+01,1.903187e-01,1.149978e+00
1.504000e+03,7.759084e+01,1.832137e+01,-1.197335e-01,1.275846e-01,3.825125e-01,1.456502e-01,-5.804276e-03,-2.000000e-02,1.879409e-02,7.760000e+01,1.830000e+01,-1.096096e-01,9.160599e-03,-2.136865e-02,1.012392e-02,6.646366e+01,1.875148e+02,1.430227e+01,6.220276e+01,6.073366e+01,1.904212e-01,1.150765e+00
1.505000e+03,7.759178e+01,1.808304e+01,-1.286472e-01,1.272887e-01,4.025125e-01,1.642607e-01,-2.958835e-04,2.000000e-02,1.861042e-02,7.760000e+01,1.830000e+01,-1.096096e-01,8.217379e-03,2.169552e-01,1.903759e-02,6.647187e+01,1.877317e+02,1.432131e+01,6.220283e+01,6.078073e+01,1.907836e-01,1.151512e+00
1.506000e+03,7.758485e+01,1.806374e+01,-1.213978e-01,1.342887e-01,4.225125e-01,1.432967e-01,7.000000e-03,2.000000e-02,-2.096398e-02,7.760000e+01,1.830000e+01,-1.096096e-01,1.514549e-02,2.362627e-01,1.178821e-02,6.648702e+01,1.879680e+02,1.433310e+01,6.220306e+01,6.083655e+01,1.909226e-01,1.152400e+00
1.507000e+03,7.758257e+01,1.824132e+01,-1.120524e-01,1.371481e-01,4.025125e-01,1.237675e-01,2.859384e-03,-2.000000e-02,-1.952921e-02,7.760000e+01,1.830000e+01,-1.096096e-01,1.743102e-02,5.867670e-02,2.442813e-03,6.650445e+01,1.880267e+02,1.433554e+01,6.220336e+01,6.083999e+01,1.909285e-01,1.153190e+00
1.508000e+03,7.759060e+01,1.820595e+01,-1.185413e-01,1.301481e-01,4.225125e-01,1.430788e-01,-7.000000e-03,2.000000e-02,1.931138e-02,7.760000e+01,1.830000e+01,-1.096096e-01,9.398767e-03,9.405107e-02,8.931656e-03,6.651385e+01,1.881207e+02,1.434447e+01,6.220345e+01,6.084883e+01,1.910083e-01,1.154012e+00
1.509000e+03,7.758461e+01,1.836948e+01,-1.133167e-01,1.358442e-01,4.025125e-01,1.279444e-01,5.696095e-03,-2.000000e-02,-1.513450e-02,7.760000e+01,1.830000e+01,-1.096096e-01,1.538664e-02,-6.947913e-02,3.707090e-03,6.652924e+01,1.881902e+02,1.434818e+01,6.220368e+01,6.085366e+01,1.910220e-01,1.154673e+00
1.510000e+03,7.759084e+01,1.832134e+01,-1.191137e-01,1.288442e-01,3.825125e-01,1.439470e-01,-7.000000e-03,-2.000000e-02,1.600268e-02,7.760000e+01,1.830000e+01,-1.096096e-01,9.157310e-03,-2.134220e-02,9.504112e-03,6.653839e+01,1.882116e+02,1.435768e+01,6.220377e+01,6.085412e+01,1.911124e-01,1.155378e+00
1.511000e+03,7.759318e+01,1.808302e+01,-1.283038e-01,1.256185e-01,4.025125e-01,1.636844e-01,-3.225702e-03,2.000000e-02,1.973738e-02,7.760000e+01,1.830000e+01,-1.096096e-01,6.824978e-03,2.169789e-01,1.869419e-02,6.654522e+01,1.884285e+02,1.437638e+01,6.220381e+01,6.090120e+01,1.914618e-01,1.156178e+00
1.512000e+03,7.758483e+01,1.806375e+01,-1.218216e-01,1.326185e-01,4.225125e-01,1.444512e-01,7.000000e-03,2.000000e-02,-1.923323e-02,7.760000e+01,1.830000e+01,-1.096096e-01,1.517181e-02,2.362480e-01,1.221202e-02,6.656039e+01,1.886648e+02,1.438859e+01,6.220405e+01,6.095701e+01,1.916110e-01,1.156997e+00
1.513000e+03,7.758087e+01,1.824134e+01,-1.124942e-01,1.391860e-01,4.025125e-01,1.246583e-01,6.567532e-03,-2.000000e-02,-1.979291e-02,7.760000e+01,1.830000e+01,-1.096096e-01,1.913367e-02,5.866416e-02,2.884615e-03,6.657952e+01,1.887234e+02,1.439148e+01,6.220441e+01,6.096045e+01,1.916193e-01,1.157832e+00
1.514000e+03,7.759060e+01,1.820592e+01,-1.180267e-01,1.321860e-01,4.225125e-01,1.416671e-01,-7.000000e-03,2.000000e-02,1.700883e-02,7.760000e+01,1.830000e+01,-1.096096e-01,9.398521e-03,9.408395e-02,8.417059e-03,6.658892e+01,1.888175e+02,1.439989e+01,6.220450e+01,6.096930e+01,1.916901e-01,1.158570e+00
1.515000e+03,7.758666e+01,1.836945e+01,-1.127775e-01,1.333889e-01,4.025125e-01,1.268561e-01,1.202851e-03,-2.000000e-02,-1.481095e-02,7.760000e+01,1.830000e+01,-1.096096e-01,1.334050e-02,-6.944954e-02,3.167903e-03,6.660226e+01,1.888870e+02,1.440306e+01,6.220468e+01,6.097413e+01,1.917002e-01,1.159191e+00
1.516000e+03,7.759084e+01,1.832137e+01,-1.197335e-01,1.275846e-01,3.825125e-01,1.456502e-01,-5.804276e-03,-2.000000e-02,1.879409e-02,7.760000e+01,1.830000e+01,-1.096096e-01,9.160599e-03,-2.136865e-02,1.012392e-02,6.661142e+01,1.889084e+02,1.441318e+01,6.220476e+01,6.097458e+01,1.918027e-01,1.159978e+00
1.517000e+03,7.759178e+01,1.808304e+01,-1.286472e-01,1.272887e-01,4.025125e-01,1.642607e-01,-2.958835e-04,2.000000e-02,1.861042e-02,7.760000e+01,1.830000e+01,-1.096096e-01,8.217379e-03,2.169552e-01,1.903759e-02,6.661964e+01,1.891253e+02,1.443222e+01,6.220483e+01,6.102165e+01,1.921651e-01,1.160724e+00
1.518000e+03,7.758485e+01,1.806374e+01,-1.213978e-01,1.342887e-01,4.225125e-01,1.432967e-01,7.000000e-03,2.000000e-02,-2.096398e-02,7.760000e+01,1.830000e+01,-1.096096e-01,1.514549e-02,2.362627e-01,1.178821e-02,6.663479e+01,1.893616e+02,1.444401e+01,6.220506e+01,6.107747e+01,1.923041e-01,1.161613e+00
1.519000e+03,7.758257e+01,1.824132e+01,-1.120524e-01,1.371481e-01,4.025125e-01,1.237675e-01,2.859384e-03,-2.000000e-02,-1.952921e-02,7.760000e+01,1.830000e+01,-1.096096e-01,1.743102e-02,5.867670e-02,2.442813e-03,6.665222e+01,1.894202e+02,1.444645e+01,6.220536e+01,6.108092e+01,1.923100e-01,1.162402e+00
1.520000e+03,7.759060e+01,1.820595e+01,-1.185413e-01,1.301481e-01,4.225125e-01,1.430788e-01,-7.000000e-03,2.000000e-02,1.931138e-02,7.760000e+01,1.830000e+01,-1.096096e-01,9.398767e-03,9.405107e-02,8.931656e-03,6.666162e+01,1.895143e+02,1.445538e+01,6.220545e+01,6.108976e+01,1.923898e-01,1.163224e+00
1.521000e+03,7.758461e+01,1.836948e+01,-1.133167e-01,1.358442e-01,4.025125e-01,1.279444e-01,5.696095e-03,-2.000000e-02,-1.513450e-02,7.760000e+01,1.830000e+01,-1.096096e-01,1.538664e-02,-6.947913e-02,3.707090e-03,6.667700e+01,1.895838e+02,1.445909e+01,6.220569e+01,6.109459e+01,1.924036e-01,1.163886e+00
1.522000e+03,7.759084e+01,1.832134e+01,-1.191137e-01,1.288442e-01,3.825125e-01,1.439470e-01,-7.000000e-03,-2.000000e-02,1.600268e-02,7.760000e+01,1.830000e+01,-1.096096e-01,9.157310e-03,-2.134220e-02,9.504112e-03,6.668616e+01,1.896051e+02,1.446860e+01,6.220577e+01,6.109504e+01,1.924939e-01,1.164591e+00
1.523000e+03,7.759318e+01,1.808302e+01,-1.283038e-01,1.256185e-01,4.025125e-01,1.636844e-01,-3.225702e-03,2.000000e-02,1.973738e-02,7.760000e+01,1.830000e+01,-1.096096e-01,6.824978e-03,2.169789e-01,1.869419e-02,6.669299e+01,1.898221e+02,1.448729e+01,6.220582e+01,6.114212e+01,1.928434e-01,1.165391e+00
1.524000e+03,7.758483e+01,1.806375e+01,-1.218216e-01,1.326185e-01,4.225125e-01,1.444512e-01,7.000000e-03,2.000000e-02,-1.923323e-02,7.760000e+01,1.830000e+01,-1.096096e-01,1.517181e-02,2.362480e-01,1.221202e-02,6.670816e+01,1.900583e+02,1.449950e+01,6.220605e+01,6.119794e+01,1.929925e-01,1.166210e+00
1.525000e+03,7.758087e+01,1.824134e+01,-1.124942e-01,1.391860e-01,4.025125e-01,1.246583e-01,6.567532e-03,-2.000000e-02,-1.979291e-02,7.760000e+01,1.830000e+01,-1.096096e-01,1.913367e-02,5.866416e-02,2.884615e-03,6.672729e+01,1.901170e+02,1.450239e+01,6.220641e+01,6.120138e+01,1.930008e-01,1.167045e+00
1.526000e+03,7.759060e+01,1.820592e+01,-1.180267e-01,1.321860e-01,4.225125e-01,1.416671e-01,-7.000000e-03,2.000000e-02,1.700883e-02,7.760000e+01,1.830000e+01,-1.096096e-01,9.398521e-03,9.408395e-02,8.417059e-03,6.673669e+01,1.902111e+02,1.451080e+01,6.220650e+01,6.121023e+01,1.930717e-01,1.167783e+00
1.527000e+03,7.758666e+01,1.836945e+01,-1.127775e-01,1.333889e-01,4.025125e-01,1.268561e-01,1.202851e-03,-2.000000e-02,-1.481095e-02,7.760000e+01,1.830000e+01,-1.096096e-01,1.334050e-02,-6.944954e-02,3.167903e-03,6.675003e+01,1.902805e+02,1.451397e+01,6.220668e+01,6.121505e+01,1.930817e-01,1.168404e+00
1.528000e+03,7.759084e+01,1.832137e+01,-1.197335e-01,1.275846e-01,3.825125e-01,1.456502e-01,-5.804276e-03,-2.000000e-02,1.879409e-02,7.760000e+01,1.830000e+01,-1.096096e-01,9.160599e-03,-2.136865e-02,1.012392e-02,6.675919e+01,1.903019e+02,1.452410e+01,6.220676e+01,6.121551e+01,1.931842e-01,1.169191e+00
1.529000e+03,7.759178e+01,1.808304e+01,-1.286472e-01,1.272887e-01,4.025125e-01,1.642607e-01,-2.958835e-04,2.000000e-02,1.861042e-02,7.760000e+01,1.830000e+01,-1.096096e-01,8.217379e-03,2.169552e-01,1.903759e-02,6.676741e+01,1.905189e+02,1.454313e+01,6.220683e+01,6.126258e+01,1.935466e-01,1.169937e+00
1.530000e+03,7.758485e+01,1.806374e+01,-1.213978e-01,1.342887e-01,4.225125e-01,1.432967e-01,7.000000e-03,2.000000e-02,-2.096398e-02,7.760000e+01,1.830000e+01,-1.096096e-01,1.514549e-02,2.362627e-01,1.178821e-02,6.678255e+01,1.907551e+02,1.455492e+01,6.220706e+01,6.131840e+01,1.936856e-01,1.170826e+00
1.531000e+03,7.758257e+01,1.824132e+01,-1.120524e-01,1.371481e-01,4.025125e-01,1.237675e-01,2.859384e-03,-2.000000e-02,-1.952921e-02,7.760000e+01,1.830000e+01,-1.096096e-01,1.743102e-02,5.867670e-02,2.442813e-03,6.679998e+01,1.908138e+02,1.455736e+01,6.220736e+01,6.132184e+01,1.936915e-01,1.171615e+00
1.532000e+03,7.759060e+01,1.820595e+01,-1.185413e-01,1.301481e-01,4.225125e-01,1.430788e-01,-7.000000e-03,2.000000e-02,1.931138e-02,7.760000e+01,1.830000e+01,-1.096096e-01,9.398767e-03,9.405107e-02,8.931656e-03,6.680938e+01,1.909079e+02,1.456630e+01,6.220745e+01,6.133069e+01,1.937713e-01,1.172437e+00
1.533000e+03,7.758461e+01,1.836948e+01,-1.133167e-01,1.358442e-01,4.025125e-01,1.279444e-01,5.696095e-03,-2.000000e-02,-1.513450e-02,7.760000e+01,1.830000e+01,-1.096096e-01,1.538664e-02,-6.947913e-02,3.707090e-03,6.682477e+01,1.909773e+02,1.457000e+01,6.220769e+01,6.133552e+01,1.937851e-01,1.173099e+00
1.534000e+03,7.759084e+01,1.832134e+01,-1.191137e-01,1.288442e-01,3.825125e-01,1.439470e-01,-7.000000e-03,-2.000000e-02,1.600268e-02,7.760000e+01,1.830000e+01,-1.096096e-01,9.157310e-03,-2.134220e-02,9.504112e-03,6.683393e+01,1.909987e+02,1.457951e+01,6.220777e+01,6.133597e+01,1.938754e-01,1.173804e+00
1.535000e+03,7.759318e+01,1.808302e+01,-1.283038e-01,1.256185e-01,4.025125e-01,1.636844e-01,-3.225702e-03,2.000000e-02,1.973738e-02,7.760000e+01,1.830000e+01,-1.096096e-01,6.824978e-03,2.169789e-01,1.869419e-02,6.684075e+01,1.912157e+02,1.459820e+01,6.220782e+01,6.138305e+01,1.942249e-01,1.174604e+00
1.536000e+03,7.758483e+01,1.806375e+01,-1.218216e-01,1.326185e-01,4.225125e-01,1.444512e-01,7.000000e-03,2.000000e-02,-1.923323e-02,7.760000e+01,1.830000e+01,-1.096096e-01,1.517181e-02,2.362480e-01,1.221202e-02,6.685592e+01,1.914519e+02,1.461041e+01,6.220805e+01,6.143886e+01,1.943740e-01,1.175423e+00
1.537000e+03,7.758087e+01,1.824134e+01,-1.124942e-01,1.391860e-01,4.025125e-01,1.246583e-01,6.567532e-03,-2.000000e-02,-1.979291e-02,7.760000e+01,1.830000e+01,-1.096096e-01,1.913367e-02,5.866416e-02,2.884615e-03,6.687506e+01,1.915106e+02,1.461330e+01,6.220842e+01,6.144231e+01,1.943823e-01,1.176258e+00
1.538000e+03,7.759060e+01,1.820592e+01,-1.180267e-01,1.321860e-01,4.225125e-01,1.416671e-01,-7.000000e-03,2.000000e-02,1.700883e-02,7.760000e+01,1.830000e+01,-1.096096e-01,9.398521e-03,9.408395e-02,8.417059e-03,6.688446e+01,1.916047e+02,1.462171e+01,6.220851e+01,6.145116e+01,1.944532e-01,1.176996e+00
1.539000e+03,7.758666e+01,1.836945e+01,-1.127775e-01,1.333889e-01,4.025125e-01,1.268561e-01,1.202851e-03,-2.000000e-02,-1.481095e-02,7.760000e+01,1.830000e+01,-1.096096e-01,1.334050e-02,-6.944954e-02,3.167903e-03,6.689780e+01,1.916741e+02,1.462488e+01,6.220868e+01,6.145598e+01,1.944632e-01,1.177617e+00
1.540000e+03,7.759084e+01,1.832137e+01,-1.197335e-01,1.275846e-01,3.825125e-01,1.456502e-01,-5.804276e-03,-2.000000e-02,1.879409e-02,7.760000e+01,1.830000e+01,-1.096096e-01,9.160599e-03,-2.136865e-02,1.012392e-02,6.690696e+01,1.916955e+02,1.463501e+01,6.220877e+01,6.145644e+01,1.945657e-01,1.178404e+00
1.541000e+03,7.759178e+01,1.808304e+01,-1.286472e-01,1.272887e-01,4.025125e-01,1.642607e-01,-2.958835e-04,2.000000e-02,1.861042e-02,7.760000e+01,1.830000e+01,-1.096096e-01,8.217379e-03,2.169552e-01,1.903759e-02,6.691517e+01,1.919124e+02,1.465404e+01,6.220883e+01,6.150351e+01,1.949281e-01,1.179150e+00
1.542000e+03,7.758485e+01,1.806374e+01,-1.213978e-01,1.342887e-01,4.225125e-01,1.432967e-01,7.000000e-03,2.000000e-02,-2.096398e-02,7.760000e+01,1.830000e+01,-1.096096e-01,1.514549e-02,2.362627e-01,1.178821e-02,6.693032e+01,1.921487e+02,1.466583e+01,6.220906e+01,6.155933e+01,1.950671e-01,1.180038e+00
1.543000e+03,7.758257e+01,1.824132e+01,-1.120524e-01,1.371481e-01,4.025125e-01,1.237675e-01,2.859384e-03,-2.000000e-02,-1.952921e-02,7.760000e+01,1.830000e+01,-1.096096e-01,1.743102e-02,5.867670e-02,2.442813e-03,6.694775e+01,1.922074e+02,1.466827e+01,6.220937e+01,6.156277e+01,1.950731e-01,1.180828e+00
1.544000e+03,7.759060e+01,1.820595e+01,-1.185413e-01,1.301481e-01,4.225125e-01,1.430788e-01,-7.000000e-03,2.000000e-02,1.931138e-02,7.760000e+01,1.830000e+01,-1.096096e-01,9.398767e-03,9.405107e-02,8.931656e-03,6.695715e+01,1.923014e+02,1.467721e+01,6.220946e+01,6.157162e+01,1.951528e-01,1.181650e+00
1.545000e+03,7.758461e+01,1.836948e+01,-1.133167e-01,1.358442e-01,4.025125e-01,1.279444e-01,5.696095e-03,-2.000000e-02,-1.513450e-02,7.760000e+01,1.830000e+01,-1.096096e-01,1.538664e-02,-6.947913e-02,3.707090e-03,6.697254e+01,1.923709e+02,1.468091e+01,6.220969e+01,6.157644e+01,1.951666e-01,1.182311e+00
1.546000e+03,7.759084e+01,1.832134e+01,-1.191137e-01,1.288442e-01,3.825125e-01,1.439470e-01,-7.000000e-03,-2.000000e-02,1.600268e-02,7.760000e+01,1.830000e+01,-1.096096e-01,9.157310e-03,-2.134220e-02,9.504112e-03,6.698169e+01,1.923922e+02,1.469042e+01,6.220978e+01,6.157690e+01,1.952569e-01,1.183017e+00
1.547000e+03,7.759318e+01,1.808302e+01,-1.283038e-01,1.256185e-01,4.025125e-01,1.636844e-01,-3.225702e-03,2.000000e-02,1.973738e-02,7.760000e+01,1.830000e+01,-1.096096e-01,6.824978e-03,2.169789e-01,1.869419e-02,6.698852e+01,1.926092e+02,1.470911e+01,6.220982e+01,6.162398e+01,1.956064e-01,1.183817e+00
1.548000e+03,7.758483e+01,1.806375e+01,-1.218216e-01,1.326185e-01,4.225125e-01,1.444512e-01,7.000000e-03,2.000000e-02,-1.923323e-02,7.760000e+01,1.830000e+01,-1.096096e-01,1.517181e-02,2.362480e-01,1.221202e-02,6.700369e+01,1.928455e+02,1.472132e+01,6.221005e+01,6.167979e+01,1.957555e-01,1.184635e+00
1.549000e+03,7.758087e+01,1.824134e+01,-1.124942e-01,1.391860e-01,4.025125e-01,1.246583e-01,6.567532e-03,-2.000000e-02,-1.979291e-02,7.760000e+01,1.830000e+01,-1.096096e-01,1.913367e-02,5.866416e-02,2.884615e-03,6.702282e+01,1.929041e+02,1.472421e+01,6.221042e+01,6.168323e+01,1.957638e-01,1.185470e+00
1.550000e+03,7.759060e+01,1.820592e+01,-1.180267e-01,1.321860e-01,4.225125e-01,1.416671e-01,-7.000000e-03,2.000000e-02,1.700883e-02,7.760000e+01,1.830000e+01,-1.096096e-01,9.398521e-03,9.408395e-02,8.417059e-03,6.703222e+01,1.929982e+02,1.473263e+01,6.221051e+01,6.169209e+01,1.958347e-01,1.186209e+00
1.551000e+03,7.758666e+01,1.836945e+01,-1.127775e-01,1.333889e-01,4.025125e-01,1.268561e-01,1.202851e-03,-2.000000e-02,-1.481095e-02,7.760000e+01,1.830000e+01,-1.096096e-01,1.334050e-02,-6.944954e-02,3.167903e-03,6.704556e+01,1.930677e+02,1.473579e+01,6.221069e+01,6.169691e+01,1.958447e-01,1.186829e+00
1.552000e+03,7.759084e+01,1.832137e+01,-1.197335e-01,1.275846e-01,3.825125e-01,1.456502e-01,-5.804276e-03,-2.000000e-02,1.879409e-02,7.760000e+01,1.830000e+01,-1.096096e-01,9.160599e-03,-2.136865e-02,1.012392e-02,6.705472e+01,1.930890e+02,1.474592e+01,6.221077e+01,6.169737e+01,1.959472e-01,1.187616e+00
1.553000e+03,7.759178e+01,1.808304e+01,-1.286472e-01,1.272887e-01,4.025125e-01,1.642607e-01,-2.958835e-04,2.000000e-02,1.861042e-02,7.760000e+01,1.830000e+01,-1.096096e-01,8.217379e-03,2.169552e-01,1.903759e-02,6.706294e+01,1.933060e+02,1.476496e+01,6.221084e+01,6.174443e+01,1.963096e-01,1.188363e+00
1.554000e+03,7.758485e+01,1.806374e+01,-1.213978e-01,1.342887e-01,4.225125e-01,1.432967e-01,7.000000e-03,2.000000e-02,-2.096398e-02,7.760000e+01,1.830000e+01,-1.096096e-01,1.514549e-02,2.362627e-01,1.178821e-02,6.707809e+01,1.935423e+02,1.477674e+01,6.221107e+01,6.180025e+01,1.964486e-01,1.189251e+00
1.555000e+03,7.758257e+01,1.824132e+01,-1.120524e-01,1.371481e-01,4.025125e-01,1.237675e-01,2.859384e-03,-2.000000e-02,-1.952921e-02,7.760000e+01,1.830000e+01,-1.096096e-01,1.743102e-02,5.867670e-02,2.442813e-03,6.709552e+01,1.936009e+02,1.477919e+01,6.221137e+01,6.180370e+01,1.964546e-01,1.190041e+00
1.556000e+03,7.759060e+01,1.820595e+01,-1.185413e-01,1.301481e-01,4.225125e-01,1.430788e-01,-7.000000e-03,2.000000e-02,1.931138e-02,7.760000e+01,1.830000e+01,-1.096096e-01,9.398767e-03,9.405107e-02,8.931656e-03,6.710492e+01,1.936950e+02,1.478812e+01,6.221146e+01,6.181254e+01,1.965343e-01,1.190863e+00
1.557000e+03,7.758461e+01,1.836948e+01,-1.133167e-01,1.358442e-01,4.025125e-01,1.279444e-01,5.696095e-03,-2.000000e-02,-1.513450e-02,7.760000e+01,1.830000e+01,-1.096096e-01,1.538664e-02,-6.947913e-02,3.707090e-03,6.712030e+01,1.937645e+02,1.479182e+01,6.221170e+01,6.181737e+01,1.965481e-01,1.191524e+00
1.558000e+03,7.759084e+01,1.832134e+01,-1.191137e-01,1.288442e-01,3.825125e-01,1.439470e-01,-7.000000e-03,-2.000000e-02,1.600268e-02,7.760000e+01,1.830000e+01,-1.096096e-01,9.157310e-03,-2.134220e-02,9.504112e-03,6.712946e+01,1.937858e+02,1.480133e+01,6.221178e+01,6.181783e+01,1.966384e-01,1.192229e+00
1.559000e+03,7.759318e+01,1.808302e+01,-1.283038e-01,1.256185e-01,4.025125e-01,1.636844e-01,-3.225702e-03,2.000000e-02,1.973738e-02,7.760000e+01,1.830000e+01,-1.096096e-01,6.824978e-03,2.169789e-01,1.869419e-02,6.713629e+01,1.940028e+02,1.482002e+01,6.221183e+01,6.186491e+01,1.969879e-01,1.193029e+00
1.560000e+03,7.758483e+01,1.806375e+01,-1.218216e-01,1.326185e-01,4.225125e-01,1.444512e-01,7.000000e-03,2.000000e-02,-1.923323e-02,7.760000e+01,1.830000e+01,-1.096096e-01,1.517181e-02,2.362480e-01,1.221202e-02,6.715146e+01,1.942390e+02,1.483224e+01,6.221206e+01,6.192072e+01,1.971370e-01,1.193848e+00
1.561000e+03,7.758087e+01,1.824134e+01,-1.124942e-01,1.391860e-01,4.025125e-01,1.246583e-01,6.567532e-03,-2.000000e-02,-1.979291e-02,7.760000e+01,1.830000e+01,-1.096096e-01,1.913367e-02,5.866416e-02,2.884615e-03,6.717059e+01,1.942977e+02,1.483512e+01,6.221242e+01,6.192416e+01,1.971453e-01,1.194683e+00
1.562000e+03,7.759060e+01,1.820592e+01,-1.180267e-01,1.321860e-01,4.225125e-01,1.416671e-01,-7.000000e-03,2.000000e-02,1.700883e-02,7.760000e+01,1.830000e+01,-1.096096e-01,9.398521e-03,9.408395e-02,8.417059e-03,6.717999e+01,1.943918e+02,1.484354e+01,6.221251e+01,6.193301e+01,1.972162e-01,1.195421e+00
1.563000e+03,7.758666e+01,1.836945e+01,-1.127775e-01,1.333889e-01,4.025125e-01,1.268561e-01,1.202851e-03,-2.000000e-02,-1.481095e-02,7.760000e+01,1.830000e+01,-1.096096e-01,1.334050e-02,-6.944954e-02,3.167903e-03,6.719333e+01,1.944612e+02,1.484670e+01,6.221269e+01,6.193784e+01,1.972262e-01,1.196042e+00
1.564000e+03,7.759084e+01,1.832137e+01,-1.197335e-01,1.275846e-01,3.825125e-01,1.456502e-01,-5.804276e-03,-2.000000e-02,1.879409e-02,7.760000e+01,1.830000e+01,-1.096096e-01,9.160599e-03,-2.136865e-02,1.012392e-02,6.720249e+01,1.944826e+02,1.485683e+01,6.221277e+01,6.193829e+01,1.973287e-01,1.196829e+00
1.565000e+03,7.759178e+01,1.808304e+01,-1.286472e-01,1.272887e-01,4.025125e-01,1.642607e-01,-2.958835e-04,2.000000e-02,1.861042e-02,7.760000e+01,1.830000e+01,-1.096096e-01,8.217379e-03,2.169552e-01,1.903759e-02,6.721071e+01,1.946995e+02,1.487587e+01,6.221284e+01,6.198536e+01,1.976911e-01,1.197576e+00
1.566000e+03,7.758485e+01,1.806374e+01,-1.213978e-01,1.342887e-01,4.225125e-01,1.432967e-01,7.000000e-03,2.000000e-02,-2.096398e-02,7.760000e+01,1.830000e+01,-1.096096e-01,1.514549e-02,2.362627e-01,1.178821e-02,6.722585e+01,1.949358e+02,1.488765e+01,6.221307e+01,6.204118e+01,1.978301e-01,1.198464e+00
1.567000e+03,7.758257e+01,1.824132e+01,-1.120524e-01,1.371481e-01,4.025125e-01,1.237675e-01,2.859384e-03,-2.000000e-02,-1.952921e-02,7.760000e+01,1.830000e+01,-1.096096e-01,1.743102e-02,5.867670e-02,2.442813e-03,6.724328e+01,1.949945e+02,1.489010e+01,6.221337e+01,6.204462e+01,1.978361e-01,1.199254e+00
1.568000e+03,7.759060e+01,1.820595e+01,-1.185413e-01,1.301481e-01,4.225125e-01,1.430788e-01,-7.000000e-03,2.000000e-02,1.931138e-02,7.760000e+01,1.830000e+01,-1.096096e-01,9.398767e-03,9.405107e-02,8.931656e-03,6.725268e+01,1.950885e+02,1.489903e+01,6.221346e+01,6.205347e+01,1.979158e-01,1.200076e+00
1.569000e+03,7.758461e+01,1.836948e+01,-1.133167e-01,1.358442e-01,4.025125e-01,1.279444e-01,5.696095e-03,-2.000000e-02,-1.513450e-02,7.760000e+01,1.830000e+01,-1.096096e-01,1.538664e-02,-6.947913e-02,3.707090e-03,6.726807e+01,1.951580e+02,1.490274e+01,6.221370e+01,6.205830e+01,1.979296e-01,1.200737e+00
1.570000e+03,7.759084e+01,1.832134e+01,-1.191137e-01,1.288442e-01,3.825125e-01,1.439470e-01,-7.000000e-03,-2.000000e-02,1.600268e-02,7.760000e+01,1.830000e+01,-1.096096e-01,9.157310e-03,-2.134220e-02,9.504112e-03,6.727723e+01,1.951794e+02,1.491224e+01,6.221378e+01,6.205875e+01,1.980199e-01,1.201442e+00
1.571000e+03,7.759318e+01,1.808302e+01,-1.283038e-01,1.256185e-01,4.025125e-01,1.636844e-01,-3.225702e-03,2.000000e-02,1.973738e-02,7.760000e+01,1.830000e+01,-1.096096e-01,6.824978e-03,2.169789e-01,1.869419e-02,6.728405e+01,1.953963e+02,1.493093e+01,6.221383e+01,6.210583e+01,1.983694e-01,1.202242e+00
1.572000e+03,7.758483e+01,1.806375e+01,-1.218216e-01,1.326185e-01,4.225125e-01,1.444512e-01,7.000000e-03,2.000000e-02,-1.923323e-02,7.760000e+01,1.830000e+01,-1.096096e-01,1.517181e-02,2.362480e-01,1.221202e-02,6.729922e+01,1.956326e+02,1.494315e+01,6.221406e+01,6.216165e+01,1.985185e-01,1.203061e+00
1.573000e+03,7.758087e+01,1.824134e+01,-1.124942e-01,1.391860e-01,4.025125e-01,1.246583e-01,6.567532e-03,-2.000000e-02,-1.979291e-02,7.760000e+01,1.830000e+01,-1.096096e-01,1.913367e-02,5.866416e-02,2.884615e-03,6.731836e+01,1.956913e+02,1.494603e+01,6.221443e+01,6.216509e+01,1.985268e-01,1.203896e+00
1.574000e+03,7.759060e+01,1.820592e+01,-1.180267e-01,1.321860e-01,4.225125e-01,1.416671e-01,-7.000000e-03,2.000000e-02,1.700883e-02,7.760000e+01,1.830000e+01,-1.096096e-01,9.398521e-03,9.408395e-02,8.417059e-03,6.732776e+01,1.957853e+02,1.495445e+01,6.221451e+01,6.217394e+01,1.985977e-01,1.204634e+00
1.575000e+03,7.758666e+01,1.836945e+01,-1.127775e-01,1.333889e-01,4.025125e-01,1.268561e-01,1.202851e-03,-2.000000e-02,-1.481095e-02,7.760000e+01,1.830000e+01,-1.096096e-01,1.334050e-02,-6.944954e-02,3.167903e-03,6.734110e+01,1.958548e+02,1.495762e+01,6.221469e+01,6.217876e+01,1.986077e-01,1.205255e+00
1.576000e+03,7.759084e+01,1.832137e+01,-1.197335e-01,1.275846e-01,3.825125e-01,1.456502e-01,-5.804276e-03,-2.000000e-02,1.879409e-02,7.760000e+01,1.830000e+01,-1.096096e-01,9.160599e-03,-2.136865e-02,1.012392e-02,6.735026e+01,1.958762e+02,1.496774e+01,6.221478e+01,6.217922e+01,1.987102e-01,1.206042e+00
1.577000e+03,7.759178e+01,1.808304e+01,-1.286472e-01,1.272887e-01,4.025125e-01,1.642607e-01,-2.958835e-04,2.000000e-02,1.861042e-02,7.760000e+01,1.830000e+01,-1.096096e-01,8.217379e-03,2.169552e-01,1.903759e-02,6.735847e+01,1.960931e+02,1.498678e+01,6.221484e+01,6.222629e+01,1.990726e-01,1.206788e+00
1.578000e+03,7.758485e+01,1.806374e+01,-1.213978e-01,1.342887e-01,4.225125e-01,1.432967e-01,7.000000e-03,2.000000e-02,-2.096398e-02,7.760000e+01,1.830000e+01,-1.096096e-01,1.514549e-02,2.362627e-01,1.178821e-02,6.737362e+01,1.963294e+02,1.499857e+01,6.221507e+01,6.228211e+01,1.992116e-01,1.207677e+00
1.579000e+03,7.758257e+01,1.824132e+01,-1.120524e-01,1.371481e-01,4.025125e-01,1.237675e-01,2.859384e-03,-2.000000e-02,-1.952921e-02,7.760000e+01,1.830000e+01,-1.096096e-01,1.743102e-02,5.867670e-02,2.442813e-03,6.739105e+01,1.963880e+02,1.500101e+01,6.221538e+01,6.228555e+01,1.992176e-01,1.208466e+00
1.580000e+03,7.759060e+01,1.820595e+01,-1.185413e-01,1.301481e-01,4.225125e-01,1.430788e-01,-7.000000e-03,2.000000e-02,1.931138e-02,7.760000e+01,1.830000e+01,-1.096096e-01,9.398767e-03,9.405107e-02,8.931656e-03,6.740045e+01,1.964821e+02,1.500994e+01,6.221546e+01,6.229440e+01,1.992974e-01,1.209288e+00
1.581000e+03,7.758461e+01,1.836948e+01,-1.133167e-01,1.358442e-01,4.025125e-01,1.279444e-01,5.696095e-03,-2.000000e-02,-1.513450e-02,7.760000e+01,1.830000e+01,-1.096096e-01,1.538664e-02,-6.947913e-02,3.707090e-03,6.741584e+01,1.965516e+02,1.501365e+01,6.221570e+01,6.229922e+01,1.993111e-01,1.209950e+00
1.582000e+03,7.759084e+01,1.832134e+01,-1.191137e-01,1.288442e-01,3.825125e-01,1.439470e-01,-7.000000e-03,-2.000000e-02,1.600268e-02,7.760000e+01,1.830000e+01,-1.096096e-01,9.157310e-03,-2.134220e-02,9.504112e-03,6.742499e+01,1.965729e+02,1.502315e+01,6.221579e+01,6.229968e+01,1.994014e-01,1.210655e+00
1.583000e+03,7.759318e+01,1.808302e+01,-1.283038e-01,1.256185e-01,4.025125e-01,1.636844e-01,-3.225702e-03,2.000000e-02,1.973738e-02,7.760000e+01,1.830000e+01,-1.096096e-01,6.824978e-03,2.169789e-01,1.869419e-02,6.743182e+01,1.967899e+02,1.504185e+01,6.221583e+01,6.234676e+01,1.997509e-01,1.211455e+00
1.584000e+03,7.758483e+01,1.806375e+01,-1.218216e-01,1.326185e-01,4.225125e-01,1.444512e-01,7.000000e-03,2.000000e-02,-1.923323e-02,7.760000e+01,1.830000e+01,-1.096096e-01,1.517181e-02,2.362480e-01,1.221202e-02,6.744699e+01,1.970261e+02,1.505406e+01,6.221606e+01,6.240257e+01,1.999000e-01,1.212274e+00
1.585000e+03,7.758087e+01,1.824134e+01,-1.124942e-01,1.391860e-01,4.025125e-01,1.246583e-01,6.567532e-03,-2.000000e-02,-1.979291e-02,7.760000e+01,1.830000e+01,-1.096096e-01,1.913367e-02,5.866416e-02,2.884615e-03,6.746612e+01,1.970848e+02,1.505694e+01,6.221643e+01,6.240601e+01,1.999083e-01,1.213109e+00
1.586000e+03,7.759060e+01,1.820592e+01,-1.180267e-01,1.321860e-01,4.225125e-01,1.416671e-01,-7.000000e-03,2.000000e-02,1.700883e-02,7.760000e+01,1.830000e+01,-1.096096e-01,9.398521e-03,9.408395e-02,8.417059e-03,6.747552e+01,1.971789e+02,1.506536e+01,6.221652e+01,6.241487e+01,1.999792e-01,1.213847e+00
1.587000e+03,7.758666e+01,1.836945e+01,-1.127775e-01,1.333889e-01,4.025125e-01,1.268561e-01,1.202851e-03,-2.000000e-02,-1.481095e-02,7.760000e+01,1.830000e+01,-1.096096e-01,1.334050e-02,-6.944954e-02,3.167903e-03,6.748886e+01,1.972483e+02,1.506853e+01,6.221669e+01,6.241969e+01,1.999892e-01,1.214468e+00
1.588000e+03,7.759084e+01,1.832137e+01,-1.197335e-01,1.275846e-01,3.825125e-01,1.456502e-01,-5.804276e-03,-2.000000e-02,1.879409e-02,7.760000e+01,1.830000e+01,-1.096096e-01,9.160599e-03,-2.136865e-02,1.012392e-02,6.749802e+01,1.972697e+02,1.507865e+01,6.221678e+01,6.242015e+01,2.000917e-01,1.215255e+00
1.589000e+03,7.759178e+01,1.808304e+01,-1.286472e-01,1.272887e-01,4.025125e-01,1.642607e-01,-2.958835e-04,2.000000e-02,1.861042e-02,7.760000e+01,1.830000e+01,-1.096096e-01,8.217379e-03,2.169552e-01,1.903759e-02,6.750624e+01,1.974867e+02,1.509769e+01,6.221685e+01,6.246722e+01,2.004542e-01,1.216001e+00
1.590000e+03,7.758485e+01,1.806374e+01,-1.213978e-01,1.342887e-01,4.225125e-01,1.432967e-01,7.000000e-03,2.000000e-02,-2.096398e-02,7.760000e+01,1.830000e+01,-1.096096e-01,1.514549e-02,2.362627e-01,1.178821e-02,6.752139e+01,1.977229e+02,1.510948e+01,6.221707e+01,6.252304e+01,2.005931e-01,1.216890e+00
1.591000e+03,7.758257e+01,1.824132e+01,-1.120524e-01,1.371481e-01,4.025125e-01,1.237675e-01,2.859384e-03,-2.000000e-02,-1.952921e-02,7.760000e+01,1.830000e+01,-1.096096e-01,1.743102e-02,5.867670e-02,2.442813e-03,6.753882e+01,1.977816e+02,1.511192e+01,6.221738e+01,6.252648e+01,2.005991e-01,1.217679e+00
1.592000e+03,7.759060e+01,1.820595e+01,-1.185413e-01,1.301481e-01,4.225125e-01,1.430788e-01,-7.000000e-03,2.000000e-02,1.931138e-02,7.760000e+01,1.830000e+01,-1.096096e-01,9.398767e-03,9.405107e-02,8.931656e-03,6.754822e+01,1.978757e+02,1.512085e+01,6.221747e+01,6.253532e+01,2.006789e-01,1.218501e+00
1.593000e+03,7.758461e+01,1.836948e+01,-1.133167e-01,1.358442e-01,4.025125e-01,1.279444e-01,5.696095e-03,-2.000000e-02,-1.513450e-02,7.760000e+01,1.830000e+01,-1.096096e-01,1.538664e-02,-6.947913e-02,3.707090e-03,6.756360e+01,1.979451e+02,1.512456e+01,6.221770e+01,6.254015e+01,2.006926e-01,1.219163e+00
1.594000e+03,7.759084e+01,1.832134e+01,-1.191137e-01,1.288442e-01,3.825125e-01,1.439470e-01,-7.000000e-03,-2.000000e-02,1.600268e-02,7.760000e+01,1.830000e+01,-1.096096e-01,9.157310e-03,-2.134220e-02,9.504112e-03,6.757276e+01,1.979665e+02,1.513406e+01,6.221779e+01,6.254061e+01,2.007829e-01,1.219868e+00
1.595000e+03,7.759318e+01,1.808302e+01,-1.283038e-01,1.256185e-01,4.025125e-01,1.636844e-01,-3.225702e-03,2.000000e-02,1.973738e-02,7.760000e+01,1.830000e+01,-1.096096e-01,6.824978e-03,2.169789e-01,1.869419e-02,6.757959e+01,1.981835e+02,1.515276e+01,6.221783e+01,6.258769e+01,2.011324e-01,1.220668e+00
1.596000e+03,7.758483e+01,1.806375e+01,-1.218216e-01,1.326185e-01,4.225125e-01,1.444512e-01,7.000000e-03,2.000000e-02,-1.923323e-02,7.760000e+01,1.830000e+01,-1.096096e-01,1.517181e-02,2.362480e-01,1.221202e-02,6.759476e+01,1.984197e+02,1.516497e+01,6.221806e+01,6.264350e+01,2.012815e-01,1.221487e+00
1.597000e+03,7.758087e+01,1.824134e+01,-1.124942e-01,1.391860e-01,4.025125e-01,1.246583e-01,6.567532e-03,-2.000000e-02,-1.979291e-02,7.760000e+01,1.830000e+01,-1.096096e-01,1.913367e-02,5.866416e-02,2.884615e-03,6.761389e+01,1.984784e+02,1.516785e+01,6.221843e+01,6.264694e+01,2.012899e-01,1.222322e+00
1.598000e+03,7.759060e+01,1.820592e+01,-1.180267e-01,1.321860e-01,4.225125e-01,1.416671e-01,-7.000000e-03,2.000000e-02,1.700883e-02,7.760000e+01,1.830000e+01,-1.096096e-01,9.398521e-03,9.408395e-02,8.417059e-03,6.762329e+01,1.985725e+02,1.517627e+01,6.221852e+01,6.265579e+01,2.013607e-01,1.223060e+00
1.599000e+03,7.758666e+01,1.836945e+01,-1.127775e-01,1.333889e-01,4.025125e-01,1.268561e-01,1.202851e-03,-2.000000e-02,-1.481095e-02,7.760000e+01,1.830000e+01,-1.096096e-01,1.334050e-02,-6.944954e-02,3.167903e-03,6.763663e+01,1.986419e+02,1.517944e+01,6.221870e+01,6.266062e+01,2.013707e-01,1.223681e+00
1.600000e+03,7.759084e+01,1.832137e+01,-1.197335e-01,1.275846e-01,3.825125e-01,1.456502e-01,-5.804276e-03,-2.000000e-02,1.879409e-02,7.760000e+01,1.830000e+01,-1.096096e-01,9.160599e-03,-2.136865e-02,1.012392e-02,6.764579e+01,1.986633e+02,1.518956e+01,6.221878e+01,6.266107e+01,2.014732e-01,1.224468e+00
1.601000e+03,7.759178e+01,1.808304e+01,-1.286472e-01,1.272887e-01,4.025125e-01,1.642607e-01,-2.958835e-04,2.000000e-02,1.861042e-02,7.760000e+01,1.830000e+01,-1.096096e-01,8.217379e-03,2.169552e-01,1.903759e-02,6.765401e+01,1.988802e+02,1.520860e+01,6.221885e+01,6.270814e+01,2.018357e-01,1.225214e+00
1.602000e+03,7.758485e+01,1.806374e+01,-1.213978e-01,1.342887e-01,4.225125e-01,1.432967e-01,7.000000e-03,2.000000e-02,-2.096398e-02,7.760000e+01,1.830000e+01,-1.096096e-01,1.514549e-02,2.362627e-01,1.178821e-02,6.766915e+01,1.991165e+02,1.522039e+01,6.221908e+01,6.276396e+01,2.019746e-01,1.226102e+00
1.603000e+03,7.758257e+01,1.824132e+01,-1.120524e-01,1.371481e-01,4.025125e-01,1.237675e-01,2.859384e-03,-2.000000e-02,-1.952921e-02,7.760000e+01,1.830000e+01,-1.096096e-01,1.743102e-02,5.867670e-02,2.442813e-03,6.768658e+01,1.991752e+02,1.522283e+01,6.221938e+01,6.276741e+01,2.019806e-01,1.226892e+00
1.604000e+03,7.759060e+01,1.820595e+01,-1.185413e-01,1.301481e-01,4.225125e-01,1.430788e-01,-7.000000e-03,2.000000e-02,1.931138e-02,7.760000e+01,1.830000e+01,-1.096096e-01,9.398767e-03,9.405107e-02,8.931656e-03,6.769598e+01,1.992692e+02,1.523176e+01,6.221947e+01,6.277625e+01,2.020604e-01,1.227714e+00
1.605000e+03,7.758461e+01,1.836948e+01,-1.133167e-01,1.358442e-01,4.025125e-01,1.279444e-01,5.696095e-03,-2.000000e-02,-1.513450e-02,7.760000e+01,1.830000e+01,-1.096096e-01,1.538664e-02,-6.947913e-02,3.707090e-03,6.771137e+01,1.993387e+02,1.523547e+01,6.221971e+01,6.278108e+01,2.020741e-01,1.228375e+00
1.606000e+03,7.759084e+01,1.832134e+01,-1.191137e-01,1.288442e-01,3.825125e-01,1.439470e-01,-7.000000e-03,-2.000000e-02,1.600268e-02,7.760000e+01,1.830000e+01,-1.096096e-01,9.157310e-03,-2.134220e-02,9.504112e-03,6.772053e+01,1.993600e+02,1.524497e+01,6.221979e+01,6.278153e+01,2.021644e-01,1.229081e+00
1.607000e+03,7.759318e+01,1.808302e+01,-1.283038e-01,1.256185e-01,4.025125e-01,1.636844e-01,-3.225702e-03,2.000000e-02,1.973738e-02,7.760000e+01,1.830000e+01,-1.096096e-01,6.824978e-03,2.169789e-01,1.869419e-02,6.772735e+01,1.995770e+02,1.526367e+01,6.221984e+01,6.282861e+01,2.025139e-01,1.229881e+00
1.608000e+03,7.758483e+01,1.806375e+01,-1.218216e-01,1.326185e-01,4.225125e-01,1.444512e-01,7.000000e-03,2.000000e-02,-1.923323e-02,7.760000e+01,1.830000e+01,-1.096096e-01,1.517181e-02,2.362480e-01,1.221202e-02,6.774252e+01,1.998133e+02,1.527588e+01,6.222007e+01,6.288443e+01,2.026630e-01,1.230699e+00
1.609000e+03,7.758087e+01,1.824134e+01,-1.124942e-01,1.391860e-01,4.025125e-01,1.246583e-01,6.567532e-03,-2.000000e-02,-1.979291e-02,7.760000e+01,1.830000e+01,-1.096096e-01,1.913367e-02,5.866416e-02,2.884615e-03,6.776166e+01,1.998719e+02,1.527876e+01,6.222043e+01,6.288787e+01,2.026714e-01,1.231534e+00
1.610000e+03,7.759060e+01,1.820592e+01,-1.180267e-01,1.321860e-01,4.225125e-01,1.416671e-01,-7.000000e-03,2.000000e-02,1.700883e-02,7.760000e+01,1.830000e+01,-1.096096e-01,9.398521e-03,9.408395e-02,8.417059e-03,6.777106e+01,1.999660e+02,1.528718e+01,6.222052e+01,6.289672e+01,2.027422e-01,1.232273e+00
1.611000e+03,7.758666e+01,1.836945e+01,-1.127775e-01,1.333889e-01,4.025125e-01,1.268561e-01,1.202851e-03,-2.000000e-02,-1.481095e-02,7.760000e+01,1.830000e+01,-1.096096e-01,1.334050e-02,-6.944954e-02,3.167903e-03,6.778440e+01,2.000355e+02,1.529035e+01,6.222070e+01,6.290154e+01,2.027522e-01,1.232893e+00
1.612000e+03,7.759084e+01,1.832137e+01,-1.197335e-01,1.275846e-01,3.825125e-01,1.456502e-01,-5.804276e-03,-2.000000e-02,1.879409e-02,7.760000e+01,1.830000e+01,-1.096096e-01,9.160599e-03,-2.136865e-02,1.012392e-02,6.779356e+01,2.000568e+02,1.530047e+01,6.222078e+01,6.290200e+01,2.028547e-01,1.233680e+00
1.613000e+03,7.759178e+01,1.808304e+01,-1.286472e-01,1.272887e-01,4.025125e-01,1.642607e-01,-2.958835e-04,2.000000e-02,1.861042e-02,7.760000e+01,1.830000e+01,-1.096096e-01,8.217379e-03,2.169552e-01,1.903759e-02,6.780177e+01,2.002738e+02,1.531951e+01,6.222085e+01,6.294907e+01,2.032172e-01,1.234427e+00
1.614000e+03,7.758485e+01,1.806374e+01,-1.213978e-01,1.342887e-01,4.225125e-01,1.432967e-01,7.000000e-03,2.000000e-02,-2.096398e-02,7.760000e+01,1.830000e+01,-1.096096e-01,1.514549e-02,2.362627e-01,1.178821e-02,6.781692e+01,2.005101e+02,1.533130e+01,6.222108e+01,6.300489e+01,2.033561e-01,1.235315e+00
1.615000e+03,7.758257e+01,1.824132e+01,-1.120524e-01,1.371481e-01,4.025125e-01,1.237675e-01,2.859384e-03,-2.000000e-02,-1.952921e-02,7.760000e+01,1.830000e+01,-1.096096e-01,1.743102e-02,5.867670e-02,2.442813e-03,6.783435e+01,2.005687e+02,1.533374e+01,6.222138e+01,6.300833e+01,2.033621e-01,1.236105e+00
1.616000e+03,7.759060e+01,1.820595e+01,-1.185413e-01,1.301481e-01,4.225125e-01,1.430788e-01,-7.000000e-03,2.000000e-02,1.931138e-02,7.760000e+01,1.830000e+01,-1.096096e-01,9.398767e-03,9.405107e-02,8.931656e-03,6.784375e+01,2.006628e+02,1.534267e+01,6.222147e+01,6.301718e+01,2.034419e-01,1.236927e+00
1.617000e+03,7.758461e+01,1.836948e+01,-1.133167e-01,1.358442e-01,4.025125e-01,1.279444e-01,5.696095e-03,-2.000000e-02,-1.513450e-02,7.760000e+01,1.830000e+01,-1.096096e-01,1.538664e-02,-6.947913e-02,3.707090e-03,6.785914e+01,2.007323e+02,1.534638e+01,6.222171e+01,6.302201e+01,2.034556e-01,1.237588e+00
1.618000e+03,7.759084e+01,1.832134e+01,-1.191137e-01,1.288442e-01,3.825125e-01,1.439470e-01,-7.000000e-03,-2.000000e-02,1.600268e-02,7.760000e+01,1.830000e+01,-1.096096e-01,9.157310e-03,-2.134220e-02,9.504112e-03,6.786829e+01,2.007536e+02,1.535588e+01,6.222179e+01,6.302246e+01,2.035459e-01,1.238293e+00
1.619000e+03,7.759318e+01,1.808302e+01,-1.283038e-01,1.256185e-01,4.025125e-01,1.636844e-01,-3.225702e-03,2.000000e-02,1.973738e-02,7.760000e+01,1.830000e+01,-1.096096e-01,6.824978e-03,2.169789e-01,1.869419e-02,6.787512e+01,2.009706e+02,1.537458e+01,6.222184e+01,6.306954e+01,2.038954e-01,1.239093e+00
1.620000e+03,7.758483e+01,1.806375e+01,-1.218216e-01,1.326185e-01,4.225125e-01,1.444512e-01,7.000000e-03,2.000000e-02,-1.923323e-02,7.760000e+01,1.830000e+01,-1.096096e-01,1.517181e-02,2.362480e-01,1.221202e-02,6.789029e+01,2.012068e+02,1.538679e+01,6.222207e+01,6.312535e+01,2.040446e-01,1.239912e+00
1.621000e+03,7.758087e+01,1.824134e+01,-1.124942e-01,1.391860e-01,4.025125e-01,1.246583e-01,6.567532e-03,-2.000000e-02,-1.979291e-02,7.760000e+01,1.830000e+01,-1.096096e-01,1.913367e-02,5.866416e-02,2.884615e-03,6.790942e+01,2.012655e+02,1.538968e+01,6.222244e+01,6.312880e+01,2.040529e-01,1.240747e+00
1.622000e+03,7.759060e+01,1.820592e+01,-1.180267e-01,1.321860e-01,4.225125e-01,1.416671e-01,-7.000000e-03,2.000000e-02,1.700883e-02,7.760000e+01,1.830000e+01,-1.096096e-01,9.398521e-03,9.408395e-02,8.417059e-03,6.791882e+01,2.013596e+02,1.539809e+01,6.222252e+01,6.313765e+01,2.041237e-01,1.241485e+00
1.623000e+03,7.758666e+01,1.836945e+01,-1.127775e-01,1.333889e-01,4.025125e-01,1.268561e-01,1.202851e-03,-2.000000e-02,-1.481095e-02,7.760000e+01,1.830000e+01,-1.096096e-01,1.334050e-02,-6.944954e-02,3.167903e-03,6.793216e+01,2.014290e+02,1.540126e+01,6.222270e+01,6.314247e+01,2.041338e-01,1.242106e+00
1.624000e+03,7.759084e+01,1.832137e+01,-1.197335e-01,1.275846e-01,3.825125e-01,1.456502e-01,-5.804276e-03,-2.000000e-02,1.879409e-02,7.760000e+01,1.830000e+01,-1.096096e-01,9.160599e-03,-2.136865e-02,1.012392e-02,6.794132e+01,2.014504e+02,1.541138e+01,6.222279e+01,6.314293e+01,2.042362e-01,1.242893e+00
1.625000e+03,7.759178e+01,1.808304e+01,-1.286472e-01,1.272887e-01,4.025125e-01,1.642607e-01,-2.958835e-04,2.000000e-02,1.861042e-02,7.760000e+01,1.830000e+01,-1.096096e-01,8.217379e-03,2.169552e-01,1.903759e-02,6.794954e+01,2.016673e+02,1.543042e+01,6.222285e+01,6.319000e+01,2.045987e-01,1.243640e+00
1.626000e+03,7.758485e+01,1.806374e+01,-1.213978e-01,1.342887e-01,4.225125e-01,1.432967e-01,7.000000e-03,2.000000e-02,-2.096398e-02,7.760000e+01,1.830000e+01,-1.096096e-01,1.514549e-02,2.362627e-01,1.178821e-02,6.796469e+01,2.019036e+02,1.544221e+01,6.222308e+01,6.324582e+01,2.047376e-01,1.244528e+00
1.627000e+03,7.758257e+01,1.824132e+01,-1.120524e-01,1.371481e-01,4.025125e-01,1.237675e-01,2.859384e-03,-2.000000e-02,-1.952921e-02,7.760000e+01,1.830000e+01,-1.096096e-01,1.743102e-02,5.867670e-02,2.442813e-03,6.798212e+01,2.019623e+02,1.544465e+01,6.222339e+01,6.324926e+01,2.047436e-01,1.245318e+00
1.628000e+03,7.759060e+01,1.820595e+01,-1.185413e-01,1.301481e-01,4.225125e-01,1.430788e-01,-7.000000e-03,2.000000e-02,1.931138e-02,7.760000e+01,1.830000e+01,-1.096096e-01,9.398767e-03,9.405107e-02,8.931656e-03,6.799152e+01,2.020563e+02,1.545358e+01,6.222348e+01,6.325811e+01,2.048234e-01,1.246140e+00
1.629000e+03,7.758461e+01,1.836948e+01,-1.133167e-01,1.358442e-01,4.025125e-01,1.279444e-01,5.696095e-03,-2.000000e-02,-1.513450e-02,7.760000e+01,1.830000e+01,-1.096096e-01,1.538664e-02,-6.947913e-02,3.707090e-03,6.800690e+01,2.021258e+02,1.545729e+01,6.222371e+01,6.326293e+01,2.048371e-01,1.246801e+00
1.630000e+03,7.759084e+01,1.832134e+01,-1.191137e-01,1.288442e-01,3.825125e-01,1.439470e-01,-7.000000e-03,-2.000000e-02,1.600268e-02,7.760000e+01,1.830000e+01,-1.096096e-01,9.157310e-03,-2.134220e-02,9.504112e-03,6.801606e+01,2.021472e+02,1.546680e+01,6.222380e+01,6.326339e+01,2.049275e-01,1.247506e+00
1.631000e+03,7.759318e+01,1.808302e+01,-1.283038e-01,1.256185e-01,4.025125e-01,1.636844e-01,-3.225702e-03,2.000000e-02,1.973738e-02,7.760000e+01,1.830000e+01,-1.096096e-01,6.824978e-03,2.169789e-01,1.869419e-02,6.802289e+01,2.023641e+02,1.548549e+01,6.222384e+01,6.331047e+01,2.052769e-01,1.248306e+00
1.632000e+03,7.758483e+01,1.806375e+01,-1.218216e-01,1.326185e-01,4.225125e-01,1.444512e-01,7.000000e-03,2.000000e-02,-1.923323e-02,7.760000e+01,1.830000e+01,-1.096096e-01,1.517181e-02,2.362480e-01,1.221202e-02,6.803806e+01,2.026004e+02,1.549770e+01,6.222407e+01,6.336628e+01,2.054261e-01,1.249125e+00
1.633000e+03,7.758087e+01,1.824134e+01,-1.124942e-01,1.391860e-01,4.025125e-01,1.246583e-01,6.567532e-03,-2.000000e-02,-1.979291e-02,7.760000e+01,1.830000e+01,-1.096096e-01,1.913367e-02,5.866416e-02,2.884615e-03,6.805719e+01,2.026591e+02,1.550059e+01,6.222444e+01,6.336972e+01,2.054344e-01,1.249960e+00
1.634000e+03,7.759060e+01,1.820592e+01,-1.180267e-01,1.321860e-01,4.225125e-01,1.416671e-01,-7.000000e-03,2.000000e-02,1.700883e-02,7.760000e+01,1.830000e+01,-1.096096e-01,9.398521e-03,9.408395e-02,8.417059e-03,6.806659e+01,2.027531e+02,1.550900e+01,6.222453e+01,6.337858e+01,2.055052e-01,1.250698e+00
1.635000e+03,7.758666e+01,1.836945e+01,-1.127775e-01,1.333889e-01,4.025125e-01,1.268561e-01,1.202851e-03,-2.000000e-02,-1.481095e-02,7.760000e+01,1.830000e+01,-1.096096e-01,1.334050e-02,-6.944954e-02,3.167903e-03,6.807993e+01,2.028226e+02,1.551217e+01,6.222471e+01,6.338340e+01,2.055153e-01,1.251319e+00
1.636000e+03,7.759084e+01,1.832137e+01,-1.197335e-01,1.275846e-01,3.825125e-01,1.456502e-01,-5.804276e-03,-2.000000e-02,1.879409e-02,7.760000e+01,1.830000e+01,-1.096096e-01,9.160599e-03,-2.136865e-02,1.012392e-02,6.808909e+01,2.028440e+02,1.552230e+01,6.222479e+01,6.338386e+01,2.056178e-01,1.252106e+00
1.637000e+03,7.759178e+01,1.808304e+01,-1.286472e-01,1.272887e-01,4.025125e-01,1.642607e-01,-2.958835e-04,2.000000e-02,1.861042e-02,7.760000e+01,1.830000e+01,-1.096096e-01,8.217379e-03,2.169552e-01,1.903759e-02,6.809731e+01,2.030609e+02,1.554133e+01,6.222486e+01,6.343092e+01,2.059802e-01,1.252852e+00
1.638000e+03,7.758485e+01,1.806374e+01,-1.213978e-01,1.342887e-01,4.225125e-01,1.432967e-01,7.000000e-03,2.000000e-02,-2.096398e-02,7.760000e+01,1.830000e+01,-1.096096e-01,1.514549e-02,2.362627e-01,1.178821e-02,6.811245e+01,2.032972e+02,1.555312e+01,6.222509e+01,6.348674e+01,2.061191e-01,1.253741e+00
1.639000e+03,7.758257e+01,1.824132e+01,-1.120524e-01,1.371481e-01,4.025125e-01,1.237675e-01,2.859384e-03,-2.000000e-02,-1.952921e-02,7.760000e+01,1.830000e+01,-1.096096e-01,1.743102e-02,5.867670e-02,2.442813e-03,6.812988e+01,2.033558e+02,1.555556e+01,6.222539e+01,6.349019e+01,2.061251e-01,1.254530e+00
1.640000e+03,7.759060e+01,1.820595e+01,-1.185413e-01,1.301481e-01,4.225125e-01,1.430788e-01,-7.000000e-03,2.000000e-02,1.931138e-02,7.760000e+01,1.830000e+01,-1.096096e-01,9.398767e-03,9.405107e-02,8.931656e-03,6.813928e+01,2.034499e+02,1.556450e+01,6.222548e+01,6.349903e+01,2.062049e-01,1.255352e+00
1.641000e+03,7.758461e+01,1.836948e+01,-1.133167e-01,1.358442e-01,4.025125e-01,1.279444e-01,5.696095e-03,-2.000000e-02,-1.513450e-02,7.760000e+01,1.830000e+01,-1.096096e-01,1.538664e-02,-6.947913e-02,3.707090e-03,6.815467e+01,2.035194e+02,1.556820e+01,6.222572e+01,6.350386e+01,2.062186e-01,1.256014e+00
1.642000e+03,7.759084e+01,1.832134e+01,-1.191137e-01,1.288442e-01,3.825125e-01,1.439470e-01,-7.000000e-03,-2.000000e-02,1.600268e-02,7.760000e+01,1.830000e+01,-1.096096e-01,9.157310e-03,-2.134220e-02,9.504112e-03,6.816383e+01,2.035407e+02,1.557771e+01,6.222580e+01,6.350432e+01,2.063090e-01,1.256719e+00
1.643000e+03,7.759318e+01,1.808302e+01,-1.283038e-01,1.256185e-01,4.025125e-01,1.636844e-01,-3.225702e-03,2.000000e-02,1.973738e-02,7.760000e+01,1.830000e+01,-1.096096e-01,6.824978e-03,2.169789e-01,1.869419e-02,6.817065e+01,2.037577e+02,1.559640e+01,6.222585e+01,6.355140e+01,2.066584e-01,1.257519e+00
1.644000e+03,7.758483e+01,1.806375e+01,-1.218216e-01,1.326185e-01,4.225125e-01,1.444512e-01,7.000000e-03,2.000000e-02,-1.923323e-02,7.760000e+01,1.830000e+01,-1.096096e-01,1.517181e-02,2.362480e-01,1.221202e-02,6.818582e+01,2.039939e+02,1.560861e+01,6.222608e+01,6.360721e+01,2.068076e-01,1.258338e+00
1.645000e+03,7.758087e+01,1.824134e+01,-1.124942e-01,1.391860e-01,4.025125e-01,1.246583e-01,6.567532e-03,-2.000000e-02,-1.979291e-02,7.760000e+01,1.830000e+01,-1.096096e-01,1.913367e-02,5.866416e-02,2.884615e-03,6.820496e+01,2.040526e+02,1.561150e+01,6.222644e+01,6.361065e+01,2.068159e-01,1.259173e+00
1.646000e+03,7.759060e+01,1.820592e+01,-1.180267e-01,1.321860e-01,4.225125e-01,1.416671e-01,-7.000000e-03,2.000000e-02,1.700883e-02,7.760000e+01,1.830000e+01,-1.096096e-01,9.398521e-03,9.408395e-02,8.417059e-03,6.821436e+01,2.041467e+02,1.561992e+01,6.222653e+01,6.361950e+01,2.068867e-01,1.259911e+00
1.647000e+03,7.758666e+01,1.836945e+01,-1.127775e-01,1.333889e-01,4.025125e-01,1.268561e-01,1.202851e-03,-2.000000e-02,-1.481095e-02,7.760000e+01,1.830000e+01,-1.096096e-01,1.334050e-02,-6.944954e-02,3.167903e-03,6.822770e+01,2.042161e+02,1.562308e+01,6.222671e+01,6.362433e+01,2.068968e-01,1.260532e+00
1.648000e+03,7.759084e+01,1.832137e+01,-1.197335e-01,1.275846e-01,3.825125e-01,1.456502e-01,-5.804276e-03,-2.000000e-02,1.879409e-02,7.760000e+01,1.830000e+01,-1.096096e-01,9.160599e-03,-2.136865e-02,1.012392e-02,6.823686e+01,2.042375e+02,1.563321e+01,6.222679e+01,6.362478e+01,2.069993e-01,1.261319e+00
1.649000e+03,7.759178e+01,1.808304e+01,-1.286472e-01,1.272887e-01,4.025125e-01,1.642607e-01,-2.958835e-04,2.000000e-02,1.861042e-02,7.760000e+01,1.830000e+01,-1.096096e-01,8.217379e-03,2.169552e-01,1.903759e-02,6.824507e+01,2.044545e+02,1.565224e+01,6.222686e+01,6.367185e+01,2.073617e-01,1.262065e+00
1.650000e+03,7.758485e+01,1.806374e+01,-1.213978e-01,1.342887e-01,4.225125e-01,1.432967e-01,7.000000e-03,2.000000e-02,-2.096398e-02,7.760000e+01,1.830000e+01,-1.096096e-01,1.514549e-02,2.362627e-01,1.178821e-02,6.826022e+01,2.046907e+02,1.566403e+01,6.222709e+01,6.372767e+01,2.075007e-01,1.262954e+00
1.651000e+03,7.758257e+01,1.824132e+01,-1.120524e-01,1.371481e-01,4.025125e-01,1.237675e-01,2.859384e-03,-2.000000e-02,-1.952921e-02,7.760000e+01,1.830000e+01,-1.096096e-01,1.743102e-02,5.867670e-02,2.442813e-03,6.827765e+01,2.047494e+02,1.566648e+01,6.222739e+01,6.373111e+01,2.075066e-01,1.263743e+00
1.652000e+03,7.759060e+01,1.820595e+01,-1.185413e-01,1.301481e-01,4.225125e-01,1.430788e-01,-7.000000e-03,2.000000e-02,1.931138e-02,7.760000e+01,1.830000e+01,-1.096096e-01,9.398767e-03,9.405107e-02,8.931656e-03,6.828705e+01,2.048435e+02,1.567541e+01,6.222748e+01,6.373996e+01,2.075864e-01,1.264565e+00
1.653000e+03,7.758461e+01,1.836948e+01,-1.133167e-01,1.358442e-01,4.025125e-01,1.279444e-01,5.696095e-03,-2.000000e-02,-1.513450e-02,7.760000e+01,1.830000e+01,-1.096096e-01,1.538664e-02,-6.947913e-02,3.707090e-03,6.830244e+01,2.049129e+02,1.567911e+01,6.222772e+01,6.374479e+01,2.076001e-01,1.265227e+00
1.654000e+03,7.759084e+01,1.832134e+01,-1.191137e-01,1.288442e-01,3.825125e-01,1.439470e-01,-7.000000e-03,-2.000000e-02,1.600268e-02,7.760000e+01,1.830000e+01,-1.096096e-01,9.157310e-03,-2.134220e-02,9.504112e-03,6.831159e+01,2.049343e+02,1.568862e+01,6.222780e+01,6.374524e+01,2.076905e-01,1.265932e+00
1.655000e+03,7.759318e+01,1.808302e+01,-1.283038e-01,1.256185e-01,4.025125e-01,1.636844e-01,-3.225702e-03,2.000000e-02,1.973738e-02,7.760000e+01,1.830000e+01,-1.096096e-01,6.824978e-03,2.169789e-01,1.869419e-02,6.831842e+01,2.051513e+02,1.570731e+01,6.222785e+01,6.379232e+01,2.080399e-01,1.266732e+00
1.656000e+03,7.758483e+01,1.806375e+01,-1.218216e-01,1.326185e-01,4.225125e-01,1.444512e-01,7.000000e-03,2.000000e-02,-1.923323e-02,7.760000e+01,1.830000e+01,-1.096096e-01,1.517181e-02,2.362480e-01,1.221202e-02,6.833359e+01,2.053875e+02,1.571952e+01,6.222808e+01,6.384814e+01,2.081891e-01,1.267551e+00
1.657000e+03,7.758087e+01,1.824134e+01,-1.124942e-01,1.391860e-01,4.025125e-01,1.246583e-01,6.567532e-03,-2.000000e-02,-1.979291e-02,7.760000e+01,1.830000e+01,-1.096096e-01,1.913367e-02,5.866416e-02,2.884615e-03,6.835272e+01,2.054462e+02,1.572241e+01,6.222844e+01,6.385158e+01,2.081974e-01,1.268386e+00
1.658000e+03,7.759060e+01,1.820592e+01,-1.180267e-01,1.321860e-01,4.225125e-01,1.416671e-01,-7.000000e-03,2.000000e-02,1.700883e-02,7.760000e+01,1.830000e+01,-1.096096e-01,9.398521e-03,9.408395e-02,8.417059e-03,6.836212e+01,2.055403e+02,1.573083e+01,6.222853e+01,6.386043e+01,2.082682e-01,1.269124e+00
1.659000e+03,7.758666e+01,1.836945e+01,-1.127775e-01,1.333889e-01,4.025125e-01,1.268561e-01,1.202851e-03,-2.000000e-02,-1.481095e-02,7.760000e+01,1.830000e+01,-1.096096e-01,1.334050e-02,-6.944954e-02,3.167903e-03,6.837546e+01,2.056097e+02,1.573399e+01,6.222871e+01,6.386525e+01,2.082783e-01,1.269745e+00
1.660000e+03,7.759084e+01,1.832137e+01,-1.197335e-01,1.275846e-01,3.825125e-01,1.456502e-01,-5.804276e-03,-2.000000e-02,1.879409e-02,7.760000e+01,1.830000e+01,-1.096096e-01,9.160599e-03,-2.136865e-02,1.012392e-02,6.838462e+01,2.056311e+02,1.574412e+01,6.222879e+01,6.386571e+01,2.083808e-01,1.270532e+00
1.661000e+03,7.759178e+01,1.808304e+01,-1.286472e-01,1.272887e-01,4.025125e-01,1.642607e-01,-2.958835e-04,2.000000e-02,1.861042e-02,7.760000e+01,1.830000e+01,-1.096096e-01,8.217379e-03,2.169552e-01,1.903759e-02,6.839284e+01,2.058480e+02,1.576316e+01,6.222886e+01,6.391278e+01,2.087432e-01,1.271278e+00
1.662000e+03,7.758485e+01,1.806374e+01,-1.213978e-01,1.342887e-01,4.225125e-01,1.432967e-01,7.000000e-03,2.000000e-02,-2.096398e-02,7.760000e+01,1.830000e+01,-1.096096e-01,1.514549e-02,2.362627e-01,1.178821e-02,6.840799e+01,2.060843e+02,1.577494e+01,6.222909e+01,6.396860e+01,2.088822e-01,1.272166e+00
1.663000e+03,7.758257e+01,1.824132e+01,-1.120524e-01,1.371481e-01,4.025125e-01,1.237675e-01,2.859384e-03,-2.000000e-02,-1.952921e-02,7.760000e+01,1.830000e+01,-1.096096e-01,1.743102e-02,5.867670e-02,2.442813e-03,6.842542e+01,2.061430e+02,1.577739e+01,6.222940e+01,6.397204e+01,2.088881e-01,1.272956e+00
1.664000e+03,7.759060e+01,1.820595e+01,-1.185413e-01,1.301481e-01,4.225125e-01,1.430788e-01,-7.000000e-03,2.000000e-02,1.931138e-02,7.760000e+01,1.830000e+01,-1.096096e-01,9.398767e-03,9.405107e-02,8.931656e-03,6.843482e+01,2.062370e+02,1.578632e+01,6.222948e+01,6.398089e+01,2.089679e-01,1.273778e+00
1.665000e+03,7.758461e+01,1.836948e+01,-1.133167e-01,1.358442e-01,4.025125e-01,1.279444e-01,5.696095e-03,-2.000000e-02,-1.513450e-02,7.760000e+01,1.830000e+01,-1.096096e-01,1.538664e-02,-6.947913e-02,3.707090e-03,6.845020e+01,2.063065e+02,1.579003e+01,6.222972e+01,6.398571e+01,2.089816e-01,1.274439e+00
1.666000e+03,7.759084e+01,1.832134e+01,-1.191137e-01,1.288442e-01,3.825125e-01,1.439470e-01,-7.000000e-03,-2.000000e-02,1.600268e-02,7.760000e+01,1.830000e+01,-1.096096e-01,9.157310e-03,-2.134220e-02,9.504112e-03,6.845936e+01,2.063278e+02,1.579953e+01,6.222980e+01,6.398617e+01,2.090720e-01,1.275145e+00
1.667000e+03,7.759318e+01,1.808302e+01,-1.283038e-01,1.256185e-01,4.025125e-01,1.636844e-01,-3.225702e-03,2.000000e-02,1.973738e-02,7.760000e+01,1.830000e+01,-1.096096e-01,6.824978e-03,2.169789e-01,1.869419e-02,6.846619e+01,2.065448e+02,1.581822e+01,6.222985e+01,6.403325e+01,2.094214e-01,1.275945e+00
1.668000e+03,7.758483e+01,1.806375e+01,-1.218216e-01,1.326185e-01,4.225125e-01,1.444512e-01,7.000000e-03,2.000000e-02,-1.923323e-02,7.760000e+01,1.830000e+01,-1.096096e-01,1.517181e-02,2.362480e-01,1.221202e-02,6.848136e+01,2.067811e+02,1.583044e+01,6.223008e+01,6.408906e+01,2.095706e-01,1.276763e+00
1.669000e+03,7.758087e+01,1.824134e+01,-1.124942e-01,1.391860e-01,4.025125e-01,1.246583e-01,6.567532e-03,-2.000000e-02,-1.979291e-02,7.760000e+01,1.830000e+01,-1.096096e-01,1.913367e-02,5.866416e-02,2.884615e-03,6.850049e+01,2.068397e+02,1.583332e+01,6.223045e+01,6.409250e+01,2.095789e-01,1.277598e+00
1.670000e+03,7.759060e+01,1.820592e+01,-1.180267e-01,1.321860e-01,4.225125e-01,1.416671e-01,-7.000000e-03,2.000000e-02,1.700883e-02,7.760000e+01,1.830000e+01,-1.096096e-01,9.398521e-03,9.408395e-02,8.417059e-03,6.850989e+01,2.069338e+02,1.584174e+01,6.223054e+01,6.410136e+01,2.096498e-01,1.278337e+00
1.671000e+03,7.758666e+01,1.836945e+01,-1.127775e-01,1.333889e-01,4.025125e-01,1.268561e-01,1.202851e-03,-2.000000e-02,-1.481095e-02,7.760000e+01,1.830000e+01,-1.096096e-01,1.334050e-02,-6.944954e-02,3.167903e-03,6.852323e+01,2.070033e+02,1.584491e+01,6.223071e+01,6.410618e+01,2.096598e-01,1.278957e+00
1.672000e+03,7.759084e+01,1.832137e+01,-1.197335e-01,1.275846e-01,3.825125e-01,1.456502e-01,-5.804276e-03,-2.000000e-02,1.879409e-02,7.760000e+01,1.830000e+01,-1.096096e-01,9.160599e-03,-2.136865e-02,1.012392e-02,6.853239e+01,2.070246e+02,1.585503e+01,6.223080e+01,6.410664e+01,2.097623e-01,1.279744e+00
1.673000e+03,7.759178e+01,1.808304e+01,-1.286472e-01,1.272887e-01,4.025125e-01,1.642607e-01,-2.958835e-04,2.000000e-02,1.861042e-02,7.760000e+01,1.830000e+01,-1.096096e-01,8.217379e-03,2.169552e-01,1.903759e-02,6.854061e+01,2.072416e+02,1.587407e+01,6.223087e+01,6.415371e+01,2.101247e-01,1.280491e+00
1.674000e+03,7.758485e+01,1.806374e+01,-1.213978e-01,1.342887e-01,4.225125e-01,1.432967e-01,7.000000e-03,2.000000e-02,-2.096398e-02,7.760000e+01,1.830000e+01,-1.096096e-01,1.514549e-02,2.362627e-01,1.178821e-02,6.855575e+01,2.074779e+02,1.588586e+01,6.223109e+01,6.420953e+01,2.102637e-01,1.281379e+00
1.675000e+03,7.758257e+01,1.824132e+01,-1.120524e-01,1.371481e-01,4.025125e-01,1.237675e-01,2.859384e-03,-2.000000e-02,-1.952921e-02,7.760000e+01,1.830000e+01,-1.096096e-01,1.743102e-02,5.867670e-02,2.442813e-03,6.857318e+01,2.075365e+02,1.588830e+01,6.223140e+01,6.421297e+01,2.102696e-01,1.282169e+00
1.676000e+03,7.759060e+01,1.820595e+01,-1.185413e-01,1.301481e-01,4.225125e-01,1.430788e-01,-7.000000e-03,2.000000e-02,1.931138e-02,7.760000e+01,1.830000e+01,-1.096096e-01,9.398767e-03,9.405107e-02,8.931656e-03,6.858258e+01,2.076306e+02,1.589723e+01,6.223149e+01,6.422181e+01,2.103494e-01,1.282991e+00
1.677000e+03,7.758461e+01,1.836948e+01,-1.133167e-01,1.358442e-01,4.025125e-01,1.279444e-01,5.696095e-03,-2.000000e-02,-1.513450e-02,7.760000e+01,1.830000e+01,-1.096096e-01,1.538664e-02,-6.947913e-02,3.707090e-03,6.859797e+01,2.077001e+02,1.590094e+01,6.223172e+01,6.422664e+01,2.103632e-01,1.283652e+00
1.678000e+03,7.759084e+01,1.832134e+01,-1.191137e-01,1.288442e-01,3.825125e-01,1.439470e-01,-7.000000e-03,-2.000000e-02,1.600268e-02,7.760000e+01,1.830000e+01,-1.096096e-01,9.157310e-03,-2.134220e-02,9.504112e-03,6.860713e+01,2.077214e+02,1.591044e+01,6.223181e+01,6.422710e+01,2.104535e-01,1.284357e+00
1.679000e+03,7.759318e+01,1.808302e+01,-1.283038e-01,1.256185e-01,4.025125e-01,1.636844e-01,-3.225702e-03,2.000000e-02,1.973738e-02,7.760000e+01,1.830000e+01,-1.096096e-01,6.824978e-03,2.169789e-01,1.869419e-02,6.861395e+01,2.079384e+02,1.592914e+01,6.223185e+01,6.427418e+01,2.108030e-01,1.285157e+00
1.680000e+03,7.758483e+01,1.806375e+01,-1.218216e-01,1.326185e-01,4.225125e-01,1.444512e-01,7.000000e-03,2.000000e-02,-1.923323e-02,7.760000e+01,1.830000e+01,-1.096096e-01,1.517181e-02,2.362480e-01,1.221202e-02,6.862912e+01,2.081746e+02,1.594135e+01,6.223208e+01,6.432999e+01,2.109521e-01,1.285976e+00
1.681000e+03,7.758087e+01,1.824134e+01,-1.124942e-01,1.391860e-01,4.025125e-01,1.246583e-01,6.567532e-03,-2.000000e-02,-1.979291e-02,7.760000e+01,1.830000e+01,-1.096096e-01,1.913367e-02,5.866416e-02,2.884615e-03,6.864826e+01,2.082333e+02,1.594423e+01,6.223245e+01,6.433343e+01,2.109604e-01,1.286811e+00
1.682000e+03,7.759060e+01,1.820592e+01,-1.180267e-01,1.321860e-01,4.225125e-01,1.416671e-01,-7.000000e-03,2.000000e-02,1.700883e-02,7.760000e+01,1.830000e+01,-1.096096e-01,9.398521e-03,9.408395e-02,8.417059e-03,6.865766e+01,2.083274e+02,1.595265e+01,6.223254e+01,6.434228e+01,2.110313e-01,1.287549e+00
1.683000e+03,7.758666e+01,1.836945e+01,-1.127775e-01,1.333889e-01,4.025125e-01,1.268561e-01,1.202851e-03,-2.000000e-02,-1.481095e-02,7.760000e+01,1.830000e+01,-1.096096e-01,1.334050e-02,-6.944954e-02,3.167903e-03,6.867100e+01,2.083968e+02,1.595582e+01,6.223272e+01,6.434711e+01,2.110413e-01,1.288170e+00
1.684000e+03,7.759084e+01,1.832137e+01,-1.197335e-01,1.275846e-01,3.825125e-01,1.456502e-01,-5.804276e-03,-2.000000e-02,1.879409e-02,7.760000e+01,1.830000e+01,-1.096096e-01,9.160599e-03,-2.136865e-02,1.012392e-02,6.868016e+01,2.084182e+02,1.596594e+01,6.223280e+01,6.434756e+01,2.111438e-01,1.288957e+00
1.685000e+03,7.759178e+01,1.808304e+01,-1.286472e-01,1.272887e-01,4.025125e-01,1.642607e-01,-2.958835e-04,2.000000e-02,1.861042e-02,7.760000e+01,1.830000e+01,-1.096096e-01,8.217379e-03,2.169552e-01,1.903759e-02,6.868837e+01,2.086352e+02,1.598498e+01,6.223287e+01,6.439463e+01,2.115062e-01,1.289704e+00
1.686000e+03,7.758485e+01,1.806374e+01,-1.213978e-01,1.342887e-01,4.225125e-01,1.432967e-01,7.000000e-03,2.000000e-02,-2.096398e-02,7.760000e+01,1.830000e+01,-1.096096e-01,1.514549e-02,2.362627e-01,1.178821e-02,6.870352e+01,2.088714e+02,1.599677e+01,6.223310e+01,6.445045e+01,2.116452e-01,1.290592e+00
1.687000e+03,7.758257e+01,1.824132e+01,-1.120524e-01,1.371481e-01,4.025125e-01,1.237675e-01,2.859384e-03,-2.000000e-02,-1.952921e-02,7.760000e+01,1.830000e+01,-1.096096e-01,1.743102e-02,5.867670e-02,2.442813e-03,6.872095e+01,2.089301e+02,1.599921e+01,6.223340e+01,6.445390e+01,2.116511e-01,1.291382e+00
1.688000e+03,7.759060e+01,1.820595e+01,-1.185413e-01,1.301481e-01,4.225125e-01,1.430788e-01,-7.000000e-03,2.000000e-02,1.931138e-02,7.760000e+01,1.830000e+01,-1.096096e-01,9.398767e-03,9.405107e-02,8.931656e-03,6.873035e+01,2.090241e+02,1.600814e+01,6.223349e+01,6.446274e+01,2.117309e-01,1.292204e+00
1.689000e+03,7.758461e+01,1.836948e+01,-1.133167e-01,1.358442e-01,4.025125e-01,1.279444e-01,5.696095e-03,-2.000000e-02,-1.513450e-02,7.760000e+01,1.830000e+01,-1.096096e-01,1.538664e-02,-6.947913e-02,3.707090e-03,6.874574e+01,2.090936e+02,1.601185e+01,6.223373e+01,6.446757e+01,2.117447e-01,1.292865e+00
1.690000e+03,7.759084e+01,1.832134e+01,-1.191137e-01,1.288442e-01,3.825125e-01,1.439470e-01,-7.000000e-03,-2.000000e-02,1.600268e-02,7.760000e+01,1.830000e+01,-1.096096e-01,9.157310e-03,-2.134220e-02,9.504112e-03,6.875489e+01,2.091150e+02,1.602135e+01,6.223381e+01,6.446802e+01,2.118350e-01,1.293570e+00
1.691000e+03,7.759318e+01,1.808302e+01,-1.283038e-01,1.256185e-01,4.025125e-01,1.636844e-01,-3.225702e-03,2.000000e-02,1.973738e-02,7.760000e+01,1.830000e+01,-1.096096e-01,6.824978e-03,2.169789e-01,1.869419e-02,6.876172e+01,2.093319e+02,1.604005e+01,6.223386e+01,6.451510e+01,2.121845e-01,1.294370e+00
1.692000e+03,7.758483e+01,1.806375e+01,-1.218216e-01,1.326185e-01,4.225125e-01,1.444512e-01,7.000000e-03,2.000000e-02,-1.923323e-02,7.760000e+01,1.830000e+01,-1.096096e-01,1.517181e-02,2.362480e-01,1.221202e-02,6.877689e+01,2.095682e+02,1.605226e+01,6.223409e+01,6.457092e+01,2.123336e-01,1.295189e+00
1.693000e+03,7.758087e+01,1.824134e+01,-1.124942e-01,1.391860e-01,4.025125e-01,1.246583e-01,6.567532e-03,-2.000000e-02,-1.979291e-02,7.760000e+01,1.830000e+01,-1.096096e-01,1.913367e-02,5.866416e-02,2.884615e-03,6.879602e+01,2.096269e+02,1.605514e+01,6.223445e+01,6.457436e+01,2.123419e-01,1.296024e+00
1.694000e+03,7.759060e+01,1.820592e+01,-1.180267e-01,1.321860e-01,4.225125e-01,1.416671e-01,-7.000000e-03,2.000000e-02,1.700883e-02,7.760000e+01,1.830000e+01,-1.096096e-01,9.398521e-03,9.408395e-02,8.417059e-03,6.880542e+01,2.097209e+02,1.606356e+01,6.223454e+01,6.458321e+01,2.124128e-01,1.296762e+00
1.695000e+03,7.758666e+01,1.836945e+01,-1.127775e-01,1.333889e-01,4.025125e-01,1.268561e-01,1.202851e-03,-2.000000e-02,-1.481095e-02,7.760000e+01,1.830000e+01,-1.096096e-01,1.334050e-02,-6.944954e-02,3.167903e-03,6.881876e+01,2.097904e+02,1.606673e+01,6.223472e+01,6.458803e+01,2.124228e-01,1.297383e+00
1.696000e+03,7.759084e+01,1.832137e+01,-1.197335e-01,1.275846e-01,3.825125e-01,1.456502e-01,-5.804276e-03,-2.000000e-02,1.879409e-02,7.760000e+01,1.830000e+01,-1.096096e-01,9.160599e-03,-2.136865e-02,1.012392e-02,6.882792e+01,2.098118e+02,1.607685e+01,6.223480e+01,6.458849e+01,2.125253e-01,1.298170e+00
1.697000e+03,7.759178e+01,1.808304e+01,-1.286472e-01,1.272887e-01,4.025125e-01,1.642607e-01,-2.958835e-04,2.000000e-02,1.861042e-02,7.760000e+01,1.830000e+01,-1.096096e-01,8.217379e-03,2.169552e-01,1.903759e-02,6.883614e+01,2.100287e+02,1.609589e+01,6.223487e+01,6.463556e+01,2.128877e-01,1.298916e+00
1.698000e+03,7.758485e+01,1.806374e+01,-1.213978e-01,1.342887e-01,4.225125e-01,1.432967e-01,7.000000e-03,2.000000e-02,-2.096398e-02,7.760000e+01,1.830000e+01,-1.096096e-01,1.514549e-02,2.362627e-01,1.178821e-02,6.885129e+01,2.102650e+02,1.610768e+01,6.223510e+01,6.469138e+01,2.130267e-01,1.299805e+00
1.699000e+03,7.758257e+01,1.824132e+01,-1.120524e-01,1.371481e-01,4.025125e-01,1.237675e-01,2.859384e-03,-2.000000e-02,-1.952921e-02,7.760000e+01,1.830000e+01,-1.096096e-01,1.743102e-02,5.867670e-02,2.442813e-03,6.886872e+01,2.103237e+02,1.611012e+01,6.223540e+01,6.469482e+01,2.130327e-01,1.300594e+00
1.700000e+03,7.759060e+01,1.820595e+01,-1.185413e-01,1.301481e-01,4.225125e-01,1.430788e-01,-7.000000e-03,2.000000e-02,1.931138e-02,7.760000e+01,1.830000e+01,-1.096096e-01,9.398767e-03,9.405107e-02,8.931656e-03,6.887812e+01,2.104177e+02,1.611905e+01,6.223549e+01,6.470367e+01,2.131124e-01,1.301416e+00
1.701000e+03,7.758461e+01,1.836948e+01,-1.133167e-01,1.358442e-01,4.025125e-01,1.279444e-01,5.696095e-03,-2.000000e-02,-1.513450e-02,7.760000e+01,1.830000e+01,-1.096096e-01,1.538664e-02,-6.947913e-02,3.707090e-03,6.889350e+01,2.104872e+02,1.612276e+01,6.223573e+01,6.470850e+01,2.131262e-01,1.302078e+00
1.702000e+03,7.759084e+01,1.832134e+01,-1.191137e-01,1.288442e-01,3.825125e-01,1.439470e-01,-7.000000e-03,-2.000000e-02,1.600268e-02,7.760000e+01,1.830000e+01,-1.096096e-01,9.157310e-03,-2.134220e-02,9.504112e-03,6.890266e+01,2.105085e+02,1.613226e+01,6.223581e+01,6.470895e+01,2.132165e-01,1.302783e+00
1.703000e+03,7.759318e+01,1.808302e+01,-1.283038e-01,1.256185e-01,4.025125e-01,1.636844e-01,-3.225702e-03,2.000000e-02,1.973738e-02,7.760000e+01,1.830000e+01,-1.096096e-01,6.824978e-03,2.169789e-01,1.869419e-02,6.890949e+01,2.107255e+02,1.615096e+01,6.223586e+01,6.475603e+01,2.135660e-01,1.303583e+00
1.704000e+03,7.758483e+01,1.806375e+01,-1.218216e-01,1.326185e-01,4.225125e-01,1.444512e-01,7.000000e-03,2.000000e-02,-1.923323e-02,7.760000e+01,1.830000e+01,-1.096096e-01,1.517181e-02,2.362480e-01,1.221202e-02,6.892466e+01,2.109617e+02,1.616317e+01,6.223609e+01,6.481184e+01,2.137151e-01,1.304402e+00
1.705000e+03,7.758087e+01,1.824134e+01,-1.124942e-01,1.391860e-01,4.025125e-01,1.246583e-01,6.567532e-03,-2.000000e-02,-1.979291e-02,7.760000e+01,1.830000e+01,-1.096096e-01,1.913367e-02,5.866416e-02,2.884615e-03,6.894379e+01,2.110204e+02,1.616605e+01,6.223646e+01,6.481529e+01,2.137234e-01,1.305237e+00
1.706000e+03,7.759060e+01,1.820592e+01,-1.180267e-01,1.321860e-01,4.225125e-01,1.416671e-01,-7.000000e-03,2.000000e-02,1.700883e-02,7.760000e+01,1.830000e+01,-1.096096e-01,9.398521e-03,9.408395e-02,8.417059e-03,6.895319e+01,2.111145e+02,1.617447e+01,6.223654e+01,6.482414e+01,2.137943e-01,1.305975e+00
1.707000e+03,7.758666e+01,1.836945e+01,-1.127775e-01,1.333889e-01,4.025125e-01,1.268561e-01,1.202851e-03,-2.000000e-02,-1.481095e-02,7.760000e+01,1.830000e+01,-1.096096e-01,1.334050e-02,-6.944954e-02,3.167903e-03,6.896653e+01,2.111839e+02,1.617764e+01,6.223672e+01,6.482896e+01,2.138043e-01,1.306596e+00
1.708000e+03,7.759084e+01,1.832137e+01,-1.197335e-01,1.275846e-01,3.825125e-01,1.456502e-01,-5.804276e-03,-2.000000e-02,1.879409e-02,7.760000e+01,1.830000e+01,-1.096096e-01,9.160599e-03,-2.136865e-02,1.012392e-02,6.897569e+01,2.112053e+02,1.618776e+01,6.223681e+01,6.482942e+01,2.139068e-01,1.307383e+00
1.709000e+03,7.759178e+01,1.808304e+01,-1.286472e-01,1.272887e-01,4.025125e-01,1.642607e-01,-2.958835e-04,2.000000e-02,1.861042e-02,7.760000e+01,1.830000e+01,-1.096096e-01,8.217379e-03,2.169552e-01,1.903759e-02,6.898391e+01,2.114223e+02,1.620680e+01,6.223687e+01,6.487649e+01,2.142692e-01,1.308129e+00
1.710000e+03,7.758485e+01,1.806374e+01,-1.213978e-01,1.342887e-01,4.225125e-01,1.432967e-01,7.000000e-03,2.000000e-02,-2.096398e-02,7.760000e+01,1.830000e+01,-1.096096e-01,1.514549e-02,2.362627e-01,1.178821e-02,6.899905e+01,2.116585e+02,1.621859e+01,6.223710e+01,6.493231e+01,2.144082e-01,1.309018e+00
1.711000e+03,7.758257e+01,1.824132e+01,-1.120524e-01,1.371481e-01,4.025125e-01,1.237675e-01,2.859384e-03,-2.000000e-02,-1.952921e-02,7.760000e+01,1.830000e+01,-1.096096e-01,1.743102e-02,5.867670e-02,2.442813e-03,6.901648e+01,2.117172e+02,1.622103e+01,6.223741e+01,6.493575e+01,2.144142e-01,1.309807e+00
1.712000e+03,7.759060e+01,1.820595e+01,-1.185413e-01,1.301481e-01,4.225125e-01,1.430788e-01,-7.000000e-03,2.000000e-02,1.931138e-02,7.760000e+01,1.830000e+01,-1.096096e-01,9.398767e-03,9.405107e-02,8.931656e-03,6.902588e+01,2.118113e+02,1.622996e+01,6.223749e+01,6.494460e+01,2.144939e-01,1.310629e+00
1.713000e+03,7.758461e+01,1.836948e+01,-1.133167e-01,1.358442e-01,4.025125e-01,1.279444e-01,5.696095e-03,-2.000000e-02,-1.513450e-02,7.760000e+01,1.830000e+01,-1.096096e-01,1.538664e-02,-6.947913e-02,3.707090e-03,6.904127e+01,2.118807e+02,1.623367e+01,6.223773e+01,6.494942e+01,2.145077e-01,1.311291e+00
1.714000e+03,7.759084e+01,1.832134e+01,-1.191137e-01,1.288442e-01,3.825125e-01,1.439470e-01,-7.000000e-03,-2.000000e-02,1.600268e-02,7.760000e+01,1.830000e+01,-1.096096e-01,9.157310e-03,-2.134220e-02,9.504112e-03,6.905043e+01,2.119021e+02,1.624317e+01,6.223782e+01,6.494988e+01,2.145980e-01,1.311996e+00
1.715000e+03,7.759318e+01,1.808302e+01,-1.283038e-01,1.256185e-01,4.025125e-01,1.636844e-01,-3.225702e-03,2.000000e-02,1.973738e-02,7.760000e+01,1.830000e+01,-1.096096e-01,6.824978e-03,2.169789e-01,1.869419e-02,6.905725e+01,2.121191e+02,1.626187e+01,6.223786e+01,6.499696e+01,2.149475e-01,1.312796e+00
1.716000e+03,7.758483e+01,1.806375e+01,-1.218216e-01,1.326185e-01,4.225125e-01,1.444512e-01,7.000000e-03,2.000000e-02,-1.923323e-02,7.760000e+01,1.830000e+01,-1.096096e-01,1.517181e-02,2.362480e-01,1.221202e-02,6.907242e+01,2.123553e+02,1.627408e+01,6.223809e+01,6.505277e+01,2.150966e-01,1.313615e+00
1.717000e+03,7.758087e+01,1.824134e+01,-1.124942e-01,1.391860e-01,4.025125e-01,1.246583e-01,6.567532e-03,-2.000000e-02,-1.979291e-02,7.760000e+01,1.830000e+01,-1.096096e-01,1.913367e-02,5.866416e-02,2.884615e-03,6.909156e+01,2.124140e+02,1.627697e+01,6.223846e+01,6.505621e+01,2.151049e-01,1.314450e+00
1.718000e+03,7.759060e+01,1.820592e+01,-1.180267e-01,1.321860e-01,4.225125e-01,1.416671e-01,-7.000000e-03,2.000000e-02,1.700883e-02,7.760000e+01,1.830000e+01,-1.096096e-01,9.398521e-03,9.408395e-02,8.417059e-03,6.910096e+01,2.125081e+02,1.628538e+01,6.223855e+01,6.506507e+01,2.151758e-01,1.315188e+00
1.719000e+03,7.758666e+01,1.836945e+01,-1.127775e-01,1.333889e-01,4.025125e-01,1.268561e-01,1.202851e-03,-2.000000e-02,-1.481095e-02,7.760000e+01,1.830000e+01,-1.096096e-01,1.334050e-02,-6.944954e-02,3.167903e-03,6.911430e+01,2.125775e+02,1.628855e+01,6.223872e+01,6.506989e+01,2.151858e-01,1.315809e+00
1.720000e+03,7.759084e+01,1.832137e+01,-1.197335e-01,1.275846e-01,3.825125e-01,1.456502e-01,-5.804276e-03,-2.000000e-02,1.879409e-02,7.760000e+01,1.830000e+01,-1.096096e-01,9.160599e-03,-2.136865e-02,1.012392e-02,6.912346e+01,2.125989e+02,1.629867e+01,6.223881e+01,6.507034e+01,2.152883e-01,1.316596e+00
1.721000e+03,7.759178e+01,1.808304e+01,-1.286472e-01,1.272887e-01,4.025125e-01,1.642607e-01,-2.958835e-04,2.000000e-02,1.861042e-02,7.760000e+01,1.830000e+01,-1.096096e-01,8.217379e-03,2.169552e-01,1.903759e-02,6.913167e+01,2.128158e+02,1.631771e+01,6.223888e+01,6.511741e+01,2.156507e-01,1.317342e+00
1.722000e+03,7.758485e+01,1.806374e+01,-1.213978e-01,1.342887e-01,4.225125e-01,1.432967e-01,7.000000e-03,2.000000e-02,-2.096398e-02,7.760000e+01,1.830000e+01,-1.096096e-01,1.514549e-02,2.362627e-01,1.178821e-02,6.914682e+01,2.130521e+02,1.632950e+01,6.223911e+01,6.517323e+01,2.157897e-01,1.318230e+00
1.723000e+03,7.758257e+01,1.824132e+01,-1.120524e-01,1.371481e-01,4.025125e-01,1.237675e-01,2.859384e-03,-2.000000e-02,-1.952921e-02,7.760000e+01,1.830000e+01,-1.096096e-01,1.743102e-02,5.867670e-02,2.442813e-03,6.916425e+01,2.131108e+02,1.633194e+01,6.223941e+01,6.517668e+01,2.157957e-01,1.319020e+00
1.724000e+03,7.759060e+01,1.820595e+01,-1.185413e-01,1.301481e-01,4.225125e-01,1.430788e-01,-7.000000e-03,2.000000e-02,1.931138e-02,7.760000e+01,1.830000e+01,-1.096096e-01,9.398767e-03,9.405107e-02,8.931656e-03,6.917365e+01,2.132048e+02,1.634087e+01,6.223950e+01,6.518552e+01,2.158754e-01,1.319842e+00
1.725000e+03,7.758461e+01,1.836948e+01,-1.133167e-01,1.358442e-01,4.025125e-01,1.279444e-01,5.696095e-03,-2.000000e-02,-1.513450e-02,7.760000e+01,1.830000e+01,-1.096096e-01,1.538664e-02,-6.947913e-02,3.707090e-03,6.918904e+01,2.132743e+02,1.634458e+01,6.223973e+01,6.519035e+01,2.158892e-01,1.320503e+00
1.726000e+03,7.759084e+01,1.832134e+01,-1.191137e-01,1.288442e-01,3.825125e-01,1.439470e-01,-7.000000e-03,-2.000000e-02,1.600268e-02,7.760000e+01,1.830000e+01,-1.096096e-01,9.157310e-03,-2.134220e-02,9.504112e-03,6.919819e+01,2.132956e+02,1.635409e+01,6.223982e+01,6.519081e+01,2.159795e-01,1.321209e+00
1.727000e+03,7.759318e+01,1.808302e+01,-1.283038e-01,1.256185e-01,4.025125e-01,1.636844e-01,-3.225702e-03,2.000000e-02,1.973738e-02,7.760000e+01,1.830000e+01,-1.096096e-01,6.824978e-03,2.169789e-01,1.869419e-02,6.920502e+01,2.135126e+02,1.637278e+01,6.223986e+01,6.523789e+01,2.163290e-01,1.322009e+00
1.728000e+03,7.758483e+01,1.806375e+01,-1.218216e-01,1.326185e-01,4.225125e-01,1.444512e-01,7.000000e-03,2.000000e-02,-1.923323e-02,7.760000e+01,1.830000e+01,-1.096096e-01,1.517181e-02,2.362480e-01,1.221202e-02,6.922019e+01,2.137489e+02,1.638499e+01,6.224010e+01,6.529370e+01,2.164781e-01,1.322827e+00
1.729000e+03,7.758087e+01,1.824134e+01,-1.124942e-01,1.391860e-01,4.025125e-01,1.246583e-01,6.567532e-03,-2.000000e-02,-1.979291e-02,7.760000e+01,1.830000e+01,-1.096096e-01,1.913367e-02,5.866416e-02,2.884615e-03,6.923932e+01,2.138075e+02,1.638788e+01,6.224046e+01,6.529714e+01,2.164864e-01,1.323662e+00
1.730000e+03,7.759060e+01,1.820592e+01,-1.180267e-01,1.321860e-01,4.225125e-01,1.416671e-01,-7.000000e-03,2.000000e-02,1.700883e-02,7.760000e+01,1.830000e+01,-1.096096e-01,9.398521e-03,9.408395e-02,8.417059e-03,6.924872e+01,2.139016e+02,1.639629e+01,6.224055e+01,6.530599e+01,2.165573e-01,1.324401e+00
1.731000e+03,7.758666e+01,1.836945e+01,-1.127775e-01,1.333889e-01,4.025125e-01,1.268561e-01,1.202851e-03,-2.000000e-02,-1.481095e-02,7.760000e+01,1.830000e+01,-1.096096e-01,1.334050e-02,-6.944954e-02,3.167903e-03,6.926206e+01,2.139711e+02,1.639946e+01,6.224073e+01,6.531082e+01,2.165673e-01,1.325021e+00
1.732000e+03,7.759084e+01,1.832137e+01,-1.197335e-01,1.275846e-01,3.825125e-01,1.456502e-01,-5.804276e-03,-2.000000e-02,1.879409e-02,7.760000e+01,1.830000e+01,-1.096096e-01,9.160599e-03,-2.136865e-02,1.012392e-02,6.927122e+01,2.139924e+02,1.640959e+01,6.224081e+01,6.531127e+01,2.166698e-01,1.325808e+00
1.733000e+03,7.759178e+01,1.808304e+01,-1.286472e-01,1.272887e-01,4.025125e-01,1.642607e-01,-2.958835e-04,2.000000e-02,1.861042e-02,7.760000e+01,1.830000e+01,-1.096096e-01,8.217379e-03,2.169552e-01,1.903759e-02,6.927944e+01,2.142094e+02,1.642862e+01,6.224088e+01,6.535834e+01,2.170322e-01,1.326555e+00
1.734000e+03,7.758485e+01,1.806374e+01,-1.213978e-01,1.342887e-01,4.225125e-01,1.432967e-01,7.000000e-03,2.000000e-02,-2.096398e-02,7.760000e+01,1.830000e+01,-1.096096e-01,1.514549e-02,2.362627e-01,1.178821e-02,6.929459e+01,2.144457e+02,1.644041e+01,6.224111e+01,6.541416e+01,2.171712e-01,1.327443e+00
1.735000e+03,7.758257e+01,1.824132e+01,-1.120524e-01,1.371481e-01,4.025125e-01,1.237675e-01,2.859384e-03,-2.000000e-02,-1.952921e-02,7.760000e+01,1.830000e+01,-1.096096e-01,1.743102e-02,5.867670e-02,2.442813e-03,6.931202e+01,2.145043e+02,1.644285e+01,6.224141e+01,6.541760e+01,2.171772e-01,1.328233e+00
1.736000e+03,7.759060e+01,1.820595e+01,-1.185413e-01,1.301481e-01,4.225125e-01,1.430788e-01,-7.000000e-03,2.000000e-02,1.931138e-02,7.760000e+01,1.830000e+01,-1.096096e-01,9.398767e-03,9.405107e-02,8.931656e-03,6.932142e+01,2.145984e+02,1.645179e+01,6.224150e+01,6.542645e+01,2.172570e-01,1.329055e+00
1.737000e+03,7.758461e+01,1.836948e+01,-1.133167e-01,1.358442e-01,4.025125e-01,1.279444e-01,5.696095e-03,-2.000000e-02,-1.513450e-02,7.760000e+01,1.830000e+01,-1.096096e-01,1.538664e-02,-6.947913e-02,3.707090e-03,6.933680e+01,2.146679e+02,1.645549e+01,6.224174e+01,6.543128e+01,2.172707e-01,1.329716e+00
1.738000e+03,7.759084e+01,1.832134e+01,-1.191137e-01,1.288442e-01,3.825125e-01,1.439470e-01,-7.000000e-03,-2.000000e-02,1.600268e-02,7.760000e+01,1.830000e+01,-1.096096e-01,9.157310e-03,-2.134220e-02,9.504112e-03,6.934596e+01,2.146892e+02,1.646500e+01,6.224182e+01,6.543173e+01,2.173610e-01,1.330421e+00
1.739000e+03,7.759318e+01,1.808302e+01,-1.283038e-01,1.256185e-01,4.025125e-01,1.636844e-01,-3.225702e-03,2.000000e-02,1.973738e-02,7.760000e+01,1.830000e+01,-1.096096e-01,6.824978e-03,2.169789e-01,1.869419e-02,6.935279e+01,2.149062e+02,1.648369e+01,6.224187e+01,6.547881e+01,2.177105e-01,1.331221e+00
1.740000e+03,7.758483e+01,1.806375e+01,-1.218216e-01,1.326185e-01,4.225125e-01,1.444512e-01,7.000000e-03,2.000000e-02,-1.923323e-02,7.760000e+01,1.830000e+01,-1.096096e-01,1.517181e-02,2.362480e-01,1.221202e-02,6.936796e+01,2.151424e+02,1.649590e+01,6.224210e+01,6.553463e+01,2.178596e-01,1.332040e+00
1.741000e+03,7.758087e+01,1.824134e+01,-1.124942e-01,1.391860e-01,4.025125e-01,1.246583e-01,6.567532e-03,-2.000000e-02,-1.979291e-02,7.760000e+01,1.830000e+01,-1.096096e-01,1.913367e-02,5.866416e-02,2.884615e-03,6.938709e+01,2.152011e+02,1.649879e+01,6.224246e+01,6.553807e+01,2.178680e-01,1.332875e+00
1.742000e+03,7.759060e+01,1.820592e+01,-1.180267e-01,1.321860e-01,4.225125e-01,1.416671e-01,-7.000000e-03,2.000000e-02,1.700883e-02,7.760000e+01,1.830000e+01,-1.096096e-01,9.398521e-03,9.408395e-02,8.417059e-03,6.939649e+01,2.152952e+02,1.650720e+01,6.224255e+01,6.554692e+01,2.179388e-01,1.333613e+00
1.743000e+03,7.758666e+01,1.836945e+01,-1.127775e-01,1.333889e-01,4.025125e-01,1.268561e-01,1.202851e-03,-2.000000e-02,-1.481095e-02,7.760000e+01,1.830000e+01,-1.096096e-01,1.334050e-02,-6.944954e-02,3.167903e-03,6.940983e+01,2.153646e+02,1.651037e+01,6.224273e+01,6.555174e+01,2.179488e-01,1.334234e+00
1.744000e+03,7.759084e+01,1.832137e+01,-1.197335e-01,1.275846e-01,3.825125e-01,1.456502e-01,-5.804276e-03,-2.000000e-02,1.879409e-02,7.760000e+01,1.830000e+01,-1.096096e-01,9.160599e-03,-2.136865e-02,1.012392e-02,6.941899e+01,2.153860e+02,1.652050e+01,6.224281e+01,6.555220e+01,2.180513e-01,1.335021e+00
1.745000e+03,7.759178e+01,1.808304e+01,-1.286472e-01,1.272887e-01,4.025125e-01,1.642607e-01,-2.958835e-04,2.000000e-02,1.861042e-02,7.760000e+01,1.830000e+01,-1.096096e-01,8.217379e-03,2.169552e-01,1.903759e-02,6.942721e+01,2.156030e+02,1.653953e+01,6.224288e+01,6.559927e+01,2.184138e-01,1.335768e+00
1.746000e+03,7.758485e+01,1.806374e+01,-1.213978e-01,1.342887e-01,4.225125e-01,1.432967e-01,7.000000e-03,2.000000e-02,-2.096398e-02,7.760000e+01,1.830000e+01,-1.096096e-01,1.514549e-02,2.362627e-01,1.178821e-02,6.944235e+01,2.158392e+02,1.655132e+01,6.224311e+01,6.565509e+01,2.185527e-01,1.336656e+00
1.747000e+03,7.758257e+01,1.824132e+01,-1.120524e-01,1.371481e-01,4.025125e-01,1.237675e-01,2.859384e-03,-2.000000e-02,-1.952921e-02,7.760000e+01,1.830000e+01,-1.096096e-01,1.743102e-02,5.867670e-02,2.442813e-03,6.945978e+01,2.158979e+02,1.655377e+01,6.224341e+01,6.565853e+01,2.185587e-01,1.337446e+00
1.748000e+03,7.759060e+01,1.820595e+01,-1.185413e-01,1.301481e-01,4.225125e-01,1.430788e-01,-7.000000e-03,2.000000e-02,1.931138e-02,7.760000e+01,1.830000e+01,-1.096096e-01,9.398767e-03,9.405107e-02,8.931656e-03,6.946918e+01,2.159919e+02,1.656270e+01,6.224350e+01,6.566738e+01,2.186385e-01,1.338268e+00
1.749000e+03,7.758461e+01,1.836948e+01,-1.133167e-01,1.358442e-01,4.025125e-01,1.279444e-01,5.696095e-03,-2.000000e-02,-1.513450e-02,7.760000e+01,1.830000e+01,-1.096096e-01,1.538664e-02,-6.947913e-02,3.707090e-03,6.948457e+01,2.160614e+02,1.656640e+01,6.224374e+01,6.567220e+01,2.186522e-01,1.338929e+00
1.750000e+03,7.759084e+01,1.832134e+01,-1.191137e-01,1.288442e-01,3.825125e-01,1.439470e-01,-7.000000e-03,-2.000000e-02,1.600268e-02,7.760000e+01,1.830000e+01,-1.096096e-01,9.157310e-03,-2.134220e-02,9.504112e-03,6.949373e+01,2.160828e+02,1.657591e+01,6.224382e+01,6.567266e+01,2.187425e-01,1.339634e+00
1.751000e+03,7.759318e+01,1.808302e+01,-1.283038e-01,1.256185e-01,4.025125e-01,1.636844e-01,-3.225702e-03,2.000000e-02,1.973738e-02,7.760000e+01,1.830000e+01,-1.096096e-01,6.824978e-03,2.169789e-01,1.869419e-02,6.950055e+01,2.162997e+02,1.659460e+01,6.224387e+01,6.571974e+01,2.190920e-01,1.340434e+00
1.752000e+03,7.758483e+01,1.806375e+01,-1.218216e-01,1.326185e-01,4.225125e-01,1.444512e-01,7.000000e-03,2.000000e-02,-1.923323e-02,7.760000e+01,1.830000e+01,-1.096096e-01,1.517181e-02,2.362480e-01,1.221202e-02,6.951572e+01,2.165360e+02,1.660681e+01,6.224410e+01,6.577555e+01,2.192411e-01,1.341253e+00
1.753000e+03,7.758087e+01,1.824134e+01,-1.124942e-01,1.391860e-01,4.025125e-01,1.246583e-01,6.567532e-03,-2.000000e-02,-1.979291e-02,7.760000e+01,1.830000e+01,-1.096096e-01,1.913367e-02,5.866416e-02,2.884615e-03,6.953486e+01,2.165947e+02,1.660970e+01,6.224447e+01,6.577899e+01,2.192495e-01,1.342088e+00
1.754000e+03,7.759060e+01,1.820592e+01,-1.180267e-01,1.321860e-01,4.225125e-01,1.416671e-01,-7.000000e-03,2.000000e-02,1.700883e-02,7.760000e+01,1.830000e+01,-1.096096e-01,9.398521e-03,9.408395e-02,8.417059e-03,6.954426e+01,2.166887e+02,1.661812e+01,6.224456e+01,6.578785e+01,2.193203e-01,1.342826e+00
1.755000e+03,7.758666e+01,1.836945e+01,-1.127775e-01,1.333889e-01,4.025125e-01,1.268561e-01,1.202851e-03,-2.000000e-02,-1.481095e-02,7.760000e+01,1.830000e+01,-1.096096e-01,1.334050e-02,-6.944954e-02,3.167903e-03,6.955760e+01,2.167582e+02,1.662128e+01,6.224473e+01,6.579267e+01,2.193303e-01,1.343447e+00
1.756000e+03,7.759084e+01,1.832137e+01,-1.197335e-01,1.275846e-01,3.825125e-01,1.456502e-01,-5.804276e-03,-2.000000e-02,1.879409e-02,7.760000e+01,1.830000e+01,-1.096096e-01,9.160599e-03,-2.136865e-02,1.012392e-02,6.956676e+01,2.167796e+02,1.663141e+01,6.224482e+01,6.579313e+01,2.194328e-01,1.344234e+00
1.757000e+03,7.759178e+01,1.808304e+01,-1.286472e-01,1.272887e-01,4.025125e-01,1.642607e-01,-2.958835e-04,2.000000e-02,1.861042e-02,7.760000e+01,1.830000e+01,-1.096096e-01,8.217379e-03,2.169552e-01,1.903759e-02,6.957497e+01,2.169965e+02,1.665045e+01,6.224488e+01,6.584020e+01,2.197953e-01,1.344980e+00
1.758000e+03,7.758485e+01,1.806374e+01,-1.213978e-01,1.342887e-01,4.225125e-01,1.432967e-01,7.000000e-03,2.000000e-02,-2.096398e-02,7.760000e+01,1.830000e+01,-1.096096e-01,1.514549e-02,2.362627e-01,1.178821e-02,6.959012e+01,2.172328e+02,1.666223e+01,6.224511e+01,6.589602e+01,2.199342e-01,1.345869e+00
1.759000e+03,7.758257e+01,1.824132e+01,-1.120524e-01,1.371481e-01,4.025125e-01,1.237675e-01,2.859384e-03,-2.000000e-02,-1.952921e-02,7.760000e+01,1.830000e+01,-1.096096e-01,1.743102e-02,5.867670e-02,2.442813e-03,6.960755e+01,2.172915e+02,1.666468e+01,6.224542e+01,6.589946e+01,2.199402e-01,1.346658e+00
1.760000e+03,7.759060e+01,1.820595e+01,-1.185413e-01,1.301481e-01,4.225125e-01,1.430788e-01,-7.000000e-03,2.000000e-02,1.931138e-02,7.760000e+01,1.830000e+01,-1.096096e-01,9.398767e-03,9.405107e-02,8.931656e-03,6.961695e+01,2.173855e+02,1.667361e+01,6.224551e+01,6.590830e+01,2.200200e-01,1.347480e+00
1.761000e+03,7.758461e+01,1.836948e+01,-1.133167e-01,1.358442e-01,4.025125e-01,1.279444e-01,5.696095e-03,-2.000000e-02,-1.513450e-02,7.760000e+01,1.830000e+01,-1.096096e-01,1.538664e-02,-6.947913e-02,3.707090e-03,6.963234e+01,2.174550e+02,1.667731e+01,6.224574e+01,6.591313e+01,2.200337e-01,1.348142e+00
1.762000e+03,7.759084e+01,1.832134e+01,-1.191137e-01,1.288442e-01,3.825125e-01,1.439470e-01,-7.000000e-03,-2.000000e-02,1.600268e-02,7.760000e+01,1.830000e+01,-1.096096e-01,9.157310e-03,-2.134220e-02,9.504112e-03,6.964149e+01,2.174763e+02,1.668682e+01,6.224583e+01,6.591359e+01,2.201240e-01,1.348847e+00
1.763000e+03,7.759318e+01,1.808302e+01,-1.283038e-01,1.256185e-01,4.025125e-01,1.636844e-01,-3.225702e-03,2.000000e-02,1.973738e-02,7.760000e+01,1.830000e+01,-1.096096e-01,6.824978e-03,2.169789e-01,1.869419e-02,6.964832e+01,2.176933e+02,1.670551e+01,6.224587e+01,6.596067e+01,2.204735e-01,1.349647e+00
1.764000e+03,7.758483e+01,1.806375e+01,-1.218216e-01,1.326185e-01,4.225125e-01,1.444512e-01,7.000000e-03,2.000000e-02,-1.923323e-02,7.760000e+01,1.830000e+01,-1.096096e-01,1.517181e-02,2.362480e-01,1.221202e-02,6.966349e+01,2.179296e+02,1.671773e+01,6.224610e+01,6.601648e+01,2.206226e-01,1.350466e+00
1.765000e+03,7.758087e+01,1.824134e+01,-1.124942e-01,1.391860e-01,4.025125e-01,1.246583e-01,6.567532e-03,-2.000000e-02,-1.979291e-02,7.760000e+01,1.830000e+01,-1.096096e-01,1.913367e-02,5.866416e-02,2.884615e-03,6.968262e+01,2.179882e+02,1.672061e+01,6.224647e+01,6.601992e+01,2.206310e-01,1.351301e+00
1.766000e+03,7.759060e+01,1.820592e+01,-1.180267e-01,1.321860e-01,4.225125e-01,1.416671e-01,-7.000000e-03,2.000000e-02,1.700883e-02,7.760000e+01,1.830000e+01,-1.096096e-01,9.398521e-03,9.408395e-02,8.417059e-03,6.969202e+01,2.180823e+02,1.672903e+01,6.224656e+01,6.602877e+01,2.207018e-01,1.352039e+00
1.767000e+03,7.758666e+01,1.836945e+01,-1.127775e-01,1.333889e-01,4.025125e-01,1.268561e-01,1.202851e-03,-2.000000e-02,-1.481095e-02,7.760000e+01,1.830000e+01,-1.096096e-01,1.334050e-02,-6.944954e-02,3.167903e-03,6.970536e+01,2.181517e+02,1.673219e+01,6.224674e+01,6.603360e+01,2.207118e-01,1.352660e+00
1.768000e+03,7.759084e+01,1.832137e+01,-1.197335e-01,1.275846e-01,3.825125e-01,1.456502e-01,-5.804276e-03,-2.000000e-02,1.879409e-02,7.760000e+01,1.830000e+01,-1.096096e-01,9.160599e-03,-2.136865e-02,1.012392e-02,6.971452e+01,2.181731e+02,1.674232e+01,6.224682e+01,6.603405e+01,2.208143e-01,1.353447e+00
1.769000e+03,7.759178e+01,1.808304e+01,-1.286472e-01,1.272887e-01,4.025125e-01,1.642607e-01,-2.958835e-04,2.000000e-02,1.861042e-02,7.760000e+01,1.830000e+01,-1.096096e-01,8.217379e-03,2.169552e-01,1.903759e-02,6.972274e+01,2.183901e+02,1.676136e+01,6.224689e+01,6.608112e+01,2.211768e-01,1.354193e+00
1.770000e+03,7.758485e+01,1.806374e+01,-1.213978e-01,1.342887e-01,4.225125e-01,1.432967e-01,7.000000e-03,2.000000e-02,-2.096398e-02,7.760000e+01,1.830000e+01,-1.096096e-01,1.514549e-02,2.362627e-01,1.178821e-02,6.973789e+01,2.186263e+02,1.677314e+01,6.224712e+01,6.613694e+01,2.213157e-01,1.355082e+00
1.771000e+03,7.758257e+01,1.824132e+01,-1.120524e-01,1.371481e-01,4.025125e-01,1.237675e-01,2.859384e-03,-2.000000e-02,-1.952921e-02,7.760000e+01,1.830000e+01,-1.096096e-01,1.743102e-02,5.867670e-02,2.442813e-03,6.975532e+01,2.186850e+02,1.677559e+01,6.224742e+01,6.614039e+01,2.213217e-01,1.355871e+00
1.772000e+03,7.759060e+01,1.820595e+01,-1.185413e-01,1.301481e-01,4.225125e-01,1.430788e-01,-7.000000e-03,2.000000e-02,1.931138e-02,7.760000e+01,1.830000e+01,-1.096096e-01,9.398767e-03,9.405107e-02,8.931656e-03,6.976472e+01,2.187791e+02,1.678452e+01,6.224751e+01,6.614923e+01,2.214015e-01,1.356693e+00
1.773000e+03,7.758461e+01,1.836948e+01,-1.133167e-01,1.358442e-01,4.025125e-01,1.279444e-01,5.696095e-03,-2.000000e-02,-1.513450e-02,7.760000e+01,1.830000e+01,-1.096096e-01,1.538664e-02,-6.947913e-02,3.707090e-03,6.978010e+01,2.188485e+02,1.678823e+01,6.224775e+01,6.615406e+01,2.214152e-01,1.357355e+00
1.774000e+03,7.759084e+01,1.832134e+01,-1.191137e-01,1.288442e-01,3.825125e-01,1.439470e-01,-7.000000e-03,-2.000000e-02,1.600268e-02,7.760000e+01,1.830000e+01,-1.096096e-01,9.157310e-03,-2.134220e-02,9.504112e-03,6.978926e+01,2.188699e+02,1.679773e+01,6.224783e+01,6.615451e+01,2.215055e-01,1.358060e+00
1.775000e+03,7.759318e+01,1.808302e+01,-1.283038e-01,1.256185e-01,4.025125e-01,1.636844e-01,-3.225702e-03,2.000000e-02,1.973738e-02,7.760000e+01,1.830000e+01,-1.096096e-01,6.824978e-03,2.169789e-01,1.869419e-02,6.979609e+01,2.190869e+02,1.681642e+01,6.224788e+01,6.620159e+01,2.218550e-01,1.358860e+00
1.776000e+03,7.758483e+01,1.806375e+01,-1.218216e-01,1.326185e-01,4.225125e-01,1.444512e-01,7.000000e-03,2.000000e-02,-1.923323e-02,7.760000e+01,1.830000e+01,-1.096096e-01,1.517181e-02,2.362480e-01,1.221202e-02,6.981126e+01,2.193231e+02,1.682864e+01,6.224811e+01,6.625741e+01,2.220042e-01,1.359679e+00
1.777000e+03,7.758087e+01,1.824134e+01,-1.124942e-01,1.391860e-01,4.025125e-01,1.246583e-01,6.567532e-03,-2.000000e-02,-1.979291e-02,7.760000e+01,1.830000e+01,-1.096096e-01,1.913367e-02,5.866416e-02,2.884615e-03,6.983039e+01,2.193818e+02,1.683152e+01,6.224847e+01,6.626085e+01,2.220125e-01,1.360514e+00
1.778000e+03,7.759060e+01,1.820592e+01,-1.180267e-01,1.321860e-01,4.225125e-01,1.416671e-01,-7.000000e-03,2.000000e-02,1.700883e-02,7.760000e+01,1.830000e+01,-1.096096e-01,9.398521e-03,9.408395e-02,8.417059e-03,6.983979e+01,2.194759e+02,1.683994e+01,6.224856e+01,6.626970e+01,2.220833e-01,1.361252e+00
1.779000e+03,7.758666e+01,1.836945e+01,-1.127775e-01,1.333889e-01,4.025125e-01,1.268561e-01,1.202851e-03,-2.000000e-02,-1.481095e-02,7.760000e+01,1.830000e+01,-1.096096e-01,1.334050e-02,-6.944954e-02,3.167903e-03,6.985313e+01,2.195453e+02,1.684311e+01,6.224874e+01,6.627452e+01,2.220934e-01,1.361873e+00
1.780000e+03,7.759084e+01,1.832137e+01,-1.197335e-01,1.275846e-01,3.825125e-01,1.456502e-01,-5.804276e-03,-2.000000e-02,1.879409e-02,7.760000e+01,1.830000e+01,-1.096096e-01,9.160599e-03,-2.136865e-02,1.012392e-02,6.986229e+01,2.195667e+02,1.685323e+01,6.224882e+01,6.627498e+01,2.221958e-01,1.362660e+00
1.781000e+03,7.759178e+01,1.808304e+01,-1.286472e-01,1.272887e-01,4.025125e-01,1.642607e-01,-2.958835e-04,2.000000e-02,1.861042e-02,7.760000e+01,1.830000e+01,-1.096096e-01,8.217379e-03,2.169552e-01,1.903759e-02,6.987051e+01,2.197836e+02,1.687227e+01,6.224889e+01,6.632205e+01,2.225583e-01,1.363406e+00
1.782000e+03,7.758485e+01,1.806374e+01,-1.213978e-01,1.342887e-01,4.225125e-01,1.432967e-01,7.000000e-03,2.000000e-02,-2.096398e-02,7.760000e+01,1.830000e+01,-1.096096e-01,1.514549e-02,2.362627e-01,1.178821e-02,6.988565e+01,2.200199e+02,1.688406e+01,6.224912e+01,6.637787e+01,2.226972e-01,1.364294e+00
1.783000e+03,7.758257e+01,1.824132e+01,-1.120524e-01,1.371481e-01,4.025125e-01,1.237675e-01,2.859384e-03,-2.000000e-02,-1.952921e-02,7.760000e+01,1.830000e+01,-1.096096e-01,1.743102e-02,5.867670e-02,2.442813e-03,6.990308e+01,2.200786e+02,1.688650e+01,6.224942e+01,6.638131e+01,2.227032e-01,1.365084e+00
1.784000e+03,7.759060e+01,1.820595e+01,-1.185413e-01,1.301481e-01,4.225125e-01,1.430788e-01,-7.000000e-03,2.000000e-02,1.931138e-02,7.760000e+01,1.830000e+01,-1.096096e-01,9.398767e-03,9.405107e-02,8.931656e-03,6.991248e+01,2.201726e+02,1.689543e+01,6.224951e+01,6.639016e+01,2.227830e-01,1.365906e+00
1.785000e+03,7.758461e+01,1.836948e+01,-1.133167e-01,1.358442e-01,4.025125e-01,1.279444e-01,5.696095e-03,-2.000000e-02,-1.513450e-02,7.760000e+01,1.830000e+01,-1.096096e-01,1.538664e-02,-6.947913e-02,3.707090e-03,6.992787e+01,2.202421e+02,1.689914e+01,6.224975e+01,6.639499e+01,2.227967e-01,1.366567e+00
1.786000e+03,7.759084e+01,1.832134e+01,-1.191137e-01,1.288442e-01,3.825125e-01,1.439470e-01,-7.000000e-03,-2.000000e-02,1.600268e-02,7.760000e+01,1.830000e+01,-1.096096e-01,9.157310e-03,-2.134220e-02,9.504112e-03,6.993703e+01,2.202634e+02,1.690864e+01,6.224983e+01,6.639544e+01,2.228871e-01,1.367273e+00
1.787000e+03,7.759318e+01,1.808302e+01,-1.283038e-01,1.256185e-01,4.025125e-01,1.636844e-01,-3.225702e-03,2.000000e-02,1.973738e-02,7.760000e+01,1.830000e+01,-1.096096e-01,6.824978e-03,2.169789e-01,1.869419e-02,6.994385e+01,2.204804e+02,1.692734e+01,6.224988e+01,6.644252e+01,2.232365e-01,1.368073e+00
1.788000e+03,7.758483e+01,1.806375e+01,-1.218216e-01,1.326185e-01,4.225125e-01,1.444512e-01,7.000000e-03,2.000000e-02,-1.923323e-02,7.760000e+01,1.830000e+01,-1.096096e-01,1.517181e-02,2.362480e-01,1.221202e-02,6.995902e+01,2.207167e+02,1.693955e+01,6.225011e+01,6.649833e+01,2.233857e-01,1.368891e+00
1.789000e+03,7.758087e+01,1.824134e+01,-1.124942e-01,1.391860e-01,4.025125e-01,1.246583e-01,6.567532e-03,-2.000000e-02,-1.979291e-02,7.760000e+01,1.830000e+01,-1.096096e-01,1.913367e-02,5.866416e-02,2.884615e-03,6.997816e+01,2.207753e+02,1.694243e+01,6.225047e+01,6.650178e+01,2.233940e-01,1.369726e+00
1.790000e+03,7.759060e+01,1.820592e+01,-1.180267e-01,1.321860e-01,4.225125e-01,1.416671e-01,-7.000000e-03,2.000000e-02,1.700883e-02,7.760000e+01,1.830000e+01,-1.096096e-01,9.398521e-03,9.408395e-02,8.417059e-03,6.998756e+01,2.208694e+02,1.695085e+01,6.225056e+01,6.651063e+01,2.234648e-01,1.370465e+00
1.791000e+03,7.758666e+01,1.836945e+01,-1.127775e-01,1.333889e-01,4.025125e-01,1.268561e-01,1.202851e-03,-2.000000e-02,-1.481095e-02,7.760000e+01,1.830000e+01,-1.096096e-01,1.334050e-02,-6.944954e-02,3.167903e-03,7.000090e+01,2.209389e+02,1.695402e+01,6.225074e+01,6.651545e+01,2.234749e-01,1.371085e+00
1.792000e+03,7.759084e+01,1.832137e+01,-1.197335e-01,1.275846e-01,3.825125e-01,1.456502e-01,-5.804276e-03,-2.000000e-02,1.879409e-02,7.760000e+01,1.830000e+01,-1.096096e-01,9.160599e-03,-2.136865e-02,1.012392e-02,7.001006e+01,2.209602e+02,1.696414e+01,6.225083e+01,6.651591e+01,2.235774e-01,1.371872e+00
1.793000e+03,7.759178e+01,1.808304e+01,-1.286472e-01,1.272887e-01,4.025125e-01,1.642607e-01,-2.958835e-04,2.000000e-02,1.861042e-02,7.760000e+01,1.830000e+01,-1.096096e-01,8.217379e-03,2.169552e-01,1.903759e-02,7.001827e+01,2.211772e+02,1.698318e+01,6.225089e+01,6.656298e+01,2.239398e-01,1.372619e+00
1.794000e+03,7.758485e+01,1.806374e+01,-1.213978e-01,1.342887e-01,4.225125e-01,1.432967e-01,7.000000e-03,2.000000e-02,-2.096398e-02,7.760000e+01,1.830000e+01,-1.096096e-01,1.514549e-02,2.362627e-01,1.178821e-02,7.003342e+01,2.214135e+02,1.699497e+01,6.225112e+01,6.661880e+01,2.240787e-01,1.373507e+00
1.795000e+03,7.758257e+01,1.824132e+01,-1.120524e-01,1.371481e-01,4.025125e-01,1.237675e-01,2.859384e-03,-2.000000e-02,-1.952921e-02,7.760000e+01,1.830000e+01,-1.096096e-01,1.743102e-02,5.867670e-02,2.442813e-03,7.005085e+01,2.214721e+02,1.699741e+01,6.225143e+01,6.662224e+01,2.240847e-01,1.374297e+00
1.796000e+03,7.759060e+01,1.820595e+01,-1.185413e-01,1.301481e-01,4.225125e-01,1.430788e-01,-7.000000e-03,2.000000e-02,1.931138e-02,7.760000e+01,1.830000e+01,-1.096096e-01,9.398767e-03,9.405107e-02,8.931656e-03,7.006025e+01,2.215662e+02,1.700634e+01,6.225151e+01,6.663109e+01,2.241645e-01,1.375119e+00
1.797000e+03,7.758461e+01,1.836948e+01,-1.133167e-01,1.358442e-01,4.025125e-01,1.279444e-01,5.696095e-03,-2.000000e-02,-1.513450e-02,7.760000e+01,1.830000e+01,-1.096096e-01,1.538664e-02,-6.947913e-02,3.707090e-03,7.007564e+01,2.216357e+02,1.701005e+01,6.225175e+01,6.663591e+01,2.241782e-01,1.375780e+00
1.798000e+03,7.759084e+01,1.832134e+01,-1.191137e-01,1.288442e-01,3.825125e-01,1.439470e-01,-7.000000e-03,-2.000000e-02,1.600268e-02,7.760000e+01,1.830000e+01,-1.096096e-01,9.157310e-03,-2.134220e-02,9.504112e-03,7.008479e+01,2.216570e+02,1.701955e+01,6.225183e+01,6.663637e+01,2.242686e-01,1.376485e+00
1.799000e+03,7.759318e+01,1.808302e+01,-1.283038e-01,1.256185e-01,4.025125e-01,1.636844e-01,-3.225702e-03,2.000000e-02,1.973738e-02,7.760000e+01,1.830000e+01,-1.096096e-01,6.824978e-03,2.169789e-01,1.869419e-02,7.009162e+01,2.218740e+02,1.703825e+01,6.225188e+01,6.668345e+01,2.246180e-01,1.377285e+00
1.800000e+03,7.758483e+01,1.806375e+01,-1.218216e-01,1.326185e-01,4.225125e-01,1.444512e-01,7.000000e-03,2.000000e-02,-1.923323e-02,7.760000e+01,1.830000e+01,-1.096096e-01,1.517181e-02,2.362480e-01,1.221202e-02,7.010679e+01,2.221102e+02,1.705046e+01,6.225211e+01,6.673926e+01,2.247672e-01,1.378104e+00
1.801000e+03,7.758087e+01,1.824134e+01,-1.124942e-01,1.391860e-01,4.025125e-01,1.246583e-01,6.567532e-03,-2.000000e-02,-1.979291e-02,7.760000e+01,1.830000e+01,-1.096096e-01,1.913367e-02,5.866416e-02,2.884615e-03,7.012592e+01,2.221689e+02,1.705334e+01,6.225248e+01,6.674270e+01,2.247755e-01,1.378939e+00
1.802000e+03,7.759060e+01,1.820592e+01,-1.180267e-01,1.321860e-01,4.225125e-01,1.416671e-01,-7.000000e-03,2.000000e-02,1.700883e-02,7.760000e+01,1.830000e+01,-1.096096e-01,9.398521e-03,9.408395e-02,8.417059e-03,7.013532e+01,2.222630e+02,1.706176e+01,6.225257e+01,6.675155e+01,2.248463e-01,1.379677e+00
1.803000e+03,7.758666e+01,1.836945e+01,-1.127775e-01,1.333889e-01,4.025125e-01,1.268561e-01,1.202851e-03,-2.000000e-02,-1.481095e-02,7.760000e+01,1.830000e+01,-1.096096e-01,1.334050e-02,-6.944954e-02,3.167903e-03,7.014866e+01,2.223324e+02,1.706493e+01,6.225274e+01,6.675638e+01,2.248564e-01,1.380298e+00
1.804000e+03,7.759084e+01,1.832137e+01,-1.197335e-01,1.275846e-01,3.825125e-01,1.456502e-01,-5.804276e-03,-2.000000e-02,1.879409e-02,7.760000e+01,1.830000e+01,-1.096096e-01,9.160599e-03,-2.136865e-02,1.012392e-02,7.015782e+01,2.223538e+02,1.707505e+01,6.225283e+01,6.675683e+01,2.249589e-01,1.381085e+00
1.805000e+03,7.759178e+01,1.808304e+01,-1.286472e-01,1.272887e-01,4.025125e-01,1.642607e-01,-2.958835e-04,2.000000e-02,1.861042e-02,7.760000e+01,1.830000e+01,-1.096096e-01,8.217379e-03,2.169552e-01,1.903759e-02,7.016604e+01,2.225708e+02,1.709409e+01,6.225290e+01,6.680390e+01,2.253213e-01,1.381832e+00
1.806000e+03,7.758485e+01,1.806374e+01,-1.213978e-01,1.342887e-01,4.225125e-01,1.432967e-01,7.000000e-03,2.000000e-02,-2.096398e-02,7.760000e+01,1.830000e+01,-1.096096e-01,1.514549e-02,2.362627e-01,1.178821e-02,7.018119e+01,2.228070e+02,1.710588e+01,6.225312e+01,6.685972e+01,2.254603e-01,1.382720e+00
1.807000e+03,7.758257e+01,1.824132e+01,-1.120524e-01,1.371481e-01,4.025125e-01,1.237675e-01,2.859384e-03,-2.000000e-02,-1.952921e-02,7.760000e+01,1.830000e+01,-1.096096e-01,1.743102e-02,5.867670e-02,2.442813e-03,7.019862e+01,2.228657e+02,1.710832e+01,6.225343e+01,6.686317e+01,2.254662e-01,1.383510e+00
1.808000e+03,7.759060e+01,1.820595e+01,-1.185413e-01,1.301481e-01,4.225125e-01,1.430788e-01,-7.000000e-03,2.000000e-02,1.931138e-02,7.760000e+01,1.830000e+01,-1.096096e-01,9.398767e-03,9.405107e-02,8.931656e-03,7.020802e+01,2.229597e+02,1.711725e+01,6.225352e+01,6.687201e+01,2.255460e-01,1.384332e+00
1.809000e+03,7.758461e+01,1.836948e+01,-1.133167e-01,1.358442e-01,4.025125e-01,1.279444e-01,5.696095e-03,-2.000000e-02,-1.513450e-02,7.760000e+01,1.830000e+01,-1.096096e-01,1.538664e-02,-6.947913e-02,3.707090e-03,7.022340e+01,2.230292e+02,1.712096e+01,6.225375e+01,6.687684e+01,2.255597e-01,1.384993e+00
1.810000e+03,7.759084e+01,1.832134e+01,-1.191137e-01,1.288442e-01,3.825125e-01,1.439470e-01,-7.000000e-03,-2.000000e-02,1.600268e-02,7.760000e+01,1.830000e+01,-1.096096e-01,9.157310e-03,-2.134220e-02,9.504112e-03,7.023256e+01,2.230506e+02,1.713046e+01,6.225384e+01,6.687730e+01,2.256501e-01,1.385698e+00
1.811000e+03,7.759318e+01,1.808302e+01,-1.283038e-01,1.256185e-01,4.025125e-01,1.636844e-01,-3.225702e-03,2.000000e-02,1.973738e-02,7.760000e+01,1.830000e+01,-1.096096e-01,6.824978e-03,2.169789e-01,1.869419e-02,7.023939e+01,2.232675e+02,1.714916e+01,6.225388e+01,6.692438e+01,2.259995e-01,1.386498e+00
1.812000e+03,7.758483e+01,1.806375e+01,-1.218216e-01,1.326185e-01,4.225125e-01,1.444512e-01,7.000000e-03,2.000000e-02,-1.923323e-02,7.760000e+01,1.830000e+01,-1.096096e-01,1.517181e-02,2.362480e-01,1.221202e-02,7.025456e+01,2.235038e+02,1.716137e+01,6.225411e+01,6.698019e+01,2.261487e-01,1.387317e+00
1.813000e+03,7.758087e+01,1.824134e+01,-1.124942e-01,1.391860e-01,4.025125e-01,1.246583e-01,6.567532e-03,-2.000000e-02,-1.979291e-02,7.760000e+01,1.830000e+01,-1.096096e-01,1.913367e-02,5.866416e-02,2.884615e-03,7.027369e+01,2.235625e+02,1.716425e+01,6.225448e+01,6.698363e+01,2.261570e-01,1.388152e+00
1.814000e+03,7.759060e+01,1.820592e+01,-1.180267e-01,1.321860e-01,4.225125e-01,1.416671e-01,-7.000000e-03,2.000000e-02,1.700883e-02,7.760000e+01,1.830000e+01,-1.096096e-01,9.398521e-03,9.408395e-02,8.417059e-03,7.028309e+01,2.236565e+02,1.717267e+01,6.225457e+01,6.699248e+01,2.262278e-01,1.388890e+00
1.815000e+03,7.758666e+01,1.836945e+01,-1.127775e-01,1.333889e-01,4.025125e-01,1.268561e-01,1.202851e-03,-2.000000e-02,-1.481095e-02,7.760000e+01,1.830000e+01,-1.096096e-01,1.334050e-02,-6.944954e-02,3.167903e-03,7.029643e+01,2.237260e+02,1.717584e+01,6.225475e+01,6.699731e+01,2.262379e-01,1.389511e+00
1.816000e+03,7.759084e+01,1.832137e+01,-1.197335e-01,1.275846e-01,3.825125e-01,1.456502e-01,-5.804276e-03,-2.000000e-02,1.879409e-02,7.760000e+01,1.830000e+01,-1.096096e-01,9.160599e-03,-2.136865e-02,1.012392e-02,7.030559e+01,2.237474e+02,1.718596e+01,6.225483e+01,6.699776e+01,2.263404e-01,1.390298e+00
1.817000e+03,7.759178e+01,1.808304e+01,-1.286472e-01,1.272887e-01,4.025125e-01,1.642607e-01,-2.958835e-04,2.000000e-02,1.861042e-02,7.760000e+01,1.830000e+01,-1.096096e-01,8.217379e-03,2.169552e-01,1.903759e-02,7.031381e+01,2.239643e+02,1.720500e+01,6.225490e+01,6.704483e+01,2.267028e-01,1.391044e+00
1.818000e+03,7.758485e+01,1.806374e+01,-1.213978e-01,1.342887e-01,4.225125e-01,1.432967e-01,7.000000e-03,2.000000e-02,-2.096398e-02,7.760000e+01,1.830000e+01,-1.096096e-01,1.514549e-02,2.362627e-01,1.178821e-02,7.032895e+01,2.242006e+02,1.721679e+01,6.225513e+01,6.710065e+01,2.268418e-01,1.391933e+00
1.819000e+03,7.758257e+01,1.824132e+01,-1.120524e-01,1.371481e-01,4.025125e-01,1.237675e-01,2.859384e-03,-2.000000e-02,-1.952921e-02,7.760000e+01,1.830000e+01,-1.096096e-01,1.743102e-02,5.867670e-02,2.442813e-03,7.034638e+01,2.242593e+02,1.721923e+01,6.225543e+01,6.710409e+01,2.268477e-01,1.392722e+00
1.820000e+03,7.759060e+01,1.820595e+01,-1.185413e-01,1.301481e-01,4.225125e-01,1.430788e-01,-7.000000e-03,2.000000e-02,1.931138e-02,7.760000e+01,1.830000e+01,-1.096096e-01,9.398767e-03,9.405107e-02,8.931656e-03,7.035578e+01,2.243533e+02,1.722816e+01,6.225552e+01,6.711294e+01,2.269275e-01,1.393544e+00
1.821000e+03,7.758461e+01,1.836948e+01,-1.133167e-01,1.358442e-01,4.025125e-01,1.279444e-01,5.696095e-03,-2.000000e-02,-1.513450e-02,7.760000e+01,1.830000e+01,-1.096096e-01,1.538664e-02,-6.947913e-02,3.707090e-03,7.037117e+01,2.244228e+02,1.723187e+01,6.225576e+01,6.711777e+01,2.269412e-01,1.394206e+00
1.822000e+03,7.759084e+01,1.832134e+01,-1.191137e-01,1.288442e-01,3.825125e-01,1.439470e-01,-7.000000e-03,-2.000000e-02,1.600268e-02,7.760000e+01,1.830000e+01,-1.096096e-01,9.157310e-03,-2.134220e-02,9.504112e-03,7.038033e+01,2.244441e+02,1.724137e+01,6.225584e+01,6.711822e+01,2.270316e-01,1.394911e+00
1.823000e+03,7.759318e+01,1.808302e+01,-1.283038e-01,1.256185e-01,4.025125e-01,1.636844e-01,-3.225702e-03,2.000000e-02,1.973738e-02,7.760000e+01,1.830000e+01,-1.096096e-01,6.824978e-03,2.169789e-01,1.869419e-02,7.038715e+01,2.246611e+02,1.726007e+01,6.225589e+01,6.716530e+01,2.273811e-01,1.395711e+00
1.824000e+03,7.758483e+01,1.806375e+01,-1.218216e-01,1.326185e-01,4.225125e-01,1.444512e-01,7.000000e-03,2.000000e-02,-1.923323e-02,7.760000e+01,1.830000e+01,-1.096096e-01,1.517181e-02,2.362480e-01,1.221202e-02,7.040232e+01,2.248974e+02,1.727228e+01,6.225612e+01,6.722112e+01,2.275302e-01,1.396530e+00
1.825000e+03,7.758087e+01,1.824134e+01,-1.124942e-01,1.391860e-01,4.025125e-01,1.246583e-01,6.567532e-03,-2.000000e-02,-1.979291e-02,7.760000e+01,1.830000e+01,-1.096096e-01,1.913367e-02,5.866416e-02,2.884615e-03,7.042146e+01,2.249560e+02,1.727517e+01,6.225648e+01,6.722456e+01,2.275385e-01,1.397365e+00
1.826000e+03,7.759060e+01,1.820592e+01,-1.180267e-01,1.321860e-01,4.225125e-01,1.416671e-01,-7.000000e-03,2.000000e-02,1.700883e-02,7.760000e+01,1.830000e+01,-1.096096e-01,9.398521e-03,9.408395e-02,8.417059e-03,7.043086e+01,2.250501e+02,1.728358e+01,6.225657e+01,6.723341e+01,2.276094e-01,1.398103e+00
1.827000e+03,7.758666e+01,1.836945e+01,-1.127775e-01,1.333889e-01,4.025125e-01,1.268561e-01,1.202851e-03,-2.000000e-02,-1.481095e-02,7.760000e+01,1.830000e+01,-1.096096e-01,1.334050e-02,-6.944954e-02,3.167903e-03,7.044420e+01,2.251195e+02,1.728675e+01,6.225675e+01,6.723823e+01,2.276194e-01,1.398724e+00
1.828000e+03,7.759084e+01,1.832137e+01,-1.197335e-01,1.275846e-01,3.825125e-01,1.456502e-01,-5.804276e-03,-2.000000e-02,1.879409e-02,7.760000e+01,1.830000e+01,-1.096096e-01,9.160599e-03,-2.136865e-02,1.012392e-02,7.045336e+01,2.251409e+02,1.729687e+01,6.225683e+01,6.723869e+01,2.277219e-01,1.399511e+00
1.829000e+03,7.759178e+01,1.808304e+01,-1.286472e-01,1.272887e-01,4.025125e-01,1.642607e-01,-2.958835e-04,2.000000e-02,1.861042e-02,7.760000e+01,1.830000e+01,-1.096096e-01,8.217379e-03,2.169552e-01,1.903759e-02,7.046158e+01,2.253579e+02,1.731591e+01,6.225690e+01,6.728576e+01,2.280843e-01,1.400257e+00
1.830000e+03,7.758485e+01,1.806374e+01,-1.213978e-01,1.342887e-01,4.225125e-01,1.432967e-01,7.000000e-03,2.000000e-02,-2.096398e-02,7.760000e+01,1.830000e+01,-1.096096e-01,1.514549e-02,2.362627e-01,1.178821e-02,7.047672e+01,2.255941e+02,1.732770e+01,6.225713e+01,6.734158e+01,2.282233e-01,1.401146e+00
1.831000e+03,7.758257e+01,1.824132e+01,-1.120524e-01,1.371481e-01,4.025125e-01,1.237675e-01,2.859384e-03,-2.000000e-02,-1.952921e-02,7.760000e+01,1.830000e+01,-1.096096e-01,1.743102e-02,5.867670e-02,2.442813e-03,7.049415e+01,2.256528e+02,1.733014e+01,6.225743e+01,6.734502e+01,2.282292e-01,1.401935e+00
1.832000e+03,7.759060e+01,1.820595e+01,-1.185413e-01,1.301481e-01,4.225125e-01,1.430788e-01,-7.000000e-03,2.000000e-02,1.931138e-02,7.760000e+01,1.830000e+01,-1.096096e-01,9.398767e-03,9.405107e-02,8.931656e-03,7.050355e+01,2.257469e+02,1.733907e+01,6.225752e+01,6.735387e+01,2.283090e-01,1.402757e+00
1.833000e+03,7.758461e+01,1.836948e+01,-1.133167e-01,1.358442e-01,4.025125e-01,1.279444e-01,5.696095e-03,-2.000000e-02,-1.513450e-02,7.760000e+01,1.830000e+01,-1.096096e-01,1.538664e-02,-6.947913e-02,3.707090e-03,7.051894e+01,2.258163e+02,1.734278e+01,6.225776e+01,6.735869e+01,2.283228e-01,1.403419e+00
1.834000e+03,7.759084e+01,1.832134e+01,-1.191137e-01,1.288442e-01,3.825125e-01,1.439470e-01,-7.000000e-03,-2.000000e-02,1.600268e-02,7.760000e+01,1.830000e+01,-1.096096e-01,9.157310e-03,-2.134220e-02,9.504112e-03,7.052809e+01,2.258377e+02,1.735229e+01,6.225784e+01,6.735915e+01,2.284131e-01,1.404124e+00
1.835000e+03,7.759318e+01,1.808302e+01,-1.283038e-01,1.256185e-01,4.025125e-01,1.636844e-01,-3.225702e-03,2.000000e-02,1.973738e-02,7.760000e+01,1.830000e+01,-1.096096e-01,6.824978e-03,2.169789e-01,1.869419e-02,7.053492e+01,2.260547e+02,1.737098e+01,6.225789e+01,6.740623e+01,2.287626e-01,1.404924e+00
1.836000e+03,7.758483e+01,1.806375e+01,-1.218216e-01,1.326185e-01,4.225125e-01,1.444512e-01,7.000000e-03,2.000000e-02,-1.923323e-02,7.760000e+01,1.830000e+01,-1.096096e-01,1.517181e-02,2.362480e-01,1.221202e-02,7.055009e+01,2.262909e+02,1.738319e+01,6.225812e+01,6.746204e+01,2.289117e-01,1.405743e+00
1.837000e+03,7.758087e+01,1.824134e+01,-1.124942e-01,1.391860e-01,4.025125e-01,1.246583e-01,6.567532e-03,-2.000000e-02,-1.979291e-02,7.760000e+01,1.830000e+01,-1.096096e-01,1.913367e-02,5.866416e-02,2.884615e-03,7.056922e+01,2.263496e+02,1.738608e+01,6.225849e+01,6.746548e+01,2.289200e-01,1.406578e+00
1.838000e+03,7.759060e+01,1.820592e+01,-1.180267e-01,1.321860e-01,4.225125e-01,1.416671e-01,-7.000000e-03,2.000000e-02,1.700883e-02,7.760000e+01,1.830000e+01,-1.096096e-01,9.398521e-03,9.408395e-02,8.417059e-03,7.057862e+01,2.264437e+02,1.739449e+01,6.225857e+01,6.747434e+01,2.289909e-01,1.407316e+00
1.839000e+03,7.758666e+01,1.836945e+01,-1.127775e-01,1.333889e-01,4.025125e-01,1.268561e-01,1.202851e-03,-2.000000e-02,-1.481095e-02,7.760000e+01,1.830000e+01,-1.096096e-01,1.334050e-02,-6.944954e-02,3.167903e-03,7.059196e+01,2.265131e+02,1.739766e+01,6.225875e+01,6.747916e+01,2.290009e-01,1.407937e+00
1.840000e+03,7.759084e+01,1.832137e+01,-1.197335e-01,1.275846e-01,3.825125e-01,1.456502e-01,-5.804276e-03,-2.000000e-02,1.879409e-02,7.760000e+01,1.830000e+01,-1.096096e-01,9.160599e-03,-2.136865e-02,1.012392e-02,7.060112e+01,2.265345e+02,1.740779e+01,6.225884e+01,6.747962e+01,2.291034e-01,1.408724e+00
1.841000e+03,7.759178e+01,1.808304e+01,-1.286472e-01,1.272887e-01,4.025125e-01,1.642607e-01,-2.958835e-04,2.000000e-02,1.861042e-02,7.760000e+01,1.830000e+01,-1.096096e-01,8.217379e-03,2.169552e-01,1.903759e-02,7.060934e+01,2.267514e+02,1.742682e+01,6.225890e+01,6.752669e+01,2.294658e-01,1.409470e+00
1.842000e+03,7.758485e+01,1.806374e+01,-1.213978e-01,1.342887e-01,4.225125e-01,1.432967e-01,7.000000e-03,2.000000e-02,-2.096398e-02,7.760000e+01,1.830000e+01,-1.096096e-01,1.514549e-02,2.362627e-01,1.178821e-02,7.062449e+01,2.269877e+02,1.743861e+01,6.225913e+01,6.758251e+01,2.296048e-01,1.410358e+00
1.843000e+03,7.758257e+01,1.824132e+01,-1.120524e-01,1.371481e-01,4.025125e-01,1.237675e-01,2.859384e-03,-2.000000e-02,-1.952921e-02,7.760000e+01,1.830000e+01,-1.096096e-01,1.743102e-02,5.867670e-02,2.442813e-03,7.064192e+01,2.270464e+02,1.744105e+01,6.225944e+01,6.758595e+01,2.296107e-01,1.411148e+00
1.844000e+03,7.759060e+01,1.820595e+01,-1.185413e-01,1.301481e-01,4.225125e-01,1.430788e-01,-7.000000e-03,2.000000e-02,1.931138e-02,7.760000e+01,1.830000e+01,-1.096096e-01,9.398767e-03,9.405107e-02,8.931656e-03,7.065132e+01,2.271404e+02,1.744999e+01,6.225953e+01,6.759479e+01,2.296905e-01,1.411970e+00
1.845000e+03,7.758461e+01,1.836948e+01,-1.133167e-01,1.358442e-01,4.025125e-01,1.279444e-01,5.696095e-03,-2.000000e-02,-1.513450e-02,7.760000e+01,1.830000e+01,-1.096096e-01,1.538664e-02,-6.947913e-02,3.707090e-03,7.066670e+01,2.272099e+02,1.745369e+01,6.225976e+01,6.759962e+01,2.297043e-01,1.412631e+00
1.846000e+03,7.759084e+01,1.832134e+01,-1.191137e-01,1.288442e-01,3.825125e-01,1.439470e-01,-7.000000e-03,-2.000000e-02,1.600268e-02,7.760000e+01,1.830000e+01,-1.096096e-01,9.157310e-03,-2.134220e-02,9.504112e-03,7.067586e+01,2.272312e+02,1.746320e+01,6.225985e+01,6.760008e+01,2.297946e-01,1.413337e+00
1.847000e+03,7.759318e+01,1.808302e+01,-1.283038e-01,1.256185e-01,4.025125e-01,1.636844e-01,-3.225702e-03,2.000000e-02,1.973738e-02,7.760000e+01,1.830000e+01,-1.096096e-01,6.824978e-03,2.169789e-01,1.869419e-02,7.068269e+01,2.274482e+02,1.748189e+01,6.225989e+01,6.764716e+01,2.301441e-01,1.414137e+00
1.848000e+03,7.758483e+01,1.806375e+01,-1.218216e-01,1.326185e-01,4.225125e-01,1.444512e-01,7.000000e-03,2.000000e-02,-1.923323e-02,7.760000e+01,1.830000e+01,-1.096096e-01,1.517181e-02,2.362480e-01,1.221202e-02,7.069786e+01,2.276845e+02,1.749410e+01,6.226012e+01,6.770297e+01,2.302932e-01,1.414955e+00
1.849000e+03,7.758087e+01,1.824134e+01,-1.124942e-01,1.391860e-01,4.025125e-01,1.246583e-01,6.567532e-03,-2.000000e-02,-1.979291e-02,7.760000e+01,1.830000e+01,-1.096096e-01,1.913367e-02,5.866416e-02,2.884615e-03,7.071699e+01,2.277431e+02,1.749699e+01,6.226049e+01,6.770641e+01,2.303015e-01,1.415790e+00
1.850000e+03,7.759060e+01,1.820592e+01,-1.180267e-01,1.321860e-01,4.225125e-01,1.416671e-01,-7.000000e-03,2.000000e-02,1.700883e-02,7.760000e+01,1.830000e+01,-1.096096e-01,9.398521e-03,9.408395e-02,8.417059e-03,7.072639e+01,2.278372e+02,1.750541e+01,6.226058e+01,6.771526e+01,2.303724e-01,1.416529e+00
1.851000e+03,7.758666e+01,1.836945e+01,-1.127775e-01,1.333889e-01,4.025125e-01,1.268561e-01,1.202851e-03,-2.000000e-02,-1.481095e-02,7.760000e+01,1.830000e+01,-1.096096e-01,1.334050e-02,-6.944954e-02,3.167903e-03,7.073973e+01,2.279067e+02,1.750857e+01,6.226076e+01,6.772009e+01,2.303824e-01,1.417149e+00
1.852000e+03,7.759084e+01,1.832137e+01,-1.197335e-01,1.275846e-01,3.825125e-01,1.456502e-01,-5.804276e-03,-2.000000e-02,1.879409e-02,7.760000e+01,1.830000e+01,-1.096096e-01,9.160599e-03,-2.136865e-02,1.012392e-02,7.074889e+01,2.279280e+02,1.751870e+01,6.226084e+01,6.772054e+01,2.304849e-01,1.417936e+00
1.853000e+03,7.759178e+01,1.808304e+01,-1.286472e-01,1.272887e-01,4.025125e-01,1.642607e-01,-2.958835e-04,2.000000e-02,1.861042e-02,7.760000e+01,1.830000e+01,-1.096096e-01,8.217379e-03,2.169552e-01,1.903759e-02,7.075711e+01,2.281450e+02,1.753773e+01,6.226091e+01,6.776761e+01,2.308473e-01,1.418683e+00
1.854000e+03,7.758485e+01,1.806374e+01,-1.213978e-01,1.342887e-01,4.225125e-01,1.432967e-01,7.000000e-03,2.000000e-02,-2.096398e-02,7.760000e+01,1.830000e+01,-1.096096e-01,1.514549e-02,2.362627e-01,1.178821e-02,7.077225e+01,2.283813e+02,1.754952e+01,6.226114e+01,6.782343e+01,2.309863e-01,1.419571e+00
1.855000e+03,7.758257e+01,1.824132e+01,-1.120524e-01,1.371481e-01,4.025125e-01,1.237675e-01,2.859384e-03,-2.000000e-02,-1.952921e-02,7.760000e+01,1.830000e+01,-1.096096e-01,1.743102e-02,5.867670e-02,2.442813e-03,7.078968e+01,2.284399e+02,1.755197e+01,6.226144e+01,6.782688e+01,2.309923e-01,1.420361e+00
1.856000e+03,7.759060e+01,1.820595e+01,-1.185413e-01,1.301481e-01,4.225125e-01,1.430788e-01,-7.000000e-03,2.000000e-02,1.931138e-02,7.760000e+01,1.830000e+01,-1.096096e-01,9.398767e-03,9.405107e-02,8.931656e-03,7.079908e+01,2.285340e+02,1.756090e+01,6.226153e+01,6.783572e+01,2.310720e-01,1.421183e+00
1.857000e+03,7.758461e+01,1.836948e+01,-1.133167e-01,1.358442e-01,4.025125e-01,1.279444e-01,5.696095e-03,-2.000000e-02,-1.513450e-02,7.760000e+01,1.830000e+01,-1.096096e-01,1.538664e-02,-6.947913e-02,3.707090e-03,7.081447e+01,2.286035e+02,1.756460e+01,6.226176e+01,6.784055e+01,2.310858e-01,1.421844e+00
1.858000e+03,7.759084e+01,1.832134e+01,-1.191137e-01,1.288442e-01,3.825125e-01,1.439470e-01,-7.000000e-03,-2.000000e-02,1.600268e-02,7.760000e+01,1.830000e+01,-1.096096e-01,9.157310e-03,-2.134220e-02,9.504112e-03,7.082363e+01,2.286248e+02,1.757411e+01,6.226185e+01,6.784100e+01,2.311761e-01,1.422549e+00
1.859000e+03,7.759318e+01,1.808302e+01,-1.283038e-01,1.256185e-01,4.025125e-01,1.636844e-01,-3.225702e-03,2.000000e-02,1.973738e-02,7.760000e+01,1.830000e+01,-1.096096e-01,6.824978e-03,2.169789e-01,1.869419e-02,7.083045e+01,2.288418e+02,1.759280e+01,6.226190e+01,6.788808e+01,2.315256e-01,1.423349e+00
1.860000e+03,7.758483e+01,1.806375e+01,-1.218216e-01,1.326185e-01,4.225125e-01,1.444512e-01,7.000000e-03,2.000000e-02,-1.923323e-02,7.760000e+01,1.830000e+01,-1.096096e-01,1.517181e-02,2.362480e-01,1.221202e-02,7.084562e+01,2.290780e+02,1.760501e+01,6.226213e+01,6.794390e+01,2.316747e-01,1.424168e+00
1.861000e+03,7.758087e+01,1.824134e+01,-1.124942e-01,1.391860e-01,4.025125e-01,1.246583e-01,6.567532e-03,-2.000000e-02,-1.979291e-02,7.760000e+01,1.830000e+01,-1.096096e-01,1.913367e-02,5.866416e-02,2.884615e-03,7.086476e+01,2.291367e+02,1.760790e+01,6.226249e+01,6.794734e+01,2.316830e-01,1.425003e+00
1.862000e+03,7.759060e+01,1.820592e+01,-1.180267e-01,1.321860e-01,4.225125e-01,1.416671e-01,-7.000000e-03,2.000000e-02,1.700883e-02,7.760000e+01,1.830000e+01,-1.096096e-01,9.398521e-03,9.408395e-02,8.417059e-03,7.087416e+01,2.292308e+02,1.761632e+01,6.226258e+01,6.795619e+01,2.317539e-01,1.425741e+00
1.863000e+03,7.758666e+01,1.836945e+01,-1.127775e-01,1.333889e-01,4.025125e-01,1.268561e-01,1.202851e-03,-2.000000e-02,-1.481095e-02,7.760000e+01,1.830000e+01,-1.096096e-01,1.334050e-02,-6.944954e-02,3.167903e-03,7.088750e+01,2.293002e+02,1.761948e+01,6.226276e+01,6.796101e+01,2.317639e-01,1.426362e+00
1.864000e+03,7.759084e+01,1.832137e+01,-1.197335e-01,1.275846e-01,3.825125e-01,1.456502e-01,-5.804276e-03,-2.000000e-02,1.879409e-02,7.760000e+01,1.830000e+01,-1.096096e-01,9.160599e-03,-2.136865e-02,1.012392e-02,7.089666e+01,2.293216e+02,1.762961e+01,6.226284e+01,6.796147e+01,2.318664e-01,1.427149e+00
1.865000e+03,7.759178e+01,1.808304e+01,-1.286472e-01,1.272887e-01,4.025125e-01,1.642607e-01,-2.958835e-04,2.000000e-02,1.861042e-02,7.760000e+01,1.830000e+01,-1.096096e-01,8.217379e-03,2.169552e-01,1.903759e-02,7.090488e+01,2.295386e+02,1.764865e+01,6.226291e+01,6.800854e+01,2.322288e-01,1.427896e+00
1.866000e+03,7.758485e+01,1.806374e+01,-1.213978e-01,1.342887e-01,4.225125e-01,1.432967e-01,7.000000e-03,2.000000e-02,-2.096398e-02,7.760000e+01,1.830000e+01,-1.096096e-01,1.514549e-02,2.362627e-01,1.178821e-02,7.092002e+01,2.297748e+02,1.766043e+01,6.226314e+01,6.806436e+01,2.323678e-01,1.428784e+00
1.867000e+03,7.758257e+01,1.824132e+01,-1.120524e-01,1.371481e-01,4.025125e-01,1.237675e-01,2.859384e-03,-2.000000e-02,-1.952921e-02,7.760000e+01,1.830000e+01,-1.096096e-01,1.743102e-02,5.867670e-02,2.442813e-03,7.093745e+01,2.298335e+02,1.766288e+01,6.226344e+01,6.806780e+01,2.323738e-01,1.429574e+00
1.868000e+03,7.759060e+01,1.820595e+01,-1.185413e-01,1.301481e-01,4.225125e-01,1.430788e-01,-7.000000e-03,2.000000e-02,1.931138e-02,7.760000e+01,1.830000e+01,-1.096096e-01,9.398767e-03,9.405107e-02,8.931656e-03,7.094685e+01,2.299275e+02,1.767181e+01,6.226353e+01,6.807665e+01,2.324535e-01,1.430396e+00
1.869000e+03,7.758461e+01,1.836948e+01,-1.133167e-01,1.358442e-01,4.025125e-01,1.279444e-01,5.696095e-03,-2.000000e-02,-1.513450e-02,7.760000e+01,1.830000e+01,-1.096096e-01,1.538664e-02,-6.947913e-02,3.707090e-03,7.096224e+01,2.299970e+02,1.767552e+01,6.226377e+01,6.808148e+01,2.324673e-01,1.431057e+00
1.870000e+03,7.759084e+01,1.832134e+01,-1.191137e-01,1.288442e-01,3.825125e-01,1.439470e-01,-7.000000e-03,-2.000000e-02,1.600268e-02,7.760000e+01,1.830000e+01,-1.096096e-01,9.157310e-03,-2.134220e-02,9.504112e-03,7.097139e+01,2.300184e+02,1.768502e+01,6.226385e+01,6.808193e+01,2.325576e-01,1.431762e+00
1.871000e+03,7.759318e+01,1.808302e+01,-1.283038e-01,1.256185e-01,4.025125e-01,1.636844e-01,-3.225702e-03,2.000000e-02,1.973738e-02,7.760000e+01,1.830000e+01,-1.096096e-01,6.824978e-03,2.169789e-01,1.869419e-02,7.097822e+01,2.302353e+02,1.770371e+01,6.226390e+01,6.812901e+01,2.329071e-01,1.432562e+00
1.872000e+03,7.758483e+01,1.806375e+01,-1.218216e-01,1.326185e-01,4.225125e-01,1.444512e-01,7.000000e-03,2.000000e-02,-1.923323e-02,7.760000e+01,1.830000e+01,-1.096096e-01,1.517181e-02,2.362480e-01,1.221202e-02,7.099339e+01,2.304716e+02,1.771593e+01,6.226413e+01,6.818482e+01,2.330562e-01,1.433381e+00
1.873000e+03,7.758087e+01,1.824134e+01,-1.124942e-01,1.391860e-01,4.025125e-01,1.246583e-01,6.567532e-03,-2.000000e-02,-1.979291e-02,7.760000e+01,1.830000e+01,-1.096096e-01,1.913367e-02,5.866416e-02,2.884615e-03,7.101252e+01,2.305303e+02,1.771881e+01,6.226449e+01,6.818827e+01,2.330645e-01,1.434216e+00
1.874000e+03,7.759060e+01,1.820592e+01,-1.180267e-01,1.321860e-01,4.225125e-01,1.416671e-01,-7.000000e-03,2.000000e-02,1.700883e-02,7.760000e+01,1.830000e+01,-1.096096e-01,9.398521e-03,9.408395e-02,8.417059e-03,7.102192e+01,2.306243e+02,1.772723e+01,6.226458e+01,6.819712e+01,2.331354e-01,1.434954e+00
1.875000e+03,7.758666e+01,1.836945e+01,-1.127775e-01,1.333889e-01,4.025125e-01,1.268561e-01,1.202851e-03,-2.000000e-02,-1.481095e-02,7.760000e+01,1.830000e+01,-1.096096e-01,1.334050e-02,-6.944954e-02,3.167903e-03,7.103526e+01,2.306938e+02,1.773040e+01,6.226476e+01,6.820194e+01,2.331454e-01,1.435575e+00
1.876000e+03,7.759084e+01,1.832137e+01,-1.197335e-01,1.275846e-01,3.825125e-01,1.456502e-01,-5.804276e-03,-2.000000e-02,1.879409e-02,7.760000e+01,1.830000e+01,-1.096096e-01,9.160599e-03,-2.136865e-02,1.012392e-02,7.104442e+01,2.307152e+02,1.774052e+01,6.226484e+01,6.820240e+01,2.332479e-01,1.436362e+00
1.877000e+03,7.759178e+01,1.808304e+01,-1.286472e-01,1.272887e-01,4.025125e-01,1.642607e-01,-2.958835e-04,2.000000e-02,1.861042e-02,7.760000e+01,1.830000e+01,-1.096096e-01,8.217379e-03,2.169552e-01,1.903759e-02,7.105264e+01,2.309321e+02,1.775956e+01,6.226491e+01,6.824947e+01,2.336103e-01,1.437108e+00
1.878000e+03,7.758485e+01,1.806374e+01,-1.213978e-01,1.342887e-01,4.225125e-01,1.432967e-01,7.000000e-03,2.000000e-02,-2.096398e-02,7.760000e+01,1.830000e+01,-1.096096e-01,1.514549e-02,2.362627e-01,1.178821e-02,7.106779e+01,2.311684e+02,1.777135e+01,6.226514e+01,6.830529e+01,2.337493e-01,1.437997e+00
1.879000e+03,7.758257e+01,1.824132e+01,-1.120524e-01,1.371481e-01,4.025125e-01,1.237675e-01,2.859384e-03,-2.000000e-02,-1.952921e-02,7.760000e+01,1.830000e+01,-1.096096e-01,1.743102e-02,5.867670e-02,2.442813e-03,7.108522e+01,2.312271e+02,1.777379e+01,6.226545e+01,6.830873e+01,2.337553e-01,1.438786e+00
1.880000e+03,7.759060e+01,1.820595e+01,-1.185413e-01,1.301481e-01,4.225125e-01,1.430788e-01,-7.000000e-03,2.000000e-02,1.931138e-02,7.760000e+01,1.830000e+01,-1.096096e-01,9.398767e-03,9.405107e-02,8.931656e-03,7.109462e+01,2.313211e+02,1.778272e+01,6.226553e+01,6.831758e+01,2.338350e-01,1.439608e+00
1.881000e+03,7.758461e+01,1.836948e+01,-1.133167e-01,1.358442e-01,4.025125e-01,1.279444e-01,5.696095e-03,-2.000000e-02,-1.513450e-02,7.760000e+01,1.830000e+01,-1.096096e-01,1.538664e-02,-6.947913e-02,3.707090e-03,7.111000e+01,2.313906e+02,1.778643e+01,6.226577e+01,6.832240e+01,2.338488e-01,1.440270e+00
1.882000e+03,7.759084e+01,1.832134e+01,-1.191137e-01,1.288442e-01,3.825125e-01,1.439470e-01,-7.000000e-03,-2.000000e-02,1.600268e-02,7.760000e+01,1.830000e+01,-1.096096e-01,9.157310e-03,-2.134220e-02,9.504112e-03,7.111916e+01,2.314119e+02,1.779593e+01,6.226585e+01,6.832286e+01,2.339391e-01,1.440975e+00
1.883000e+03,7.759318e+01,1.808302e+01,-1.283038e-01,1.256185e-01,4.025125e-01,1.636844e-01,-3.225702e-03,2.000000e-02,1.973738e-02,7.760000e+01,1.830000e+01,-1.096096e-01,6.824978e-03,2.169789e-01,1.869419e-02,7.112599e+01,2.316289e+02,1.781463e+01,6.226590e+01,6.836994e+01,2.342886e-01,1.441775e+00
1.884000e+03,7.758483e+01,1.806375e+01,-1.218216e-01,1.326185e-01,4.225125e-01,1.444512e-01,7.000000e-03,2.000000e-02,-1.923323e-02,7.760000e+01,1.830000e+01,-1.096096e-01,1.517181e-02,2.362480e-01,1.221202e-02,7.114116e+01,2.318652e+02,1.782684e+01,6.226613e+01,6.842575e+01,2.344377e-01,1.442594e+00
1.885000e+03,7.758087e+01,1.824134e+01,-1.124942e-01,1.391860e-01,4.025125e-01,1.246583e-01,6.567532e-03,-2.000000e-02,-1.979291e-02,7.760000e+01,1.830000e+01,-1.096096e-01,1.913367e-02,5.866416e-02,2.884615e-03,7.116029e+01,2.319238e+02,1.782972e+01,6.226650e+01,6.842919e+01,2.344460e-01,1.443429e+00
1.886000e+03,7.759060e+01,1.820592e+01,-1.180267e-01,1.321860e-01,4.225125e-01,1.416671e-01,-7.000000e-03,2.000000e-02,1.700883e-02,7.760000e+01,1.830000e+01,-1.096096e-01,9.398521e-03,9.408395e-02,8.417059e-03,7.116969e+01,2.320179e+02,1.783814e+01,6.226659e+01,6.843804e+01,2.345169e-01,1.444167e+00
1.887000e+03,7.758666e+01,1.836945e+01,-1.127775e-01,1.333889e-01,4.025125e-01,1.268561e-01,1.202851e-03,-2.000000e-02,-1.481095e-02,7.760000e+01,1.830000e+01,-1.096096e-01,1.334050e-02,-6.944954e-02,3.167903e-03,7.118303e+01,2.320874e+02,1.784131e+01,6.226676e+01,6.844287e+01,2.345269e-01,1.444788e+00
1.888000e+03,7.759084e+01,1.832137e+01,-1.197335e-01,1.275846e-01,3.825125e-01,1.456502e-01,-5.804276e-03,-2.000000e-02,1.879409e-02,7.760000e+01,1.830000e+01,-1.096096e-01,9.160599e-03,-2.136865e-02,1.012392e-02,7.119219e+01,2.321087e+02,1.785143e+01,6.226685e+01,6.844332e+01,2.346294e-01,1.445575e+00
1.889000e+03,7.759178e+01,1.808304e+01,-1.286472e-01,1.272887e-01,4.025125e-01,1.642607e-01,-2.958835e-04,2.000000e-02,1.861042e-02,7.760000e+01,1.830000e+01,-1.096096e-01,8.217379e-03,2.169552e-01,1.903759e-02,7.120041e+01,2.323257e+02,1.787047e+01,6.226691e+01,6.849039e+01,2.349918e-01,1.446321e+00
1.890000e+03,7.758485e+01,1.806374e+01,-1.213978e-01,1.342887e-01,4.225125e-01,1.432967e-01,7.000000e-03,2.000000e-02,-2.096398e-02,7.760000e+01,1.830000e+01,-1.096096e-01,1.514549e-02,2.362627e-01,1.178821e-02,7.121555e+01,2.325619e+02,1.788226e+01,6.226714e+01,6.854621e+01,2.351308e-01,1.447210e+00
1.891000e+03,7.758257e+01,1.824132e+01,-1.120524e-01,1.371481e-01,4.025125e-01,1.237675e-01,2.859384e-03,-2.000000e-02,-1.952921e-02,7.760000e+01,1.830000e+01,-1.096096e-01,1.743102e-02,5.867670e-02,2.442813e-03,7.123298e+01,2.326206e+02,1.788470e+01,6.226745e+01,6.854966e+01,2.351368e-01,1.447999e+00
1.892000e+03,7.759060e+01,1.820595e+01,-1.185413e-01,1.301481e-01,4.225125e-01,1.430788e-01,-7.000000e-03,2.000000e-02,1.931138e-02,7.760000e+01,1.830000e+01,-1.096096e-01,9.398767e-03,9.405107e-02,8.931656e-03,7.124238e+01,2.327147e+02,1.789363e+01,6.226754e+01,6.855850e+01,2.352166e-01,1.448821e+00
1.893000e+03,7.758461e+01,1.836948e+01,-1.133167e-01,1.358442e-01,4.025125e-01,1.279444e-01,5.696095e-03,-2.000000e-02,-1.513450e-02,7.760000e+01,1.830000e+01,-1.096096e-01,1.538664e-02,-6.947913e-02,3.707090e-03,7.125777e+01,2.327841e+02,1.789734e+01,6.226777e+01,6.856333e+01,2.352303e-01,1.449483e+00
1.894000e+03,7.759084e+01,1.832134e+01,-1.191137e-01,1.288442e-01,3.825125e-01,1.439470e-01,-7.000000e-03,-2.000000e-02,1.600268e-02,7.760000e+01,1.830000e+01,-1.096096e-01,9.157310e-03,-2.134220e-02,9.504112e-03,7.126693e+01,2.328055e+02,1.790684e+01,6.226786e+01,6.856379e+01,2.353206e-01,1.450188e+00
1.895000e+03,7.759318e+01,1.808302e+01,-1.283038e-01,1.256185e-01,4.025125e-01,1.636844e-01,-3.225702e-03,2.000000e-02,1.973738e-02,7.760000e+01,1.830000e+01,-1.096096e-01,6.824978e-03,2.169789e-01,1.869419e-02,7.127375e+01,2.330225e+02,1.792554e+01,6.226790e+01,6.861087e+01,2.356701e-01,1.450988e+00
1.896000e+03,7.758483e+01,1.806375e+01,-1.218216e-01,1.326185e-01,4.225125e-01,1.444512e-01,7.000000e-03,2.000000e-02,-1.923323e-02,7.760000e+01,1.830000e+01,-1.096096e-01,1.517181e-02,2.362480e-01,1.221202e-02,7.128892e+01,2.332587e+02,1.793775e+01,6.226813e+01,6.866668e+01,2.358192e-01,1.451807e+00
1.897000e+03,7.758087e+01,1.824134e+01,-1.124942e-01,1.391860e-01,4.025125e-01,1.246583e-01,6.567532e-03,-2.000000e-02,-1.979291e-02,7.760000e+01,1.830000e+01,-1.096096e-01,1.913367e-02,5.866416e-02,2.884615e-03,7.130806e+01,2.333174e+02,1.794063e+01,6.226850e+01,6.867012e+01,2.358276e-01,1.452642e+00
1.898000e+03,7.759060e+01,1.820592e+01,-1.180267e-01,1.321860e-01,4.225125e-01,1.416671e-01,-7.000000e-03,2.000000e-02,1.700883e-02,7.760000e+01,1.830000e+01,-1.096096e-01,9.398521e-03,9.408395e-02,8.417059e-03,7.131746e+01,2.334115e+02,1.794905e+01,6.226859e+01,6.867897e+01,2.358984e-01,1.453380e+00
1.899000e+03,7.758666e+01,1.836945e+01,-1.127775e-01,1.333889e-01,4.025125e-01,1.268561e-01,1.202851e-03,-2.000000e-02,-1.481095e-02,7.760000e+01,1.830000e+01,-1.096096e-01,1.334050e-02,-6.944954e-02,3.167903e-03,7.133080e+01,2.334809e+02,1.795222e+01,6.226877e+01,6.868380e+01,2.359084e-01,1.454001e+00
1.900000e+03,7.759084e+01,1.832137e+01,-1.197335e-01,1.275846e-01,3.825125e-01,1.456502e-01,-5.804276e-03,-2.000000e-02,1.879409e-02,7.760000e+01,1.830000e+01,-1.096096e-01,9.160599e-03,-2.136865e-02,1.012392e-02,7.133996e+01,2.335023e+02,1.796234e+01,6.226885e+01,6.868425e+01,2.360109e-01,1.454788e+00
1.901000e+03,7.759178e+01,1.808304e+01,-1.286472e-01,1.272887e-01,4.025125e-01,1.642607e-01,-2.958835e-04,2.000000e-02,1.861042e-02,7.760000e+01,1.830000e+01,-1.096096e-01,8.217379e-03,2.169552e-01,1.903759e-02,7.134818e+01,2.337192e+02,1.798138e+01,6.226892e+01,6.873132e+01,2.363734e-01,1.455534e+00
1.902000e+03,7.758485e+01,1.806374e+01,-1.213978e-01,1.342887e-01,4.225125e-01,1.432967e-01,7.000000e-03,2.000000e-02,-2.096398e-02,7.760000e+01,1.830000e+01,-1.096096e-01,1.514549e-02,2.362627e-01,1.178821e-02,7.136332e+01,2.339555e+02,1.799317e+01,6.226915e+01,6.878714e+01,2.365123e-01,1.456422e+00
1.903000e+03,7.758257e+01,1.824132e+01,-1.120524e-01,1.371481e-01,4.025125e-01,1.237675e-01,2.859384e-03,-2.000000e-02,-1.952921e-02,7.760000e+01,1.830000e+01,-1.096096e-01,1.743102e-02,5.867670e-02,2.442813e-03,7.138075e+01,2.340142e+02,1.799561e+01,6.226945e+01,6.879058e+01,2.365183e-01,1.457212e+00
1.904000e+03,7.759060e+01,1.820595e+01,-1.185413e-01,1.301481e-01,4.225125e-01,1.430788e-01,-7.000000e-03,2.000000e-02,1.931138e-02,7.760000e+01,1.830000e+01,-1.096096e-01,9.398767e-03,9.405107e-02,8.931656e-03,7.139015e+01,2.341082e+02,1.800454e+01,6.226954e+01,6.879943e+01,2.365981e-01,1.458034e+00
1.905000e+03,7.758461e+01,1.836948e+01,-1.133167e-01,1.358442e-01,4.025125e-01,1.279444e-01,5.696095e-03,-2.000000e-02,-1.513450e-02,7.760000e+01,1.830000e+01,-1.096096e-01,1.538664e-02,-6.947913e-02,3.707090e-03,7.140554e+01,2.341777e+02,1.800825e+01,6.226978e+01,6.880426e+01,2.366118e-01,1.458695e+00
1.906000e+03,7.759084e+01,1.832134e+01,-1.191137e-01,1.288442e-01,3.825125e-01,1.439470e-01,-7.000000e-03,-2.000000e-02,1.600268e-02,7.760000e+01,1.830000e+01,-1.096096e-01,9.157310e-03,-2.134220e-02,9.504112e-03,7.141469e+01,2.341990e+02,1.801775e+01,6.226986e+01,6.880471e+01,2.367021e-01,1.459401e+00
1.907000e+03,7.759318e+01,1.808302e+01,-1.283038e-01,1.256185e-01,4.025125e-01,1.636844e-01,-3.225702e-03,2.000000e-02,1.973738e-02,7.760000e+01,1.830000e+01,-1.096096e-01,6.824978e-03,2.169789e-01,1.869419e-02,7.142152e+01,2.344160e+02,1.803645e+01,6.226991e+01,6.885179e+01,2.370516e-01,1.460201e+00
1.908000e+03,7.758483e+01,1.806375e+01,-1.218216e-01,1.326185e-01,4.225125e-01,1.444512e-01,7.000000e-03,2.000000e-02,-1.923323e-02,7.760000e+01,1.830000e+01,-1.096096e-01,1.517181e-02,2.362480e-01,1.221202e-02,7.143669e+01,2.346523e+02,1.804866e+01,6.227014e+01,6.890761e+01,2.372007e-01,1.461019e+00
1.909000e+03,7.758087e+01,1.824134e+01,-1.124942e-01,1.391860e-01,4.025125e-01,1.246583e-01,6.567532e-03,-2.000000e-02,-1.979291e-02,7.760000e+01,1.830000e+01,-1.096096e-01,1.913367e-02,5.866416e-02,2.884615e-03,7.145582e+01,2.347109e+02,1.805154e+01,6.227050e+01,6.891105e+01,2.372091e-01,1.461854e+00
1.910000e+03,7.759060e+01,1.820592e+01,-1.180267e-01,1.321860e-01,4.225125e-01,1.416671e-01,-7.000000e-03,2.000000e-02,1.700883e-02,7.760000e+01,1.830000e+01,-1.096096e-01,9.398521e-03,9.408395e-02,8.417059e-03,7.146522e+01,2.348050e+02,1.805996e+01,6.227059e+01,6.891990e+01,2.372799e-01,1.462593e+00
1.911000e+03,7.758666e+01,1.836945e+01,-1.127775e-01,1.333889e-01,4.025125e-01,1.268561e-01,1.202851e-03,-2.000000e-02,-1.481095e-02,7.760000e+01,1.830000e+01,-1.096096e-01,1.334050e-02,-6.944954e-02,3.167903e-03,7.147856e+01,2.348745e+02,1.806313e+01,6.227077e+01,6.892472e+01,2.372899e-01,1.463213e+00
1.912000e+03,7.759084e+01,1.832137e+01,-1.197335e-01,1.275846e-01,3.825125e-01,1.456502e-01,-5.804276e-03,-2.000000e-02,1.879409e-02,7.760000e+01,1.830000e+01,-1.096096e-01,9.160599e-03,-2.136865e-02,1.012392e-02,7.148772e+01,2.348958e+02,1.807325e+01,6.227085e+01,6.892518e+01,2.373924e-01,1.464000e+00
1.913000e+03,7.759178e+01,1.808304e+01,-1.286472e-01,1.272887e-01,4.025125e-01,1.642607e-01,-2.958835e-04,2.000000e-02,1.861042e-02,7.760000e+01,1.830000e+01,-1.096096e-01,8.217379e-03,2.169552e-01,1.903759e-02,7.149594e+01,2.351128e+02,1.809229e+01,6.227092e+01,6.897225e+01,2.377549e-01,1.464747e+00
1.914000e+03,7.758485e+01,1.806374e+01,-1.213978e-01,1.342887e-01,4.225125e-01,1.432967e-01,7.000000e-03,2.000000e-02,-2.096398e-02,7.760000e+01,1.830000e+01,-1.096096e-01,1.514549e-02,2.362627e-01,1.178821e-02,7.151109e+01,2.353491e+02,1.810408e+01,6.227115e+01,6.902807e+01,2.378938e-01,1.465635e+00
1.915000e+03,7.758257e+01,1.824132e+01,-1.120524e-01,1.371481e-01,4.025125e-01,1.237675e-01,2.859384e-03,-2.000000e-02,-1.952921e-02,7.760000e+01,1.830000e+01,-1.096096e-01,1.743102e-02,5.867670e-02,2.442813e-03,7.152852e+01,2.354077e+02,1.810652e+01,6.227145e+01,6.903151e+01,2.378998e-01,1.466425e+00
1.916000e+03,7.759060e+01,1.820595e+01,-1.185413e-01,1.301481e-01,4.225125e-01,1.430788e-01,-7.000000e-03,2.000000e-02,1.931138e-02,7.760000e+01,1.830000e+01,-1.096096e-01,9.398767e-03,9.405107e-02,8.931656e-03,7.153792e+01,2.355018e+02,1.811545e+01,6.227154e+01,6.904036e+01,2.379796e-01,1.467247e+00
1.917000e+03,7.758461e+01,1.836948e+01,-1.133167e-01,1.358442e-01,4.025125e-01,1.279444e-01,5.696095e-03,-2.000000e-02,-1.513450e-02,7.760000e+01,1.830000e+01,-1.096096e-01,1.538664e-02,-6.947913e-02,3.707090e-03,7.155330e+01,2.355713e+02,1.811916e+01,6.227178e+01,6.904518e+01,2.379933e-01,1.467908e+00
1.918000e+03,7.759084e+01,1.832134e+01,-1.191137e-01,1.288442e-01,3.825125e-01,1.439470e-01,-7.000000e-03,-2.000000e-02,1.600268e-02,7.760000e+01,1.830000e+01,-1.096096e-01,9.157310e-03,-2.134220e-02,9.504112e-03,7.156246e+01,2.355926e+02,1.812866e+01,6.227186e+01,6.904564e+01,2.380836e-01,1.468613e+00
1.919000e+03,7.759318e+01,1.808302e+01,-1.283038e-01,1.256185e-01,4.025125e-01,1.636844e-01,-3.225702e-03,2.000000e-02,1.973738e-02,7.760000e+01,1.830000e+01,-1.096096e-01,6.824978e-03,2.169789e-01,1.869419e-02,7.156929e+01,2.358096e+02,1.814736e+01,6.227191e+01,6.909272e+01,2.384331e-01,1.469413e+00
1.920000e+03,7.758483e+01,1.806375e+01,-1.218216e-01,1.326185e-01,4.225125e-01,1.444512e-01,7.000000e-03,2.000000e-02,-1.923323e-02,7.760000e+01,1.830000e+01,-1.096096e-01,1.517181e-02,2.362480e-01,1.221202e-02,7.158446e+01,2.360458e+02,1.815957e+01,6.227214e+01,6.914853e+01,2.385822e-01,1.470232e+00
1.921000e+03,7.758087e+01,1.824134e+01,-1.124942e-01,1.391860e-01,4.025125e-01,1.246583e-01,6.567532e-03,-2.000000e-02,-1.979291e-02,7.760000e+01,1.830000e+01,-1.096096e-01,1.913367e-02,5.866416e-02,2.884615e-03,7.160359e+01,2.361045e+02,1.816246e+01,6.227251e+01,6.915197e+01,2.385906e-01,1.471067e+00
1.922000e+03,7.759060e+01,1.820592e+01,-1.180267e-01,1.321860e-01,4.225125e-01,1.416671e-01,-7.000000e-03,2.000000e-02,1.700883e-02,7.760000e+01,1.830000e+01,-1.096096e-01,9.398521e-03,9.408395e-02,8.417059e-03,7.161299e+01,2.361986e+02,1.817087e+01,6.227259e+01,6.916083e+01,2.386614e-01,1.471805e+00
1.923000e+03,7.758666e+01,1.836945e+01,-1.127775e-01,1.333889e-01,4.025125e-01,1.268561e-01,1.202851e-03,-2.000000e-02,-1.481095e-02,7.760000e+01,1.830000e+01,-1.096096e-01,1.334050e-02,-6.944954e-02,3.167903e-03,7.162633e+01,2.362680e+02,1.817404e+01,6.227277e+01,6.916565e+01,2.386714e-01,1.472426e+00
1.924000e+03,7.759084e+01,1.832137e+01,-1.197335e-01,1.275846e-01,3.825125e-01,1.456502e-01,-5.804276e-03,-2.000000e-02,1.879409e-02,7.760000e+01,1.830000e+01,-1.096096e-01,9.160599e-03,-2.136865e-02,1.012392e-02,7.163549e+01,2.362894e+02,1.818416e+01,6.227286e+01,6.916611e+01,2.387739e-01,1.473213e+00
1.925000e+03,7.759178e+01,1.808304e+01,-1.286472e-01,1.272887e-01,4.025125e-01,1.642607e-01,-2.958835e-04,2.000000e-02,1.861042e-02,7.760000e+01,1.830000e+01,-1.096096e-01,8.217379e-03,2.169552e-01,1.903759e-02,7.164371e+01,2.365064e+02,1.820320e+01,6.227292e+01,6.921318e+01,2.391364e-01,1.473960e+00
1.926000e+03,7.758485e+01,1.806374e+01,-1.213978e-01,1.342887e-01,4.225125e-01,1.432967e-01,7.000000e-03,2.000000e-02,-2.096398e-02,7.760000e+01,1.830000e+01,-1.096096e-01,1.514549e-02,2.362627e-01,1.178821e-02,7.165885e+01,2.367426e+02,1.821499e+01,6.227315e+01,6.926900e+01,2.392753e-01,1.474848e+00
1.927000e+03,7.758257e+01,1.824132e+01,-1.120524e-01,1.371481e-01,4.025125e-01,1.237675e-01,2.859384e-03,-2.000000e-02,-1.952921e-02,7.760000e+01,1.830000e+01,-1.096096e-01,1.743102e-02,5.867670e-02,2.442813e-03,7.167629e+01,2.368013e+02,1.821743e+01,6.227346e+01,6.927244e+01,2.392813e-01,1.475638e+00
1.928000e+03,7.759060e+01,1.820595e+01,-1.185413e-01,1.301481e-01,4.225125e-01,1.430788e-01,-7.000000e-03,2.000000e-02,1.931138e-02,7.760000e+01,1.830000e+01,-1.096096e-01,9.398767e-03,9.405107e-02,8.931656e-03,7.168568e+01,2.368953e+02,1.822636e+01,6.227354e+01,6.928128e+01,2.393611e-01,1.476460e+00
1.929000e+03,7.758461e+01,1.836948e+01,-1.133167e-01,1.358442e-01,4.025125e-01,1.279444e-01,5.696095e-03,-2.000000e-02,-1.513450e-02,7.760000e+01,1.830000e+01,-1.096096e-01,1.538664e-02,-6.947913e-02,3.707090e-03,7.170107e+01,2.369648e+02,1.823007e+01,6.227378e+01,6.928611e+01,2.393748e-01,1.477121e+00
1.930000e+03,7.759084e+01,1.832134e+01,-1.191137e-01,1.288442e-01,3.825125e-01,1.439470e-01,-7.000000e-03,-2.000000e-02,1.600268e-02,7.760000e+01,1.830000e+01,-1.096096e-01,9.157310e-03,-2.134220e-02,9.504112e-03,7.171023e+01,2.369862e+02,1.823958e+01,6.227387e+01,6.928657e+01,2.394651e-01,1.477826e+00
1.931000e+03,7.759318e+01,1.808302e+01,-1.283038e-01,1.256185e-01,4.025125e-01,1.636844e-01,-3.225702e-03,2.000000e-02,1.973738e-02,7.760000e+01,1.830000e+01,-1.096096e-01,6.824978e-03,2.169789e-01,1.869419e-02,7.171705e+01,2.372031e+02,1.825827e+01,6.227391e+01,6.933365e+01,2.398146e-01,1.478626e+00
1.932000e+03,7.758483e+01,1.806375e+01,-1.218216e-01,1.326185e-01,4.225125e-01,1.444512e-01,7.000000e-03,2.000000e-02,-1.923323e-02,7.760000e+01,1.830000e+01,-1.096096e-01,1.517181e-02,2.362480e-01,1.221202e-02,7.173222e+01,2.374394e+02,1.827048e+01,6.227414e+01,6.938946e+01,2.399638e-01,1.479445e+00
1.933000e+03,7.758087e+01,1.824134e+01,-1.124942e-01,1.391860e-01,4.025125e-01,1.246583e-01,6.567532e-03,-2.000000e-02,-1.979291e-02,7.760000e+01,1.830000e+01,-1.096096e-01,1.913367e-02,5.866416e-02,2.884615e-03,7.175136e+01,2.374981e+02,1.827337e+01,6.227451e+01,6.939290e+01,2.399721e-01,1.480280e+00
1.934000e+03,7.759060e+01,1.820592e+01,-1.180267e-01,1.321860e-01,4.225125e-01,1.416671e-01,-7.000000e-03,2.000000e-02,1.700883e-02,7.760000e+01,1.830000e+01,-1.096096e-01,9.398521e-03,9.408395e-02,8.417059e-03,7.176076e+01,2.375921e+02,1.828178e+01,6.227460e+01,6.940175e+01,2.400429e-01,1.481018e+00
1.935000e+03,7.758666e+01,1.836945e+01,-1.127775e-01,1.333889e-01,4.025125e-01,1.268561e-01,1.202851e-03,-2.000000e-02,-1.481095e-02,7.760000e+01,1.830000e+01,-1.096096e-01,1.334050e-02,-6.944954e-02,3.167903e-03,7.177410e+01,2.376616e+02,1.828495e+01,6.227477e+01,6.940658e+01,2.400530e-01,1.481639e+00
1.936000e+03,7.759084e+01,1.832137e+01,-1.197335e-01,1.275846e-01,3.825125e-01,1.456502e-01,-5.804276e-03,-2.000000e-02,1.879409e-02,7.760000e+01,1.830000e+01,-1.096096e-01,9.160599e-03,-2.136865e-02,1.012392e-02,7.178326e+01,2.376830e+02,1.829508e+01,6.227486e+01,6.940703e+01,2.401555e-01,1.482426e+00
1.937000e+03,7.759178e+01,1.808304e+01,-1.286472e-01,1.272887e-01,4.025125e-01,1.642607e-01,-2.958835e-04,2.000000e-02,1.861042e-02,7.760000e+01,1.830000e+01,-1.096096e-01,8.217379e-03,2.169552e-01,1.903759e-02,7.179148e+01,2.378999e+02,1.831411e+01,6.227493e+01,6.945410e+01,2.405179e-01,1.483172e+00
1.938000e+03,7.758485e+01,1.806374e+01,-1.213978e-01,1.342887e-01,4.225125e-01,1.432967e-01,7.000000e-03,2.000000e-02,-2.096398e-02,7.760000e+01,1.830000e+01,-1.096096e-01,1.514549e-02,2.362627e-01,1.178821e-02,7.180662e+01,2.381362e+02,1.832590e+01,6.227516e+01,6.950992e+01,2.406568e-01,1.484061e+00
1.939000e+03,7.758257e+01,1.824132e+01,-1.120524e-01,1.371481e-01,4.025125e-01,1.237675e-01,2.859384e-03,-2.000000e-02,-1.952921e-02,7.760000e+01,1.830000e+01,-1.096096e-01,1.743102e-02,5.867670e-02,2.442813e-03,7.182405e+01,2.381949e+02,1.832834e+01,6.227546e+01,6.951337e+01,2.406628e-01,1.484850e+00
1.940000e+03,7.759060e+01,1.820595e+01,-1.185413e-01,1.301481e-01,4.225125e-01,1.430788e-01,-7.000000e-03,2.000000e-02,1.931138e-02,7.760000e+01,1.830000e+01,-1.096096e-01,9.398767e-03,9.405107e-02,8.931656e-03,7.183345e+01,2.382889e+02,1.833728e+01,6.227555e+01,6.952221e+01,2.407426e-01,1.485672e+00
1.941000e+03,7.758461e+01,1.836948e+01,-1.133167e-01,1.358442e-01,4.025125e-01,1.279444e-01,5.696095e-03,-2.000000e-02,-1.513450e-02,7.760000e+01,1.830000e+01,-1.096096e-01,1.538664e-02,-6.947913e-02,3.707090e-03,7.184884e+01,2.383584e+02,1.834098e+01,6.227578e+01,6.952704e+01,2.407563e-01,1.486334e+00
1.942000e+03,7.759084e+01,1.832134e+01,-1.191137e-01,1.288442e-01,3.825125e-01,1.439470e-01,-7.000000e-03,-2.000000e-02,1.600268e-02,7.760000e+01,1.830000e+01,-1.096096e-01,9.157310e-03,-2.134220e-02,9.504112e-03,7.185799e+01,2.383797e+02,1.835049e+01,6.227587e+01,6.952749e+01,2.408467e-01,1.487039e+00
1.943000e+03,7.759318e+01,1.808302e+01,-1.283038e-01,1.256185e-01,4.025125e-01,1.636844e-01,-3.225702e-03,2.000000e-02,1.973738e-02,7.760000e+01,1.830000e+01,-1.096096e-01,6.824978e-03,2.169789e-01,1.869419e-02,7.186482e+01,2.385967e+02,1.836918e+01,6.227591e+01,6.957457e+01,2.411961e-01,1.487839e+00
1.944000e+03,7.758483e+01,1.806375e+01,-1.218216e-01,1.326185e-01,4.225125e-01,1.444512e-01,7.000000e-03,2.000000e-02,-1.923323e-02,7.760000e+01,1.830000e+01,-1.096096e-01,1.517181e-02,2.362480e-01,1.221202e-02,7.187999e+01,2.388330e+02,1.838139e+01,6.227614e+01,6.963039e+01,2.413453e-01,1.488658e+00
1.945000e+03,7.758087e+01,1.824134e+01,-1.124942e-01,1.391860e-01,4.025125e-01,1.246583e-01,6.567532e-03,-2.000000e-02,-1.979291e-02,7.760000e+01,1.830000e+01,-1.096096e-01,1.913367e-02,5.866416e-02,2.884615e-03,7.189912e+01,2.388916e+02,1.838428e+01,6.227651e+01,6.963383e+01,2.413536e-01,1.489493e+00
1.946000e+03,7.759060e+01,1.820592e+01,-1.180267e-01,1.321860e-01,4.225125e-01,1.416671e-01,-7.000000e-03,2.000000e-02,1.700883e-02,7.760000e+01,1.830000e+01,-1.096096e-01,9.398521e-03,9.408395e-02,8.417059e-03,7.190852e+01,2.389857e+02,1.839269e+01,6.227660e+01,6.964268e+01,2.414244e-01,1.490231e+00
1.947000e+03,7.758666e+01,1.836945e+01,-1.127775e-01,1.333889e-01,4.025125e-01,1.268561e-01,1.202851e-03,-2.000000e-02,-1.481095e-02,7.760000e+01,1.830000e+01,-1.096096e-01,1.334050e-02,-6.944954e-02,3.167903e-03,7.192186e+01,2.390552e+02,1.839586e+01,6.227678e+01,6.964750e+01,2.414345e-01,1.490852e+00
1.948000e+03,7.759084e+01,1.832137e+01,-1.197335e-01,1.275846e-01,3.825125e-01,1.456502e-01,-5.804276e-03,-2.000000e-02,1.879409e-02,7.760000e+01,1.830000e+01,-1.096096e-01,9.160599e-03,-2.136865e-02,1.012392e-02,7.193102e+01,2.390765e+02,1.840599e+01,6.227686e+01,6.964796e+01,2.415370e-01,1.491639e+00
1.949000e+03,7.759178e+01,1.808304e+01,-1.286472e-01,1.272887e-01,4.025125e-01,1.642607e-01,-2.958835e-04,2.000000e-02,1.861042e-02,7.760000e+01,1.830000e+01,-1.096096e-01,8.217379e-03,2.169552e-01,1.903759e-02,7.193924e+01,2.392935e+02,1.842502e+01,6.227693e+01,6.969503e+01,2.418994e-01,1.492385e+00
1.950000e+03,7.758485e+01,1.806374e+01,-1.213978e-01,1.342887e-01,4.225125e-01,1.432967e-01,7.000000e-03,2.000000e-02,-2.096398e-02,7.760000e+01,1.830000e+01,-1.096096e-01,1.514549e-02,2.362627e-01,1.178821e-02,7.195439e+01,2.395297e+02,1.843681e+01,6.227716e+01,6.975085e+01,2.420384e-01,1.493274e+00
1.951000e+03,7.758257e+01,1.824132e+01,-1.120524e-01,1.371481e-01,4.025125e-01,1.237675e-01,2.859384e-03,-2.000000e-02,-1.952921e-02,7.760000e+01,1.830000e+01,-1.096096e-01,1.743102e-02,5.867670e-02,2.442813e-03,7.197182e+01,2.395884e+02,1.843926e+01,6.227746e+01,6.975429e+01,2.420443e-01,1.494063e+00
1.952000e+03,7.759060e+01,1.820595e+01,-1.185413e-01,1.301481e-01,4.225125e-01,1.430788e-01,-7.000000e-03,2.000000e-02,1.931138e-02,7.760000e+01,1.830000e+01,-1.096096e-01,9.398767e-03,9.405107e-02,8.931656e-03,7.198122e+01,2.396825e+02,1.844819e+01,6.227755e+01,6.976314e+01,2.421241e-01,1.494885e+00
1.953000e+03,7.758461e+01,1.836948e+01,-1.133167e-01,1.358442e-01,4.025125e-01,1.279444e-01,5.696095e-03,-2.000000e-02,-1.513450e-02,7.760000e+01,1.830000e+01,-1.096096e-01,1.538664e-02,-6.947913e-02,3.707090e-03,7.199660e+01,2.397519e+02,1.845189e+01,6.227779e+01,6.976797e+01,2.421378e-01,1.495547e+00
1.954000e+03,7.759084e+01,1.832134e+01,-1.191137e-01,1.288442e-01,3.825125e-01,1.439470e-01,-7.000000e-03,-2.000000e-02,1.600268e-02,7.760000e+01,1.830000e+01,-1.096096e-01,9.157310e-03,-2.134220e-02,9.504112e-03,7.200576e+01,2.397733e+02,1.846140e+01,6.227787e+01,6.976842e+01,2.422282e-01,1.496252e+00
1.955000e+03,7.759318e+01,1.808302e+01,-1.283038e-01,1.256185e-01,4.025125e-01,1.636844e-01,-3.225702e-03,2.000000e-02,1.973738e-02,7.760000e+01,1.830000e+01,-1.096096e-01,6.824978e-03,2.169789e-01,1.869419e-02,7.201259e+01,2.399903e+02,1.848009e+01,6.227792e+01,6.981550e+01,2.425776e-01,1.497052e+00
1.956000e+03,7.758483e+01,1.806375e+01,-1.218216e-01,1.326185e-01,4.225125e-01,1.444512e-01,7.000000e-03,2.000000e-02,-1.923323e-02,7.760000e+01,1.830000e+01,-1.096096e-01,1.517181e-02,2.362480e-01,1.221202e-02,7.202776e+01,2.402265e+02,1.849230e+01,6.227815e+01,6.987131e+01,2.427268e-01,1.497871e+00
1.957000e+03,7.758087e+01,1.824134e+01,-1.124942e-01,1.391860e-01,4.025125e-01,1.246583e-01,6.567532e-03,-2.000000e-02,-1.979291e-02,7.760000e+01,1.830000e+01,-1.096096e-01,1.913367e-02,5.866416e-02,2.884615e-03,7.204689e+01,2.402852e+02,1.849519e+01,6.227851e+01,6.987476e+01,2.427351e-01,1.498706e+00
1.958000e+03,7.759060e+01,1.820592e+01,-1.180267e-01,1.321860e-01,4.225125e-01,1.416671e-01,-7.000000e-03,2.000000e-02,1.700883e-02,7.760000e+01,1.830000e+01,-1.096096e-01,9.398521e-03,9.408395e-02,8.417059e-03,7.205629e+01,2.403793e+02,1.850361e+01,6.227860e+01,6.988361e+01,2.428059e-01,1.499444e+00
1.959000e+03,7.758666e+01,1.836945e+01,-1.127775e-01,1.333889e-01,4.025125e-01,1.268561e-01,1.202851e-03,-2.000000e-02,-1.481095e-02,7.760000e+01,1.830000e+01,-1.096096e-01,1.334050e-02,-6.944954e-02,3.167903e-03,7.206963e+01,2.404487e+02,1.850677e+01,6.227878e+01,6.988843e+01,2.428160e-01,1.500065e+00
1.960000e+03,7.759084e+01,1.832137e+01,-1.197335e-01,1.275846e-01,3.825125e-01,1.456502e-01,-5.804276e-03,-2.000000e-02,1.879409e-02,7.760000e+01,1.830000e+01,-1.096096e-01,9.160599e-03,-2.136865e-02,1.012392e-02,7.207879e+01,2.404701e+02,1.851690e+01,6.227886e+01,6.988889e+01,2.429185e-01,1.500852e+00
1.961000e+03,7.759178e+01,1.808304e+01,-1.286472e-01,1.272887e-01,4.025125e-01,1.642607e-01,-2.958835e-04,2.000000e-02,1.861042e-02,7.760000e+01,1.830000e+01,-1.096096e-01,8.217379e-03,2.169552e-01,1.903759e-02,7.208701e+01,2.406870e+02,1.853594e+01,6.227893e+01,6.993596e+01,2.432809e-01,1.501598e+00
1.962000e+03,7.758485e+01,1.806374e+01,-1.213978e-01,1.342887e-01,4.225125e-01,1.432967e-01,7.000000e-03,2.000000e-02,-2.096398e-02,7.760000e+01,1.830000e+01,-1.096096e-01,1.514549e-02,2.362627e-01,1.178821e-02,7.210215e+01,2.409233e+02,1.854772e+01,6.227916e+01,6.999178e+01,2.434199e-01,1.502486e+00
1.963000e+03,7.758257e+01,1.824132e+01,-1.120524e-01,1.371481e-01,4.025125e-01,1.237675e-01,2.859384e-03,-2.000000e-02,-1.952921e-02,7.760000e+01,1.830000e+01,-1.096096e-01,1.743102e-02,5.867670e-02,2.442813e-03,7.211959e+01,2.409820e+02,1.855017e+01,6.227946e+01,6.999522e+01,2.434258e-01,1.503276e+00
1.964000e+03,7.759060e+01,1.820595e+01,-1.185413e-01,1.301481e-01,4.225125e-01,1.430788e-01,-7.000000e-03,2.000000e-02,1.931138e-02,7.760000e+01,1.830000e+01,-1.096096e-01,9.398767e-03,9.405107e-02,8.931656e-03,7.212898e+01,2.410760e+02,1.855910e+01,6.227955e+01,7.000407e+01,2.435056e-01,1.504098e+00
1.965000e+03,7.758461e+01,1.836948e+01,-1.133167e-01,1.358442e-01,4.025125e-01,1.279444e-01,5.696095e-03,-2.000000e-02,-1.513450e-02,7.760000e+01,1.830000e+01,-1.096096e-01,1.538664e-02,-6.947913e-02,3.707090e-03,7.214437e+01,2.411455e+02,1.856281e+01,6.227979e+01,7.000889e+01,2.435193e-01,1.504759e+00
1.966000e+03,7.759084e+01,1.832134e+01,-1.191137e-01,1.288442e-01,3.825125e-01,1.439470e-01,-7.000000e-03,-2.000000e-02,1.600268e-02,7.760000e+01,1.830000e+01,-1.096096e-01,9.157310e-03,-2.134220e-02,9.504112e-03,7.215353e+01,2.411668e+02,1.857231e+01,6.227987e+01,7.000935e+01,2.436097e-01,1.505465e+00
1.967000e+03,7.759318e+01,1.808302e+01,-1.283038e-01,1.256185e-01,4.025125e-01,1.636844e-01,-3.225702e-03,2.000000e-02,1.973738e-02,7.760000e+01,1.830000e+01,-1.096096e-01,6.824978e-03,2.169789e-01,1.869419e-02,7.216035e+01,2.413838e+02,1.859100e+01,6.227992e+01,7.005643e+01,2.439591e-01,1.506265e+00
1.968000e+03,7.758483e+01,1.806375e+01,-1.218216e-01,1.326185e-01,4.225125e-01,1.444512e-01,7.000000e-03,2.000000e-02,-1.923323e-02,7.760000e+01,1.830000e+01,-1.096096e-01,1.517181e-02,2.362480e-01,1.221202e-02,7.217552e+01,2.416201e+02,1.860322e+01,6.228015e+01,7.011224e+01,2.441083e-01,1.507083e+00
1.969000e+03,7.758087e+01,1.824134e+01,-1.124942e-01,1.391860e-01,4.025125e-01,1.246583e-01,6.567532e-03,-2.000000e-02,-1.979291e-02,7.760000e+01,1.830000e+01,-1.096096e-01,1.913367e-02,5.866416e-02,2.884615e-03,7.219466e+01,2.416787e+02,1.860610e+01,6.228052e+01,7.011568e+01,2.441166e-01,1.507918e+00
1.970000e+03,7.759060e+01,1.820592e+01,-1.180267e-01,1.321860e-01,4.225125e-01,1.416671e-01,-7.000000e-03,2.000000e-02,1.700883e-02,7.760000e+01,1.830000e+01,-1.096096e-01,9.398521e-03,9.408395e-02,8.417059e-03,7.220406e+01,2.417728e+02,1.861452e+01,6.228060e+01,7.012453e+01,2.441874e-01,1.508657e+00
1.971000e+03,7.758666e+01,1.836945e+01,-1.127775e-01,1.333889e-01,4.025125e-01,1.268561e-01,1.202851e-03,-2.000000e-02,-1.481095e-02,7.760000e+01,1.830000e+01,-1.096096e-01,1.334050e-02,-6.944954e-02,3.167903e-03,7.221740e+01,2.418423e+02,1.861768e+01,6.228078e+01,7.012936e+01,2.441975e-01,1.509277e+00
1.972000e+03,7.759084e+01,1.832137e+01,-1.197335e-01,1.275846e-01,3.825125e-01,1.456502e-01,-5.804276e-03,-2.000000e-02,1.879409e-02,7.760000e+01,1.830000e+01,-1.096096e-01,9.160599e-03,-2.136865e-02,1.012392e-02,7.222656e+01,2.418636e+02,1.862781e+01,6.228087e+01,7.012981e+01,2.443000e-01,1.510064e+00
1.973000e+03,7.759178e+01,1.808304e+01,-1.286472e-01,1.272887e-01,4.025125e-01,1.642607e-01,-2.958835e-04,2.000000e-02,1.861042e-02,7.760000e+01,1.830000e+01,-1.096096e-01,8.217379e-03,2.169552e-01,1.903759e-02,7.223478e+01,2.420806e+02,1.864685e+01,6.228093e+01,7.017688e+01,2.446624e-01,1.510811e+00
1.974000e+03,7.758485e+01,1.806374e+01,-1.213978e-01,1.342887e-01,4.225125e-01,1.432967e-01,7.000000e-03,2.000000e-02,-2.096398e-02,7.760000e+01,1.830000e+01,-1.096096e-01,1.514549e-02,2.362627e-01,1.178821e-02,7.224992e+01,2.423169e+02,1.865863e+01,6.228116e+01,7.023270e+01,2.448014e-01,1.511699e+00
1.975000e+03,7.758257e+01,1.824132e+01,-1.120524e-01,1.371481e-01,4.025125e-01,1.237675e-01,2.859384e-03,-2.000000e-02,-1.952921e-02,7.760000e+01,1.830000e+01,-1.096096e-01,1.743102e-02,5.867670e-02,2.442813e-03,7.226735e+01,2.423755e+02,1.866108e+01,6.228147e+01,7.023615e+01,2.448073e-01,1.512489e+00
1.976000e+03,7.759060e+01,1.820595e+01,-1.185413e-01,1.301481e-01,4.225125e-01,1.430788e-01,-7.000000e-03,2.000000e-02,1.931138e-02,7.760000e+01,1.830000e+01,-1.096096e-01,9.398767e-03,9.405107e-02,8.931656e-03,7.227675e+01,2.424696e+02,1.867001e+01,6.228156e+01,7.024499e+01,2.448871e-01,1.513311e+00
1.977000e+03,7.758461e+01,1.836948e+01,-1.133167e-01,1.358442e-01,4.025125e-01,1.279444e-01,5.696095e-03,-2.000000e-02,-1.513450e-02,7.760000e+01,1.830000e+01,-1.096096e-01,1.538664e-02,-6.947913e-02,3.707090e-03,7.229214e+01,2.425391e+02,1.867372e+01,6.228179e+01,7.024982e+01,2.449009e-01,1.513972e+00
1.978000e+03,7.759084e+01,1.832134e+01,-1.191137e-01,1.288442e-01,3.825125e-01,1.439470e-01,-7.000000e-03,-2.000000e-02,1.600268e-02,7.760000e+01,1.830000e+01,-1.096096e-01,9.157310e-03,-2.134220e-02,9.504112e-03,7.230129e+01,2.425604e+02,1.868322e+01,6.228188e+01,7.025028e+01,2.449912e-01,1.514677e+00
1.979000e+03,7.759318e+01,1.808302e+01,-1.283038e-01,1.256185e-01,4.025125e-01,1.636844e-01,-3.225702e-03,2.000000e-02,1.973738e-02,7.760000e+01,1.830000e+01,-1.096096e-01,6.824978e-03,2.169789e-01,1.869419e-02,7.230812e+01,2.427774e+02,1.870191e+01,6.228192e+01,7.029736e+01,2.453407e-01,1.515477e+00
1.980000e+03,7.758483e+01,1.806375e+01,-1.218216e-01,1.326185e-01,4.225125e-01,1.444512e-01,7.000000e-03,2.000000e-02,-1.923323e-02,7.760000e+01,1.830000e+01,-1.096096e-01,1.517181e-02,2.362480e-01,1.221202e-02,7.232329e+01,2.430136e+02,1.871413e+01,6.228215e+01,7.035317e+01,2.454898e-01,1.516296e+00
1.981000e+03,7.758087e+01,1.824134e+01,-1.124942e-01,1.391860e-01,4.025125e-01,1.246583e-01,6.567532e-03,-2.000000e-02,-1.979291e-02,7.760000e+01,1.830000e+01,-1.096096e-01,1.913367e-02,5.866416e-02,2.884615e-03,7.234242e+01,2.430723e+02,1.871701e+01,6.228252e+01,7.035661e+01,2.454981e-01,1.517131e+00
1.982000e+03,7.759060e+01,1.820592e+01,-1.180267e-01,1.321860e-01,4.225125e-01,1.416671e-01,-7.000000e-03,2.000000e-02,1.700883e-02,7.760000e+01,1.830000e+01,-1.096096e-01,9.398521e-03,9.408395e-02,8.417059e-03,7.235182e+01,2.431664e+02,1.872543e+01,6.228261e+01,7.036546e+01,2.455690e-01,1.517869e+00
1.983000e+03,7.758666e+01,1.836945e+01,-1.127775e-01,1.333889e-01,4.025125e-01,1.268561e-01,1.202851e-03,-2.000000e-02,-1.481095e-02,7.760000e+01,1.830000e+01,-1.096096e-01,1.334050e-02,-6.944954e-02,3.167903e-03,7.236516e+01,2.432358e+02,1.872860e+01,6.228279e+01,7.037029e+01,2.455790e-01,1.518490e+00
1.984000e+03,7.759084e+01,1.832137e+01,-1.197335e-01,1.275846e-01,3.825125e-01,1.456502e-01,-5.804276e-03,-2.000000e-02,1.879409e-02,7.760000e+01,1.830000e+01,-1.096096e-01,9.160599e-03,-2.136865e-02,1.012392e-02,7.237432e+01,2.432572e+02,1.873872e+01,6.228287e+01,7.037074e+01,2.456815e-01,1.519277e+00
1.985000e+03,7.759178e+01,1.808304e+01,-1.286472e-01,1.272887e-01,4.025125e-01,1.642607e-01,-2.958835e-04,2.000000e-02,1.861042e-02,7.760000e+01,1.830000e+01,-1.096096e-01,8.217379e-03,2.169552e-01,1.903759e-02,7.238254e+01,2.434742e+02,1.875776e+01,6.228294e+01,7.041781e+01,2.460439e-01,1.520024e+00
1.986000e+03,7.758485e+01,1.806374e+01,-1.213978e-01,1.342887e-01,4.225125e-01,1.432967e-01,7.000000e-03,2.000000e-02,-2.096398e-02,7.760000e+01,1.830000e+01,-1.096096e-01,1.514549e-02,2.362627e-01,1.178821e-02,7.239769e+01,2.437104e+02,1.876955e+01,6.228317e+01,7.047363e+01,2.461829e-01,1.520912e+00
1.987000e+03,7.758257e+01,1.824132e+01,-1.120524e-01,1.371481e-01,4.025125e-01,1.237675e-01,2.859384e-03,-2.000000e-02,-1.952921e-02,7.760000e+01,1.830000e+01,-1.096096e-01,1.743102e-02,5.867670e-02,2.442813e-03,7.241512e+01,2.437691e+02,1.877199e+01,6.228347e+01,7.047707e+01,2.461888e-01,1.521702e+00
1.988000e+03,7.759060e+01,1.820595e+01,-1.185413e-01,1.301481e-01,4.225125e-01,1.430788e-01,-7.000000e-03,2.000000e-02,1.931138e-02,7.760000e+01,1.830000e+01,-1.096096e-01,9.398767e-03,9.405107e-02,8.931656e-03,7.242452e+01,2.438631e+02,1.878092e+01,6.228356e+01,7.048592e+01,2.462686e-01,1.522524e+00
1.989000e+03,7.758461e+01,1.836948e+01,-1.133167e-01,1.358442e-01,4.025125e-01,1.279444e-01,5.696095e-03,-2.000000e-02,-1.513450e-02,7.760000e+01,1.830000e+01,-1.096096e-01,1.538664e-02,-6.947913e-02,3.707090e-03,7.243990e+01,2.439326e+02,1.878463e+01,6.228380e+01,7.049075e+01,2.462824e-01,1.523185e+00
1.990000e+03,7.759084e+01,1.832134e+01,-1.191137e-01,1.288442e-01,3.825125e-01,1.439470e-01,-7.000000e-03,-2.000000e-02,1.600268e-02,7.760000e+01,1.830000e+01,-1.096096e-01,9.157310e-03,-2.134220e-02,9.504112e-03,7.244906e+01,2.439540e+02,1.879413e+01,6.228388e+01,7.049120e+01,2.463727e-01,1.523890e+00
1.991000e+03,7.759318e+01,1.808302e+01,-1.283038e-01,1.256185e-01,4.025125e-01,1.636844e-01,-3.225702e-03,2.000000e-02,1.973738e-02,7.760000e+01,1.830000e+01,-1.096096e-01,6.824978e-03,2.169789e-01,1.869419e-02,7.245589e+01,2.441709e+02,1.881283e+01,6.228393e+01,7.053828e+01,2.467222e-01,1.524690e+00
1.992000e+03,7.758483e+01,1.806375e+01,-1.218216e-01,1.326185e-01,4.225125e-01,1.444512e-01,7.000000e-03,2.000000e-02,-1.923323e-02,7.760000e+01,1.830000e+01,-1.096096e-01,1.517181e-02,2.362480e-01,1.221202e-02,7.247106e+01,2.444072e+02,1.882504e+01,6.228416e+01,7.059410e+01,2.468713e-01,1.525509e+00
1.993000e+03,7.758087e+01,1.824134e+01,-1.124942e-01,1.391860e-01,4.025125e-01,1.246583e-01,6.567532e-03,-2.000000e-02,-1.979291e-02,7.760000e+01,1.830000e+01,-1.096096e-01,1.913367e-02,5.866416e-02,2.884615e-03,7.249019e+01,2.444659e+02,1.882792e+01,6.228452e+01,7.059754e+01,2.468796e-01,1.526344e+00
1.994000e+03,7.759060e+01,1.820592e+01,-1.180267e-01,1.321860e-01,4.225125e-01,1.416671e-01,-7.000000e-03,2.000000e-02,1.700883e-02,7.760000e+01,1.830000e+01,-1.096096e-01,9.398521e-03,9.408395e-02,8.417059e-03,7.249959e+01,2.445599e+02,1.883634e+01,6.228461e+01,7.060639e+01,2.469505e-01,1.527082e+00
1.995000e+03,7.758666e+01,1.836945e+01,-1.127775e-01,1.333889e-01,4.025125e-01,1.268561e-01,1.202851e-03,-2.000000e-02,-1.481095e-02,7.760000e+01,1.830000e+01,-1.096096e-01,1.334050e-02,-6.944954e-02,3.167903e-03,7.251293e+01,2.446294e+02,1.883951e+01,6.228479e+01,7.061121e+01,2.469605e-01,1.527703e+00
1.996000e+03,7.759084e+01,1.832137e+01,-1.197335e-01,1.275846e-01,3.825125e-01,1.456502e-01,-5.804276e-03,-2.000000e-02,1.879409e-02,7.760000e+01,1.830000e+01,-1.096096e-01,9.160599e-03,-2.136865e-02,1.012392e-02,7.252209e+01,2.446508e+02,1.884963e+01,6.228487e+01,7.061167e+01,2.470630e-01,1.528490e+00
1.997000e+03,7.759178e+01,1.808304e+01,-1.286472e-01,1.272887e-01,4.025125e-01,1.642607e-01,-2.958835e-04,2.000000e-02,1.861042e-02,7.760000e+01,1.830000e+01,-1.096096e-01,8.217379e-03,2.169552e-01,1.903759e-02,7.253031e+01,2.448677e+02,1.886867e+01,6.228494e+01,7.065874e+01,2.474254e-01,1.529236e+00
1.998000e+03,7.758485e+01,1.806374e+01,-1.213978e-01,1.342887e-01,4.225125e-01,1.432967e-01,7.000000e-03,2.000000e-02,-2.096398e-02,7.760000e+01,1.830000e+01,-1.096096e-01,1.514549e-02,2.362627e-01,1.178821e-02,7.254545e+01,2.451040e+02,1.888046e+01,6.228517e+01,7.071456e+01,2.475644e-01,1.530125e+00
1.999000e+03,7.758257e+01,1.824132e+01,-1.120524e-01,1.371481e-01,4.025125e-01,1.237675e-01,2.859384e-03,-2.000000e-02,-1.952921e-02,7.760000e+01,1.830000e+01,-1.096096e-01,1.743102e-02,5.867670e-02,2.442813e-03,7.256289e+01,2.451627e+02,1.888290e+01,6.228547e+01,7.071800e+01,2.475703e-01,1.530914e+00
2.000000e+03,7.759060e+01,1.820595e+01,-1.185413e-01,1.301481e-01,4.225125e-01,1.430788e-01,-7.000000e-03,2.000000e-02,1.931138e-02,7.760000e+01,1.830000e+01,-1.096096e-01,9.398767e-03,9.405107e-02,8.931656e-03,7.257228e+01,2.452567e+02,1.889183e+01,6.228556e+01,7.072685e+01,2.476501e-01,1.531736e+00
2.001000e+03,7.758461e+01,1.836948e+01,-1.133167e-01,1.358442e-01,4.025125e-01,1.279444e-01,5.696095e-03,-2.000000e-02,-1.513450e-02,7.760000e+01,1.830000e+01,-1.096096e-01,1.538664e-02,-6.947913e-02,3.707090e-03,7.258767e+01,2.453262e+02,1.889554e+01,6.228580e+01,7.073167e+01,2.476639e-01,1.532398e+00
2.002000e+03,7.759084e+01,1.832134e+01,-1.191137e-01,1.288442e-01,3.825125e-01,1.439470e-01,-7.000000e-03,-2.000000e-02,1.600268e-02,7.760000e+01,1.830000e+01,-1.096096e-01,9.157310e-03,-2.134220e-02,9.504112e-03,7.259683e+01,2.453475e+02,1.890504e+01,6.228588e+01,7.073213e+01,2.477542e-01,1.533103e+00
2.003000e+03,7.759318e+01,1.808302e+01,-1.283038e-01,1.256185e-01,4.025125e-01,1.636844e-01,-3.225702e-03,2.000000e-02,1.973738e-02,7.760000e+01,1.830000e+01,-1.096096e-01,6.824978e-03,2.169789e-01,1.869419e-02,7.260365e+01,2.455645e+02,1.892374e+01,6.228593e+01,7.077921e+01,2.481037e-01,1.533903e+00
2.004000e+03,7.758483e+01,1.806375e+01,-1.218216e-01,1.326185e-01,4.225125e-01,1.444512e-01,7.000000e-03,2.000000e-02,-1.923323e-02,7.760000e+01,1.830000e+01,-1.096096e-01,1.517181e-02,2.362480e-01,1.221202e-02,7.261882e+01,2.458008e+02,1.893595e+01,6.228616e+01,7.083502e+01,2.482528e-01,1.534722e+00
2.005000e+03,7.758087e+01,1.824134e+01,-1.124942e-01,1.391860e-01,4.025125e-01,1.246583e-01,6.567532e-03,-2.000000e-02,-1.979291e-02,7.760000e+01,1.830000e+01,-1.096096e-01,1.913367e-02,5.866416e-02,2.884615e-03,7.263796e+01,2.458594e+02,1.893883e+01,6.228652e+01,7.083846e+01,2.482611e-01,1.535557e+00
2.006000e+03,7.759060e+01,1.820592e+01,-1.180267e-01,1.321860e-01,4.225125e-01,1.416671e-01,-7.000000e-03,2.000000e-02,1.700883e-02,7.760000e+01,1.830000e+01,-1.096096e-01,9.398521e-03,9.408395e-02,8.417059e-03,7.264736e+01,2.459535e+02,1.894725e+01,6.228661e+01,7.084732e+01,2.483320e-01,1.536295e+00
2.007000e+03,7.758666e+01,1.836945e+01,-1.127775e-01,1.333889e-01,4.025125e-01,1.268561e-01,1.202851e-03,-2.000000e-02,-1.481095e-02,7.760000e+01,1.830000e+01,-1.096096e-01,1.334050e-02,-6.944954e-02,3.167903e-03,7.266070e+01,2.460230e+02,1.895042e+01,6.228679e+01,7.085214e+01,2.483420e-01,1.536916e+00
2.008000e+03,7.759084e+01,1.832137e+01,-1.197335e-01,1.275846e-01,3.825125e-01,1.456502e-01,-5.804276e-03,-2.000000e-02,1.879409e-02,7.760000e+01,1.830000e+01,-1.096096e-01,9.160599e-03,-2.136865e-02,1.012392e-02,7.266986e+01,2.460443e+02,1.896054e+01,6.228688e+01,7.085260e+01,2.484445e-01,1.537703e+00
2.009000e+03,7.759178e+01,1.808304e+01,-1.286472e-01,1.272887e-01,4.025125e-01,1.642607e-01,-2.958835e-04,2.000000e-02,1.861042e-02,7.760000e+01,1.830000e+01,-1.096096e-01,8.217379e-03,2.169552e-01,1.903759e-02,7.267808e+01,2.462613e+02,1.897958e+01,6.228694e+01,7.089967e+01,2.488069e-01,1.538449e+00
2.010000e+03,7.758485e+01,1.806374e+01,-1.213978e-01,1.342887e-01,4.225125e-01,1.432967e-01,7.000000e-03,2.000000e-02,-2.096398e-02,7.760000e+01,1.830000e+01,-1.096096e-01,1.514549e-02,2.362627e-01,1.178821e-02,7.269322e+01,2.464975e+02,1.899137e+01,6.228717e+01,7.095549e+01,2.489459e-01,1.539338e+00
2.011000e+03,7.758257e+01,1.824132e+01,-1.120524e-01,1.371481e-01,4.025125e-01,1.237675e-01,2.859384e-03,-2.000000e-02,-1.952921e-02,7.760000e+01,1.830000e+01,-1.096096e-01,1.743102e-02,5.867670e-02,2.442813e-03,7.271065e+01,2.465562e+02,1.899381e+01,6.228748e+01,7.095893e+01,2.489519e-01,1.540127e+00
2.012000e+03,7.759060e+01,1.820595e+01,-1.185413e-01,1.301481e-01,4.225125e-01,1.430788e-01,-7.000000e-03,2.000000e-02,1.931138e-02,7.760000e+01,1.830000e+01,-1.096096e-01,9.398767e-03,9.405107e-02,8.931656e-03,7.272005e+01,2.466503e+02,1.900274e+01,6.228756e+01,7.096777e+01,2.490316e-01,1.540949e+00
2.013000e+03,7.758461e+01,1.836948e+01,-1.133167e-01,1.358442e-01,4.025125e-01,1.279444e-01,5.696095e-03,-2.000000e-02,-1.513450e-02,7.760000e+01,1.830000e+01,-1.096096e-01,1.538664e-02,-6.947913e-02,3.707090e-03,7.273544e+01,2.467197e+02,1.900645e+01,6.228780e+01,7.097260e+01,2.490454e-01,1.541611e+00
2.014000e+03,7.759084e+01,1.832134e+01,-1.191137e-01,1.288442e-01,3.825125e-01,1.439470e-01,-7.000000e-03,-2.000000e-02,1.600268e-02,7.760000e+01,1.830000e+01,-1.096096e-01,9.157310e-03,-2.134220e-02,9.504112e-03,7.274459e+01,2.467411e+02,1.901595e+01,6.228788e+01,7.097306e+01,2.491357e-01,1.542316e+00
2.015000e+03,7.759318e+01,1.808302e+01,-1.283038e-01,1.256185e-01,4.025125e-01,1.636844e-01,-3.225702e-03,2.000000e-02,1.973738e-02,7.760000e+01,1.830000e+01,-1.096096e-01,6.824978e-03,2.169789e-01,1.869419e-02,7.275142e+01,2.469581e+02,1.903465e+01,6.228793e+01,7.102014e+01,2.494852e-01,1.543116e+00
2.016000e+03,7.758483e+01,1.806375e+01,-1.218216e-01,1.326185e-01,4.225125e-01,1.444512e-01,7.000000e-03,2.000000e-02,-1.923323e-02,7.760000e+01,1.830000e+01,-1.096096e-01,1.517181e-02,2.362480e-01,1.221202e-02,7.276659e+01,2.471943e+02,1.904686e+01,6.228816e+01,7.107595e+01,2.496343e-01,1.543935e+00
2.017000e+03,7.758087e+01,1.824134e+01,-1.124942e-01,1.391860e-01,4.025125e-01,1.246583e-01,6.567532e-03,-2.000000e-02,-1.979291e-02,7.760000e+01,1.830000e+01,-1.096096e-01,1.913367e-02,5.866416e-02,2.884615e-03,7.278573e+01,2.472530e+02,1.904974e+01,6.228853e+01,7.107939e+01,2.496426e-01,1.544770e+00
2.018000e+03,7.759060e+01,1.820592e+01,-1.180267e-01,1.321860e-01,4.225125e-01,1.416671e-01,-7.000000e-03,2.000000e-02,1.700883e-02,7.760000e+01,1.830000e+01,-1.096096e-01,9.398521e-03,9.408395e-02,8.417059e-03,7.279512e+01,2.473471e+02,1.905816e+01,6.228862e+01,7.108824e+01,2.497135e-01,1.545508e+00
2.019000e+03,7.758666e+01,1.836945e+01,-1.127775e-01,1.333889e-01,4.025125e-01,1.268561e-01,1.202851e-03,-2.000000e-02,-1.481095e-02,7.760000e+01,1.830000e+01,-1.096096e-01,1.334050e-02,-6.944954e-02,3.167903e-03,7.280846e+01,2.474165e+02,1.906133e+01,6.228879e+01,7.109307e+01,2.497235e-01,1.546129e+00
2.020000e+03,7.759084e+01,1.832137e+01,-1.197335e-01,1.275846e-01,3.825125e-01,1.456502e-01,-5.804276e-03,-2.000000e-02,1.879409e-02,7.760000e+01,1.830000e+01,-1.096096e-01,9.160599e-03,-2.136865e-02,1.012392e-02,7.281762e+01,2.474379e+02,1.907145e+01,6.228888e+01,7.109352e+01,2.498260e-01,1.546916e+00
2.021000e+03,7.759178e+01,1.808304e+01,-1.286472e-01,1.272887e-01,4.025125e-01,1.642607e-01,-2.958835e-04,2.000000e-02,1.861042e-02,7.760000e+01,1.830000e+01,-1.096096e-01,8.217379e-03,2.169552e-01,1.903759e-02,7.282584e+01,2.476548e+02,1.909049e+01,6.228895e+01,7.114059e+01,2.501884e-01,1.547662e+00
2.022000e+03,7.758485e+01,1.806374e+01,-1.213978e-01,1.342887e-01,4.225125e-01,1.432967e-01,7.000000e-03,2.000000e-02,-2.096398e-02,7.760000e+01,1.830000e+01,-1.096096e-01,1.514549e-02,2.362627e-01,1.178821e-02,7.284099e+01,2.478911e+02,1.910228e+01,6.228917e+01,7.119641e+01,2.503274e-01,1.548551e+00
2.023000e+03,7.758257e+01,1.824132e+01,-1.120524e-01,1.371481e-01,4.025125e-01,1.237675e-01,2.859384e-03,-2.000000e-02,-1.952921e-02,7.760000e+01,1.830000e+01,-1.096096e-01,1.743102e-02,5.867670e-02,2.442813e-03,7.285842e+01,2.479498e+02,1.910472e+01,6.228948e+01,7.119986e+01,2.503334e-01,1.549340e+00
2.024000e+03,7.759060e+01,1.820595e+01,-1.185413e-01,1.301481e-01,4.225125e-01,1.430788e-01,-7.000000e-03,2.000000e-02,1.931138e-02,7.760000e+01,1.830000e+01,-1.096096e-01,9.398767e-03,9.405107e-02,8.931656e-03,7.286782e+01,2.480438e+02,1.911365e+01,6.228957e+01,7.120870e+01,2.504131e-01,1.550162e+00
2.025000e+03,7.758461e+01,1.836948e+01,-1.133167e-01,1.358442e-01,4.025125e-01,1.279444e-01,5.696095e-03,-2.000000e-02,-1.513450e-02,7.760000e+01,1.830000e+01,-1.096096e-01,1.538664e-02,-6.947913e-02,3.707090e-03,7.288320e+01,2.481133e+02,1.911736e+01,6.228980e+01,7.121353e+01,2.504269e-01,1.550823e+00
2.026000e+03,7.759084e+01,1.832134e+01,-1.191137e-01,1.288442e-01,3.825125e-01,1.439470e-01,-7.000000e-03,-2.000000e-02,1.600268e-02,7.760000e+01,1.830000e+01,-1.096096e-01,9.157310e-03,-2.134220e-02,9.504112e-03,7.289236e+01,2.481346e+02,1.912687e+01,6.228989e+01,7.121398e+01,2.505172e-01,1.551529e+00
2.027000e+03,7.759318e+01,1.808302e+01,-1.283038e-01,1.256185e-01,4.025125e-01,1.636844e-01,-3.225702e-03,2.000000e-02,1.973738e-02,7.760000e+01,1.830000e+01,-1.096096e-01,6.824978e-03,2.169789e-01,1.869419e-02,7.289919e+01,2.483516e+02,1.914556e+01,6.228993e+01,7.126106e+01,2.508667e-01,1.552329e+00
2.028000e+03,7.758483e+01,1.806375e+01,-1.218216e-01,1.326185e-01,4.225125e-01,1.444512e-01,7.000000e-03,2.000000e-02,-1.923323e-02,7.760000e+01,1.830000e+01,-1.096096e-01,1.517181e-02,2.362480e-01,1.221202e-02,7.291436e+01,2.485879e+02,1.915777e+01,6.229016e+01,7.131688e+01,2.510158e-01,1.553147e+00
2.029000e+03,7.758087e+01,1.824134e+01,-1.124942e-01,1.391860e-01,4.025125e-01,1.246583e-01,6.567532e-03,-2.000000e-02,-1.979291e-02,7.760000e+01,1.830000e+01,-1.096096e-01,1.913367e-02,5.866416e-02,2.884615e-03,7.293349e+01,2.486465e+02,1.916066e+01,6.229053e+01,7.132032e+01,2.510241e-01,1.553982e+00
2.030000e+03,7.759060e+01,1.820592e+01,-1.180267e-01,1.321860e-01,4.225125e-01,1.416671e-01,-7.000000e-03,2.000000e-02,1.700883e-02,7.760000e+01,1.830000e+01,-1.096096e-01,9.398521e-03,9.408395e-02,8.417059e-03,7.294289e+01,2.487406e+02,1.916907e+01,6.229062e+01,7.132917e+01,2.510950e-01,1.554721e+00
2.031000e+03,7.758666e+01,1.836945e+01,-1.127775e-01,1.333889e-01,4.025125e-01,1.268561e-01,1.202851e-03,-2.000000e-02,-1.481095e-02,7.760000e+01,1.830000e+01,-1.096096e-01,1.334050e-02,-6.944954e-02,3.167903e-03,7.295623e+01,2.488101e+02,1.917224e+01,6.229080e+01,7.133399e+01,2.511050e-01,1.555341e+00
2.032000e+03,7.759084e+01,1.832137e+01,-1.197335e-01,1.275846e-01,3.825125e-01,1.456502e-01,-5.804276e-03,-2.000000e-02,1.879409e-02,7.760000e+01,1.830000e+01,-1.096096e-01,9.160599e-03,-2.136865e-02,1.012392e-02,7.296539e+01,2.488314e+02,1.918236e+01,6.229088e+01,7.133445e+01,2.512075e-01,1.556128e+00
2.033000e+03,7.759178e+01,1.808304e+01,-1.286472e-01,1.272887e-01,4.025125e-01,1.642607e-01,-2.958835e-04,2.000000e-02,1.861042e-02,7.760000e+01,1.830000e+01,-1.096096e-01,8.217379e-03,2.169552e-01,1.903759e-02,7.297361e+01,2.490484e+02,1.920140e+01,6.229095e+01,7.138152e+01,2.515699e-01,1.556875e+00
2.034000e+03,7.758485e+01,1.806374e+01,-1.213978e-01,1.342887e-01,4.225125e-01,1.432967e-01,7.000000e-03,2.000000e-02,-2.096398e-02,7.760000e+01,1.830000e+01,-1.096096e-01,1.514549e-02,2.362627e-01,1.178821e-02,7.298875e+01,2.492847e+02,1.921319e+01,6.229118e+01,7.143734e+01,2.517089e-01,1.557763e+00
2.035000e+03,7.758257e+01,1.824132e+01,-1.120524e-01,1.371481e-01,4.025125e-01,1.237675e-01,2.859384e-03,-2.000000e-02,-1.952921e-02,7.760000e+01,1.830000e+01,-1.096096e-01,1.743102e-02,5.867670e-02,2.442813e-03,7.300619e+01,2.493433e+02,1.921563e+01,6.229148e+01,7.144078e+01,2.517149e-01,1.558553e+00
2.036000e+03,7.759060e+01,1.820595e+01,-1.185413e-01,1.301481e-01,4.225125e-01,1.430788e-01,-7.000000e-03,2.000000e-02,1.931138e-02,7.760000e+01,1.830000e+01,-1.096096e-01,9.398767e-03,9.405107e-02,8.931656e-03,7.301558e+01,2.494374e+02,1.922457e+01,6.229157e+01,7.144963e+01,2.517946e-01,1.559375e+00
2.037000e+03,7.758461e+01,1.836948e+01,-1.133167e-01,1.358442e-01,4.025125e-01,1.279444e-01,5.696095e-03,-2.000000e-02,-1.513450e-02,7.760000e+01,1.830000e+01,-1.096096e-01,1.538664e-02,-6.947913e-02,3.707090e-03,7.303097e+01,2.495069e+02,1.922827e+01,6.229181e+01,7.145446e+01,2.518084e-01,1.560036e+00
2.038000e+03,7.759084e+01,1.832134e+01,-1.191137e-01,1.288442e-01,3.825125e-01,1.439470e-01,-7.000000e-03,-2.000000e-02,1.600268e-02,7.760000e+01,1.830000e+01,-1.096096e-01,9.157310e-03,-2.134220e-02,9.504112e-03,7.304013e+01,2.495282e+02,1.923778e+01,6.229189e+01,7.145491e+01,2.518987e-01,1.560741e+00
2.039000e+03,7.759318e+01,1.808302e+01,-1.283038e-01,1.256185e-01,4.025125e-01,1.636844e-01,-3.225702e-03,2.000000e-02,1.973738e-02,7.760000e+01,1.830000e+01,-1.096096e-01,6.824978e-03,2.169789e-01,1.869419e-02,7.304695e+01,2.497452e+02,1.925647e+01,6.229194e+01,7.150199e+01,2.522482e-01,1.561541e+00
2.040000e+03,7.758483e+01,1.806375e+01,-1.218216e-01,1.326185e-01,4.225125e-01,1.444512e-01,7.000000e-03,2.000000e-02,-1.923323e-02,7.760000e+01,1.830000e+01,-1.096096e-01,1.517181e-02,2.362480e-01,1.221202e-02,7.306212e+01,2.499814e+02,1.926868e+01,6.229217e+01,7.155780e+01,2.523973e-01,1.562360e+00
2.041000e+03,7.758087e+01,1.824134e+01,-1.124942e-01,1.391860e-01,4.025125e-01,1.246583e-01,6.567532e-03,-2.000000e-02,-1.979291e-02,7.760000e+01,1.830000e+01,-1.096096e-01,1.913367e-02,5.866416e-02,2.884615e-03,7.308126e+01,2.500401e+02,1.927157e+01,6.229253e+01,7.156125e+01,2.524056e-01,1.563195e+00
2.042000e+03,7.759060e+01,1.820592e+01,-1.180267e-01,1.321860e-01,4.225125e-01,1.416671e-01,-7.000000e-03,2.000000e-02,1.700883e-02,7.760000e+01,1.830000e+01,-1.096096e-01,9.398521e-03,9.408395e-02,8.417059e-03,7.309066e+01,2.501342e+02,1.927998e+01,6.229262e+01,7.157010e+01,2.524765e-01,1.563933e+00
2.043000e+03,7.758666e+01,1.836945e+01,-1.127775e-01,1.333889e-01,4.025125e-01,1.268561e-01,1.202851e-03,-2.000000e-02,-1.481095e-02,7.760000e+01,1.830000e+01,-1.096096e-01,1.334050e-02,-6.944954e-02,3.167903e-03,7.310400e+01,2.502036e+02,1.928315e+01,6.229280e+01,7.157492e+01,2.524865e-01,1.564554e+00
2.044000e+03,7.759084e+01,1.832137e+01,-1.197335e-01,1.275846e-01,3.825125e-01,1.456502e-01,-5.804276e-03,-2.000000e-02,1.879409e-02,7.760000e+01,1.830000e+01,-1.096096e-01,9.160599e-03,-2.136865e-02,1.012392e-02,7.311316e+01,2.502250e+02,1.929328e+01,6.229288e+01,7.157538e+01,2.525890e-01,1.565341e+00
2.045000e+03,7.759178e+01,1.808304e+01,-1.286472e-01,1.272887e-01,4.025125e-01,1.642607e-01,-2.958835e-04,2.000000e-02,1.861042e-02,7.760000e+01,1.830000e+01,-1.096096e-01,8.217379e-03,2.169552e-01,1.903759e-02,7.312138e+01,2.504420e+02,1.931231e+01,6.229295e+01,7.162245e+01,2.529515e-01,1.566088e+00
2.046000e+03,7.758485e+01,1.806374e+01,-1.213978e-01,1.342887e-01,4.225125e-01,1.432967e-01,7.000000e-03,2.000000e-02,-2.096398e-02,7.760000e+01,1.830000e+01,-1.096096e-01,1.514549e-02,2.362627e-01,1.178821e-02,7.313652e+01,2.506782e+02,1.932410e+01,6.229318e+01,7.167827e+01,2.530904e-01,1.566976e+00
2.047000e+03,7.758257e+01,1.824132e+01,-1.120524e-01,1.371481e-01,4.025125e-01,1.237675e-01,2.859384e-03,-2.000000e-02,-1.952921e-02,7.760000e+01,1.830000e+01,-1.096096e-01,1.743102e-02,5.867670e-02,2.442813e-03,7.315395e+01,2.507369e+02,1.932654e+01,6.229348e+01,7.168171e+01,2.530964e-01,1.567766e+00
2.048000e+03,7.759060e+01,1.820595e+01,-1.185413e-01,1.301481e-01,4.225125e-01,1.430788e-01,-7.000000e-03,2.000000e-02,1.931138e-02,7.760000e+01,1.830000e+01,-1.096096e-01,9.398767e-03,9.405107e-02,8.931656e-03,7.316335e+01,2.508309e+02,1.933548e+01,6.229357e+01,7.169056e+01,2.531762e-01,1.568588e+00
2.049000e+03,7.758461e+01,1.836948e+01,-1.133167e-01,1.358442e-01,4.025125e-01,1.279444e-01,5.696095e-03,-2.000000e-02,-1.513450e-02,7.760000e+01,1.830000e+01,-1.096096e-01,1.538664e-02,-6.947913e-02,3.707090e-03,7.317874e+01,2.509004e+02,1.933918e+01,6.229381e+01,7.169538e+01,2.531899e-01,1.569249e+00
2.050000e+03,7.759084e+01,1.832134e+01,-1.191137e-01,1.288442e-01,3.825125e-01,1.439470e-01,-7.000000e-03,-2.000000e-02,1.600268e-02,7.760000e+01,1.830000e+01,-1.096096e-01,9.157310e-03,-2.134220e-02,9.504112e-03,7.318789e+01,2.509218e+02,1.934869e+01,6.229389e+01,7.169584e+01,2.532802e-01,1.569954e+00
2.051000e+03,7.759318e+01,1.808302e+01,-1.283038e-01,1.256185e-01,4.025125e-01,1.636844e-01,-3.225702e-03,2.000000e-02,1.973738e-02,7.760000e+01,1.830000e+01,-1.096096e-01,6.824978e-03,2.169789e-01,1.869419e-02,7.319472e+01,2.511387e+02,1.936738e+01,6.229394e+01,7.174292e+01,2.536297e-01,1.570754e+00
2.052000e+03,7.758483e+01,1.806375e+01,-1.218216e-01,1.326185e-01,4.225125e-01,1.444512e-01,7.000000e-03,2.000000e-02,-1.923323e-02,7.760000e+01,1.830000e+01,-1.096096e-01,1.517181e-02,2.362480e-01,1.221202e-02,7.320989e+01,2.513750e+02,1.937959e+01,6.229417e+01,7.179873e+01,2.537788e-01,1.571573e+00
2.053000e+03,7.758087e+01,1.824134e+01,-1.124942e-01,1.391860e-01,4.025125e-01,1.246583e-01,6.567532e-03,-2.000000e-02,-1.979291e-02,7.760000e+01,1.830000e+01,-1.096096e-01,1.913367e-02,5.866416e-02,2.884615e-03,7.322903e+01,2.514337e+02,1.938248e+01,6.229454e+01,7.180217e+01,2.537872e-01,1.572408e+00
2.054000e+03,7.759060e+01,1.820592e+01,-1.180267e-01,1.321860e-01,4.225125e-01,1.416671e-01,-7.000000e-03,2.000000e-02,1.700883e-02,7.760000e+01,1.830000e+01,-1.096096e-01,9.398521e-03,9.408395e-02,8.417059e-03,7.323842e+01,2.515277e+02,1.939090e+01,6.229462e+01,7.181102e+01,2.538580e-01,1.573146e+00
2.055000e+03,7.758666e+01,1.836945e+01,-1.127775e-01,1.333889e-01,4.025125e-01,1.268561e-01,1.202851e-03,-2.000000e-02,-1.481095e-02,7.760000e+01,1.830000e+01,-1.096096e-01,1.334050e-02,-6.944954e-02,3.167903e-03,7.325176e+01,2.515972e+02,1.939406e+01,6.229480e+01,7.181585e+01,2.538680e-01,1.573767e+00
2.056000e+03,7.759084e+01,1.832137e+01,-1.197335e-01,1.275846e-01,3.825125e-01,1.456502e-01,-5.804276e-03,-2.000000e-02,1.879409e-02,7.760000e+01,1.830000e+01,-1.096096e-01,9.160599e-03,-2.136865e-02,1.012392e-02,7.326092e+01,2.516186e+02,1.940419e+01,6.229489e+01,7.181630e+01,2.539705e-01,1.574554e+00
2.057000e+03,7.759178e+01,1.808304e+01,-1.286472e-01,1.272887e-01,4.025125e-01,1.642607e-01,-2.958835e-04,2.000000e-02,1.861042e-02,7.760000e+01,1.830000e+01,-1.096096e-01,8.217379e-03,2.169552e-01,1.903759e-02,7.326914e+01,2.518355e+02,1.942322e+01,6.229495e+01,7.186337e+01,2.543330e-01,1.575300e+00
2.058000e+03,7.758485e+01,1.806374e+01,-1.213978e-01,1.342887e-01,4.225125e-01,1.432967e-01,7.000000e-03,2.000000e-02,-2.096398e-02,7.760000e+01,1.830000e+01,-1.096096e-01,1.514549e-02,2.362627e-01,1.178821e-02,7.328429e+01,2.520718e+02,1.943501e+01,6.229518e+01,7.191919e+01,2.544719e-01,1.576189e+00
2.059000e+03,7.758257e+01,1.824132e+01,-1.120524e-01,1.371481e-01,4.025125e-01,1.237675e-01,2.859384e-03,-2.000000e-02,-1.952921e-02,7.760000e+01,1.830000e+01,-1.096096e-01,1.743102e-02,5.867670e-02,2.442813e-03,7.330172e+01,2.521305e+02,1.943746e+01,6.229549e+01,7.192264e+01,2.544779e-01,1.576978e+00
2.060000e+03,7.759060e+01,1.820595e+01,-1.185413e-01,1.301481e-01,4.225125e-01,1.430788e-01,-7.000000e-03,2.000000e-02,1.931138e-02,7.760000e+01,1.830000e+01,-1.096096e-01,9.398767e-03,9.405107e-02,8.931656e-03,7.331112e+01,2.522245e+02,1.944639e+01,6.229558e+01,7.193148e+01,2.545577e-01,1.577800e+00
2.061000e+03,7.758461e+01,1.836948e+01,-1.133167e-01,1.358442e-01,4.025125e-01,1.279444e-01,5.696095e-03,-2.000000e-02,-1.513450e-02,7.760000e+01,1.830000e+01,-1.096096e-01,1.538664e-02,-6.947913e-02,3.707090e-03,7.332650e+01,2.522940e+02,1.945009e+01,6.229581e+01,7.193631e+01,2.545714e-01,1.578462e+00
2.062000e+03,7.759084e+01,1.832134e+01,-1.191137e-01,1.288442e-01,3.825125e-01,1.439470e-01,-7.000000e-03,-2.000000e-02,1.600268e-02,7.760000e+01,1.830000e+01,-1.096096e-01,9.157310e-03,-2.134220e-02,9.504112e-03,7.333566e+01,2.523153e+02,1.945960e+01,6.229590e+01,7.193677e+01,2.546617e-01,1.579167e+00
2.063000e+03,7.759318e+01,1.808302e+01,-1.283038e-01,1.256185e-01,4.025125e-01,1.636844e-01,-3.225702e-03,2.000000e-02,1.973738e-02,7.760000e+01,1.830000e+01,-1.096096e-01,6.824978e-03,2.169789e-01,1.869419e-02,7.334249e+01,2.525323e+02,1.947829e+01,6.229594e+01,7.198385e+01,2.550112e-01,1.579967e+00
2.064000e+03,7.758483e+01,1.806375e+01,-1.218216e-01,1.326185e-01,4.225125e-01,1.444512e-01,7.000000e-03,2.000000e-02,-1.923323e-02,7.760000e+01,1.830000e+01,-1.096096e-01,1.517181e-02,2.362480e-01,1.221202e-02,7.335766e+01,2.527686e+02,1.949050e+01,6.229617e+01,7.203966e+01,2.551603e-01,1.580786e+00
2.065000e+03,7.758087e+01,1.824134e+01,-1.124942e-01,1.391860e-01,4.025125e-01,1.246583e-01,6.567532e-03,-2.000000e-02,-1.979291e-02,7.760000e+01,1.830000e+01,-1.096096e-01,1.913367e-02,5.866416e-02,2.884615e-03,7.337679e+01,2.528272e+02,1.949339e+01,6.229654e+01,7.204310e+01,2.551687e-01,1.581621e+00
2.066000e+03,7.759060e+01,1.820592e+01,-1.180267e-01,1.321860e-01,4.225125e-01,1.416671e-01,-7.000000e-03,2.000000e-02,1.700883e-02,7.760000e+01,1.830000e+01,-1.096096e-01,9.398521e-03,9.408395e-02,8.417059e-03,7.338619e+01,2.529213e+02,1.950181e+01,6.229663e+01,7.205195e+01,2.552395e-01,1.582359e+00
2.067000e+03,7.758666e+01,1.836945e+01,-1.127775e-01,1.333889e-01,4.025125e-01,1.268561e-01,1.202851e-03,-2.000000e-02,-1.481095e-02,7.760000e+01,1.830000e+01,-1.096096e-01,1.334050e-02,-6.944954e-02,3.167903e-03,7.339953e+01,2.529908e+02,1.950497e+01,6.229681e+01,7.205677e+01,2.552495e-01,1.582980e+00
2.068000e+03,7.759084e+01,1.832137e+01,-1.197335e-01,1.275846e-01,3.825125e-01,1.456502e-01,-5.804276e-03,-2.000000e-02,1.879409e-02,7.760000e+01,1.830000e+01,-1.096096e-01,9.160599e-03,-2.136865e-02,1.012392e-02,7.340869e+01,2.530121e+02,1.951510e+01,6.229689e+01,7.205723e+01,2.553520e-01,1.583767e+00
2.069000e+03,7.759178e+01,1.808304e+01,-1.286472e-01,1.272887e-01,4.025125e-01,1.642607e-01,-2.958835e-04,2.000000e-02,1.861042e-02,7.760000e+01,1.830000e+01,-1.096096e-01,8.217379e-03,2.169552e-01,1.903759e-02,7.341691e+01,2.532291e+02,1.953414e+01,6.229696e+01,7.210430e+01,2.557145e-01,1.584513e+00
2.070000e+03,7.758485e+01,1.806374e+01,-1.213978e-01,1.342887e-01,4.225125e-01,1.432967e-01,7.000000e-03,2.000000e-02,-2.096398e-02,7.760000e+01,1.830000e+01,-1.096096e-01,1.514549e-02,2.362627e-01,1.178821e-02,7.343205e+01,2.534653e+02,1.954592e+01,6.229719e+01,7.216012e+01,2.558534e-01,1.585402e+00
2.071000e+03,7.758257e+01,1.824132e+01,-1.120524e-01,1.371481e-01,4.025125e-01,1.237675e-01,2.859384e-03,-2.000000e-02,-1.952921e-02,7.760000e+01,1.830000e+01,-1.096096e-01,1.743102e-02,5.867670e-02,2.442813e-03,7.344949e+01,2.535240e+02,1.954837e+01,6.229749e+01,7.216356e+01,2.558594e-01,1.586191e+00
2.072000e+03,7.759060e+01,1.820595e+01,-1.185413e-01,1.301481e-01,4.225125e-01,1.430788e-01,-7.000000e-03,2.000000e-02,1.931138e-02,7.760000e+01,1.830000e+01,-1.096096e-01,9.398767e-03,9.405107e-02,8.931656e-03,7.345888e+01,2.536181e+02,1.955730e+01,6.229758e+01,7.217241e+01,2.559392e-01,1.587013e+00
2.073000e+03,7.758461e+01,1.836948e+01,-1.133167e-01,1.358442e-01,4.025125e-01,1.279444e-01,5.696095e-03,-2.000000e-02,-1.513450e-02,7.760000e+01,1.830000e+01,-1.096096e-01,1.538664e-02,-6.947913e-02,3.707090e-03,7.347427e+01,2.536875e+02,1.956101e+01,6.229781e+01,7.217724e+01,2.559529e-01,1.587675e+00
2.074000e+03,7.759084e+01,1.832134e+01,-1.191137e-01,1.288442e-01,3.825125e-01,1.439470e-01,-7.000000e-03,-2.000000e-02,1.600268e-02,7.760000e+01,1.830000e+01,-1.096096e-01,9.157310e-03,-2.134220e-02,9.504112e-03,7.348343e+01,2.537089e+02,1.957051e+01,6.229790e+01,7.217769e+01,2.560432e-01,1.588380e+00
2.075000e+03,7.759318e+01,1.808302e+01,-1.283038e-01,1.256185e-01,4.025125e-01,1.636844e-01,-3.225702e-03,2.000000e-02,1.973738e-02,7.760000e+01,1.830000e+01,-1.096096e-01,6.824978e-03,2.169789e-01,1.869419e-02,7.349025e+01,2.539259e+02,1.958920e+01,6.229795e+01,7.222477e+01,2.563927e-01,1.589180e+00
2.076000e+03,7.758483e+01,1.806375e+01,-1.218216e-01,1.326185e-01,4.225125e-01,1.444512e-01,7.000000e-03,2.000000e-02,-1.923323e-02,7.760000e+01,1.830000e+01,-1.096096e-01,1.517181e-02,2.362480e-01,1.221202e-02,7.350542e+01,2.541621e+02,1.960142e+01,6.229818e+01,7.228059e+01,2.565418e-01,1.589999e+00
2.077000e+03,7.758087e+01,1.824134e+01,-1.124942e-01,1.391860e-01,4.025125e-01,1.246583e-01,6.567532e-03,-2.000000e-02,-1.979291e-02,7.760000e+01,1.830000e+01,-1.096096e-01,1.913367e-02,5.866416e-02,2.884615e-03,7.352456e+01,2.542208e+02,1.960430e+01,6.229854e+01,7.228403e+01,2.565502e-01,1.590834e+00
2.078000e+03,7.759060e+01,1.820592e+01,-1.180267e-01,1.321860e-01,4.225125e-01,1.416671e-01,-7.000000e-03,2.000000e-02,1.700883e-02,7.760000e+01,1.830000e+01,-1.096096e-01,9.398521e-03,9.408395e-02,8.417059e-03,7.353396e+01,2.543149e+02,1.961272e+01,6.229863e+01,7.229288e+01,2.566210e-01,1.591572e+00
2.079000e+03,7.758666e+01,1.836945e+01,-1.127775e-01,1.333889e-01,4.025125e-01,1.268561e-01,1.202851e-03,-2.000000e-02,-1.481095e-02,7.760000e+01,1.830000e+01,-1.096096e-01,1.334050e-02,-6.944954e-02,3.167903e-03,7.354730e+01,2.543843e+02,1.961589e+01,6.229881e+01,7.229770e+01,2.566311e-01,1.592193e+00
2.080000e+03,7.759084e+01,1.832137e+01,-1.197335e-01,1.275846e-01,3.825125e-01,1.456502e-01,-5.804276e-03,-2.000000e-02,1.879409e-02,7.760000e+01,1.830000e+01,-1.096096e-01,9.160599e-03,-2.136865e-02,1.012392e-02,7.355646e+01,2.544057e+02,1.962601e+01,6.229889e+01,7.229816e+01,2.567335e-01,1.592980e+00
2.081000e+03,7.759178e+01,1.808304e+01,-1.286472e-01,1.272887e-01,4.025125e-01,1.642607e-01,-2.958835e-04,2.000000e-02,1.861042e-02,7.760000e+01,1.830000e+01,-1.096096e-01,8.217379e-03,2.169552e-01,1.903759e-02,7.356468e+01,2.546226e+02,1.964505e+01,6.229896e+01,7.234523e+01,2.570960e-01,1.593726e+00
2.082000e+03,7.758485e+01,1.806374e+01,-1.213978e-01,1.342887e-01,4.225125e-01,1.432967e-01,7.000000e-03,2.000000e-02,-2.096398e-02,7.760000e+01,1.830000e+01,-1.096096e-01,1.514549e-02,2.362627e-01,1.178821e-02,7.357982e+01,2.548589e+02,1.965684e+01,6.229919e+01,7.240105e+01,2.572349e-01,1.594615e+00
2.083000e+03,7.758257e+01,1.824132e+01,-1.120524e-01,1.371481e-01,4.025125e-01,1.237675e-01,2.859384e-03,-2.000000e-02,-1.952921e-02,7.760000e+01,1.830000e+01,-1.096096e-01,1.743102e-02,5.867670e-02,2.442813e-03,7.359725e+01,2.549176e+02,1.965928e+01,6.229949e+01,7.240449e+01,2.572409e-01,1.595404e+00
2.084000e+03,7.759060e+01,1.820595e+01,-1.185413e-01,1.301481e-01,4.225125e-01,1.430788e-01,-7.000000e-03,2.000000e-02,1.931138e-02,7.760000e+01,1.830000e+01,-1.096096e-01,9.398767e-03,9.405107e-02,8.931656e-03,7.360665e+01,2.550116e+02,1.966821e+01,6.229958e+01,7.241334e+01,2.573207e-01,1.596226e+00
2.085000e+03,7.758461e+01,1.836948e+01,-1.133167e-01,1.358442e-01,4.025125e-01,1.279444e-01,5.696095e-03,-2.000000e-02,-1.513450e-02,7.760000e+01,1.830000e+01,-1.096096e-01,1.538664e-02,-6.947913e-02,3.707090e-03,7.362204e+01,2.550811e+02,1.967192e+01,6.229982e+01,7.241816e+01,2.573344e-01,1.596888e+00
2.086000e+03,7.759084e+01,1.832134e+01,-1.191137e-01,1.288442e-01,3.825125e-01,1.439470e-01,-7.000000e-03,-2.000000e-02,1.600268e-02,7.760000e+01,1.830000e+01,-1.096096e-01,9.157310e-03,-2.134220e-02,9.504112e-03,7.363119e+01,2.551024e+02,1.968142e+01,6.229990e+01,7.241862e+01,2.574247e-01,1.597593e+00
2.087000e+03,7.759318e+01,1.808302e+01,-1.283038e-01,1.256185e-01,4.025125e-01,1.636844e-01,-3.225702e-03,2.000000e-02,1.973738e-02,7.760000e+01,1.830000e+01,-1.096096e-01,6.824978e-03,2.169789e-01,1.869419e-02,7.363802e+01,2.553194e+02,1.970012e+01,6.229995e+01,7.246570e+01,2.577742e-01,1.598393e+00
2.088000e+03,7.758483e+01,1.806375e+01,-1.218216e-01,1.326185e-01,4.225125e-01,1.444512e-01,7.000000e-03,2.000000e-02,-1.923323e-02,7.760000e+01,1.830000e+01,-1.096096e-01,1.517181e-02,2.362480e-01,1.221202e-02,7.365319e+01,2.555557e+02,1.971233e+01,6.230018e+01,7.252151e+01,2.579234e-01,1.599211e+00
2.089000e+03,7.758087e+01,1.824134e+01,-1.124942e-01,1.391860e-01,4.025125e-01,1.246583e-01,6.567532e-03,-2.000000e-02,-1.979291e-02,7.760000e+01,1.830000e+01,-1.096096e-01,1.913367e-02,5.866416e-02,2.884615e-03,7.367233e+01,2.556143e+02,1.971521e+01,6.230054e+01,7.252495e+01,2.579317e-01,1.600046e+00
2.090000e+03,7.759060e+01,1.820592e+01,-1.180267e-01,1.321860e-01,4.225125e-01,1.416671e-01,-7.000000e-03,2.000000e-02,1.700883e-02,7.760000e+01,1.830000e+01,-1.096096e-01,9.398521e-03,9.408395e-02,8.417059e-03,7.368172e+01,2.557084e+02,1.972363e+01,6.230063e+01,7.253381e+01,2.580025e-01,1.600785e+00
2.091000e+03,7.758666e+01,1.836945e+01,-1.127775e-01,1.333889e-01,4.025125e-01,1.268561e-01,1.202851e-03,-2.000000e-02,-1.481095e-02,7.760000e+01,1.830000e+01,-1.096096e-01,1.334050e-02,-6.944954e-02,3.167903e-03,7.369506e+01,2.557779e+02,1.972680e+01,6.230081e+01,7.253863e+01,2.580126e-01,1.601405e+00
2.092000e+03,7.759084e+01,1.832137e+01,-1.197335e-01,1.275846e-01,3.825125e-01,1.456502e-01,-5.804276e-03,-2.000000e-02,1.879409e-02,7.760000e+01,1.830000e+01,-1.096096e-01,9.160599e-03,-2.136865e-02,1.012392e-02,7.370422e+01,2.557992e+02,1.973692e+01,6.230089e+01,7.253909e+01,2.581151e-01,1.602192e+00
2.093000e+03,7.759178e+01,1.808304e+01,-1.286472e-01,1.272887e-01,4.025125e-01,1.642607e-01,-2.958835e-04,2.000000e-02,1.861042e-02,7.760000e+01,1.830000e+01,-1.096096e-01,8.217379e-03,2.169552e-01,1.903759e-02,7.371244e+01,2.560162e+02,1.975596e+01,6.230096e+01,7.258616e+01,2.584775e-01,1.602939e+00
2.094000e+03,7.758485e+01,1.806374e+01,-1.213978e-01,1.342887e-01,4.225125e-01,1.432967e-01,7.000000e-03,2.000000e-02,-2.096398e-02,7.760000e+01,1.830000e+01,-1.096096e-01,1.514549e-02,2.362627e-01,1.178821e-02,7.372759e+01,2.562525e+02,1.976775e+01,6.230119e+01,7.264198e+01,2.586164e-01,1.603827e+00
2.095000e+03,7.758257e+01,1.824132e+01,-1.120524e-01,1.371481e-01,4.025125e-01,1.237675e-01,2.859384e-03,-2.000000e-02,-1.952921e-02,7.760000e+01,1.830000e+01,-1.096096e-01,1.743102e-02,5.867670e-02,2.442813e-03,7.374502e+01,2.563111e+02,1.977019e+01,6.230150e+01,7.264542e+01,2.586224e-01,1.604617e+00
2.096000e+03,7.759060e+01,1.820595e+01,-1.185413e-01,1.301481e-01,4.225125e-01,1.430788e-01,-7.000000e-03,2.000000e-02,1.931138e-02,7.760000e+01,1.830000e+01,-1.096096e-01,9.398767e-03,9.405107e-02,8.931656e-03,7.375442e+01,2.564052e+02,1.977912e+01,6.230158e+01,7.265426e+01,2.587022e-01,1.605439e+00
2.097000e+03,7.758461e+01,1.836948e+01,-1.133167e-01,1.358442e-01,4.025125e-01,1.279444e-01,5.696095e-03,-2.000000e-02,-1.513450e-02,7.760000e+01,1.830000e+01,-1.096096e-01,1.538664e-02,-6.947913e-02,3.707090e-03,7.376980e+01,2.564747e+02,1.978283e+01,6.230182e+01,7.265909e+01,2.587159e-01,1.606100e+00
2.098000e+03,7.759084e+01,1.832134e+01,-1.191137e-01,1.288442e-01,3.825125e-01,1.439470e-01,-7.000000e-03,-2.000000e-02,1.600268e-02,7.760000e+01,1.830000e+01,-1.096096e-01,9.157310e-03,-2.134220e-02,9.504112e-03,7.377896e+01,2.564960e+02,1.979233e+01,6.230190e+01,7.265955e+01,2.588063e-01,1.606805e+00
2.099000e+03,7.759318e+01,1.808302e+01,-1.283038e-01,1.256185e-01,4.025125e-01,1.636844e-01,-3.225702e-03,2.000000e-02,1.973738e-02,7.760000e+01,1.830000e+01,-1.096096e-01,6.824978e-03,2.169789e-01,1.869419e-02,7.378579e+01,2.567130e+02,1.981103e+01,6.230195e+01,7.270663e+01,2.591557e-01,1.607605e+00
2.100000e+03,7.758483e+01,1.806375e+01,-1.218216e-01,1.326185e-01,4.225125e-01,1.444512e-01,7.000000e-03,2.000000e-02,-1.923323e-02,7.760000e+01,1.830000e+01,-1.096096e-01,1.517181e-02,2.362480e-01,1.221202e-02,7.380096e+01,2.569492e+02,1.982324e+01,6.230218e+01,7.276244e+01,2.593049e-01,1.608424e+00
2.101000e+03,7.758087e+01,1.824134e+01,-1.124942e-01,1.391860e-01,4.025125e-01,1.246583e-01,6.567532e-03,-2.000000e-02,-1.979291e-02,7.760000e+01,1.830000e+01,-1.096096e-01,1.913367e-02,5.866416e-02,2.884615e-03,7.382009e+01,2.570079e+02,1.982612e+01,6.230255e+01,7.276588e+01,2.593132e-01,1.609259e+00
2.102000e+03,7.759060e+01,1.820592e+01,-1.180267e-01,1.321860e-01,4.225125e-01,1.416671e-01,-7.000000e-03,2.000000e-02,1.700883e-02,7.760000e+01,1.830000e+01,-1.096096e-01,9.398521e-03,9.408395e-02,8.417059e-03,7.382949e+01,2.571020e+02,1.983454e+01,6.230264e+01,7.277473e+01,2.593840e-01,1.609997e+00
2.103000e+03,7.758666e+01,1.836945e+01,-1.127775e-01,1.333889e-01,4.025125e-01,1.268561e-01,1.202851e-03,-2.000000e-02,-1.481095e-02,7.760000e+01,1.830000e+01,-1.096096e-01,1.334050e-02,-6.944954e-02,3.167903e-03,7.384283e+01,2.571714e+02,1.983771e+01,6.230281e+01,7.277956e+01,2.593941e-01,1.610618e+00
2.104000e+03,7.759084e+01,1.832137e+01,-1.197335e-01,1.275846e-01,3.825125e-01,1.456502e-01,-5.804276e-03,-2.000000e-02,1.879409e-02,7.760000e+01,1.830000e+01,-1.096096e-01,9.160599e-03,-2.136865e-02,1.012392e-02,7.385199e+01,2.571928e+02,1.984783e+01,6.230290e+01,7.278001e+01,2.594966e-01,1.611405e+00
2.105000e+03,7.759178e+01,1.808304e+01,-1.286472e-01,1.272887e-01,4.025125e-01,1.642607e-01,-2.958835e-04,2.000000e-02,1.861042e-02,7.760000e+01,1.830000e+01,-1.096096e-01,8.217379e-03,2.169552e-01,1.903759e-02,7.386021e+01,2.574098e+02,1.986687e+01,6.230296e+01,7.282708e+01,2.598590e-01,1.612152e+00
2.106000e+03,7.758485e+01,1.806374e+01,-1.213978e-01,1.342887e-01,4.225125e-01,1.432967e-01,7.000000e-03,2.000000e-02,-2.096398e-02,7.760000e+01,1.830000e+01,-1.096096e-01,1.514549e-02,2.362627e-01,1.178821e-02,7.387535e+01,2.576460e+02,1.987866e+01,6.230319e+01,7.288290e+01,2.599980e-01,1.613040e+00
2.107000e+03,7.758257e+01,1.824132e+01,-1.120524e-01,1.371481e-01,4.025125e-01,1.237675e-01,2.859384e-03,-2.000000e-02,-1.952921e-02,7.760000e+01,1.830000e+01,-1.096096e-01,1.743102e-02,5.867670e-02,2.442813e-03,7.389279e+01,2.577047e+02,1.988110e+01,6.230350e+01,7.288635e+01,2.600039e-01,1.613830e+00
2.108000e+03,7.759060e+01,1.820595e+01,-1.185413e-01,1.301481e-01,4.225125e-01,1.430788e-01,-7.000000e-03,2.000000e-02,1.931138e-02,7.760000e+01,1.830000e+01,-1.096096e-01,9.398767e-03,9.405107e-02,8.931656e-03,7.390218e+01,2.577987e+02,1.989003e+01,6.230359e+01,7.289519e+01,2.600837e-01,1.614652e+00
2.109000e+03,7.758461e+01,1.836948e+01,-1.133167e-01,1.358442e-01,4.025125e-01,1.279444e-01,5.696095e-03,-2.000000e-02,-1.513450e-02,7.760000e+01,1.830000e+01,-1.096096e-01,1.538664e-02,-6.947913e-02,3.707090e-03,7.391757e+01,2.578682e+02,1.989374e+01,6.230382e+01,7.290002e+01,2.600974e-01,1.615313e+00
2.110000e+03,7.759084e+01,1.832134e+01,-1.191137e-01,1.288442e-01,3.825125e-01,1.439470e-01,-7.000000e-03,-2.000000e-02,1.600268e-02,7.760000e+01,1.830000e+01,-1.096096e-01,9.157310e-03,-2.134220e-02,9.504112e-03,7.392673e+01,2.578896e+02,1.990324e+01,6.230391e+01,7.290047e+01,2.601878e-01,1.616018e+00
2.111000e+03,7.759318e+01,1.808302e+01,-1.283038e-01,1.256185e-01,4.025125e-01,1.636844e-01,-3.225702e-03,2.000000e-02,1.973738e-02,7.760000e+01,1.830000e+01,-1.096096e-01,6.824978e-03,2.169789e-01,1.869419e-02,7.393355e+01,2.581065e+02,1.992194e+01,6.230395e+01,7.294755e+01,2.605372e-01,1.616818e+00
2.112000e+03,7.758483e+01,1.806375e+01,-1.218216e-01,1.326185e-01,4.225125e-01,1.444512e-01,7.000000e-03,2.000000e-02,-1.923323e-02,7.760000e+01,1.830000e+01,-1.096096e-01,1.517181e-02,2.362480e-01,1.221202e-02,7.394872e+01,2.583428e+02,1.993415e+01,6.230418e+01,7.300337e+01,2.606864e-01,1.617637e+00
2.113000e+03,7.758087e+01,1.824134e+01,-1.124942e-01,1.391860e-01,4.025125e-01,1.246583e-01,6.567532e-03,-2.000000e-02,-1.979291e-02,7.760000e+01,1.830000e+01,-1.096096e-01,1.913367e-02,5.866416e-02,2.884615e-03,7.396786e+01,2.584015e+02,1.993703e+01,6.230455e+01,7.300681e+01,2.606947e-01,1.618472e+00
2.114000e+03,7.759060e+01,1.820592e+01,-1.180267e-01,1.321860e-01,4.225125e-01,1.416671e-01,-7.000000e-03,2.000000e-02,1.700883e-02,7.760000e+01,1.830000e+01,-1.096096e-01,9.398521e-03,9.408395e-02,8.417059e-03,7.397726e+01,2.584955e+02,1.994545e+01,6.230464e+01,7.301566e+01,2.607655e-01,1.619210e+00
2.115000e+03,7.758666e+01,1.836945e+01,-1.127775e-01,1.333889e-01,4.025125e-01,1.268561e-01,1.202851e-03,-2.000000e-02,-1.481095e-02,7.760000e+01,1.830000e+01,-1.096096e-01,1.334050e-02,-6.944954e-02,3.167903e-03,7.399060e+01,2.585650e+02,1.994862e+01,6.230482e+01,7.302048e+01,2.607756e-01,1.619831e+00
2.116000e+03,7.759084e+01,1.832137e+01,-1.197335e-01,1.275846e-01,3.825125e-01,1.456502e-01,-5.804276e-03,-2.000000e-02,1.879409e-02,7.760000e+01,1.830000e+01,-1.096096e-01,9.160599e-03,-2.136865e-02,1.012392e-02,7.399976e+01,2.585864e+02,1.995874e+01,6.230490e+01,7.302094e+01,2.608781e-01,1.620618e+00
2.117000e+03,7.759178e+01,1.808304e+01,-1.286472e-01,1.272887e-01,4.025125e-01,1.642607e-01,-2.958835e-04,2.000000e-02,1.861042e-02,7.760000e+01,1.830000e+01,-1.096096e-01,8.217379e-03,2.169552e-01,1.903759e-02,7.400798e+01,2.588033e+02,1.997778e+01,6.230497e+01,7.306801e+01,2.612405e-01,1.621364e+00
2.118000e+03,7.758485e+01,1.806374e+01,-1.213978e-01,1.342887e-01,4.225125e-01,1.432967e-01,7.000000e-03,2.000000e-02,-2.096398e-02,7.760000e+01,1.830000e+01,-1.096096e-01,1.514549e-02,2.362627e-01,1.178821e-02,7.402312e+01,2.590396e+02,1.998957e+01,6.230520e+01,7.312383e+01,2.613795e-01,1.622253e+00
2.119000e+03,7.758257e+01,1.824132e+01,-1.120524e-01,1.371481e-01,4.025125e-01,1.237675e-01,2.859384e-03,-2.000000e-02,-1.952921e-02,7.760000e+01,1.830000e+01,-1.096096e-01,1.743102e-02,5.867670e-02,2.442813e-03,7.404055e+01,2.590983e+02,1.999201e+01,6.230550e+01,7.312727e+01,2.613854e-01,1.623042e+00
2.120000e+03,7.759060e+01,1.820595e+01,-1.185413e-01,1.301481e-01,4.225125e-01,1.430788e-01,-7.000000e-03,2.000000e-02,1.931138e-02,7.760000e+01,1.830000e+01,-1.096096e-01,9.398767e-03,9.405107e-02,8.931656e-03,7.404995e+01,2.591923e+02,2.000094e+01,6.230559e+01,7.313612e+01,2.614652e-01,1.623864e+00
2.121000e+03,7.758461e+01,1.836948e+01,-1.133167e-01,1.358442e-01,4.025125e-01,1.279444e-01,5.696095e-03,-2.000000e-02,-1.513450e-02,7.760000e+01,1.830000e+01,-1.096096e-01,1.538664e-02,-6.947913e-02,3.707090e-03,7.406534e+01,2.592618e+02,2.000465e+01,6.230583e+01,7.314095e+01,2.614789e-01,1.624526e+00
2.122000e+03,7.759084e+01,1.832134e+01,-1.191137e-01,1.288442e-01,3.825125e-01,1.439470e-01,-7.000000e-03,-2.000000e-02,1.600268e-02,7.760000e+01,1.830000e+01,-1.096096e-01,9.157310e-03,-2.134220e-02,9.504112e-03,7.407449e+01,2.592831e+02,2.001415e+01,6.230591e+01,7.314140e+01,2.615693e-01,1.625231e+00
2.123000e+03,7.759318e+01,1.808302e+01,-1.283038e-01,1.256185e-01,4.025125e-01,1.636844e-01,-3.225702e-03,2.000000e-02,1.973738e-02,7.760000e+01,1.830000e+01,-1.096096e-01,6.824978e-03,2.169789e-01,1.869419e-02,7.408132e+01,2.595001e+02,2.003285e+01,6.230596e+01,7.318848e+01,2.619187e-01,1.626031e+00
2.124000e+03,7.758483e+01,1.806375e+01,-1.218216e-01,1.326185e-01,4.225125e-01,1.444512e-01,7.000000e-03,2.000000e-02,-1.923323e-02,7.760000e+01,1.830000e+01,-1.096096e-01,1.517181e-02,2.362480e-01,1.221202e-02,7.409649e+01,2.597364e+02,2.004506e+01,6.230619e+01,7.324429e+01,2.620679e-01,1.626850e+00
2.125000e+03,7.758087e+01,1.824134e+01,-1.124942e-01,1.391860e-01,4.025125e-01,1.246583e-01,6.567532e-03,-2.000000e-02,-1.979291e-02,7.760000e+01,1.830000e+01,-1.096096e-01,1.913367e-02,5.866416e-02,2.884615e-03,7.411563e+01,2.597950e+02,2.004795e+01,6.230655e+01,7.324774e+01,2.620762e-01,1.627685e+00
2.126000e+03,7.759060e+01,1.820592e+01,-1.180267e-01,1.321860e-01,4.225125e-01,1.416671e-01,-7.000000e-03,2.000000e-02,1.700883e-02,7.760000e+01,1.830000e+01,-1.096096e-01,9.398521e-03,9.408395e-02,8.417059e-03,7.412502e+01,2.598891e+02,2.005636e+01,6.230664e+01,7.325659e+01,2.621470e-01,1.628423e+00
2.127000e+03,7.758666e+01,1.836945e+01,-1.127775e-01,1.333889e-01,4.025125e-01,1.268561e-01,1.202851e-03,-2.000000e-02,-1.481095e-02,7.760000e+01,1.830000e+01,-1.096096e-01,1.334050e-02,-6.944954e-02,3.167903e-03,7.413836e+01,2.599586e+02,2.005953e+01,6.230682e+01,7.326141e+01,2.621571e-01,1.629044e+00
2.128000e+03,7.759084e+01,1.832137e+01,-1.197335e-01,1.275846e-01,3.825125e-01,1.456502e-01,-5.804276e-03,-2.000000e-02,1.879409e-02,7.760000e+01,1.830000e+01,-1.096096e-01,9.160599e-03,-2.136865e-02,1.012392e-02,7.414752e+01,2.599799e+02,2.006965e+01,6.230690e+01,7.326187e+01,2.622596e-01,1.629831e+00
2.129000e+03,7.759178e+01,1.808304e+01,-1.286472e-01,1.272887e-01,4.025125e-01,1.642607e-01,-2.958835e-04,2.000000e-02,1.861042e-02,7.760000e+01,1.830000e+01,-1.096096e-01,8.217379e-03,2.169552e-01,1.903759e-02,7.415574e+01,2.601969e+02,2.008869e+01,6.230697e+01,7.330894e+01,2.626220e-01,1.630577e+00
2.130000e+03,7.758485e+01,1.806374e+01,-1.213978e-01,1.342887e-01,4.225125e-01,1.432967e-01,7.000000e-03,2.000000e-02,-2.096398e-02,7.760000e+01,1.830000e+01,-1.096096e-01,1.514549e-02,2.362627e-01,1.178821e-02,7.417089e+01,2.604331e+02,2.010048e+01,6.230720e+01,7.336476e+01,2.627610e-01,1.631466e+00
2.131000e+03,7.758257e+01,1.824132e+01,-1.120524e-01,1.371481e-01,4.025125e-01,1.237675e-01,2.859384e-03,-2.000000e-02,-1.952921e-02,7.760000e+01,1.830000e+01,-1.096096e-01,1.743102e-02,5.867670e-02,2.442813e-03,7.418832e+01,2.604918e+02,2.010292e+01,6.230750e+01,7.336820e+01,2.627669e-01,1.632255e+00
2.132000e+03,7.759060e+01,1.820595e+01,-1.185413e-01,1.301481e-01,4.225125e-01,1.430788e-01,-7.000000e-03,2.000000e-02,1.931138e-02,7.760000e+01,1.830000e+01,-1.096096e-01,9.398767e-03,9.405107e-02,8.931656e-03,7.419772e+01,2.605859e+02,2.011185e+01,6.230759e+01,7.337705e+01,2.628467e-01,1.633077e+00
2.133000e+03,7.758461e+01,1.836948e+01,-1.133167e-01,1.358442e-01,4.025125e-01,1.279444e-01,5.696095e-03,-2.000000e-02,-1.513450e-02,7.760000e+01,1.830000e+01,-1.096096e-01,1.538664e-02,-6.947913e-02,3.707090e-03,7.421310e+01,2.606553e+02,2.011556e+01,6.230783e+01,7.338187e+01,2.628605e-01,1.633739e+00
2.134000e+03,7.759084e+01,1.832134e+01,-1.191137e-01,1.288442e-01,3.825125e-01,1.439470e-01,-7.000000e-03,-2.000000e-02,1.600268e-02,7.760000e+01,1.830000e+01,-1.096096e-01,9.157310e-03,-2.134220e-02,9.504112e-03,7.422226e+01,2.606767e+02,2.012507e+01,6.230791e+01,7.338233e+01,2.629508e-01,1.634444e+00
2.135000e+03,7.759318e+01,1.808302e+01,-1.283038e-01,1.256185e-01,4.025125e-01,1.636844e-01,-3.225702e-03,2.000000e-02,1.973738e-02,7.760000e+01,1.830000e+01,-1.096096e-01,6.824978e-03,2.169789e-01,1.869419e-02,7.422909e+01,2.608937e+02,2.014376e+01,6.230796e+01,7.342941e+01,2.633003e-01,1.635244e+00
2.136000e+03,7.758483e+01,1.806375e+01,-1.218216e-01,1.326185e-01,4.225125e-01,1.444512e-01,7.000000e-03,2.000000e-02,-1.923323e-02,7.760000e+01,1.830000e+01,-1.096096e-01,1.517181e-02,2.362480e-01,1.221202e-02,7.424426e+01,2.611299e+02,2.015597e+01,6.230819e+01,7.348522e+01,2.634494e-01,1.636063e+00
2.137000e+03,7.758087e+01,1.824134e+01,-1.124942e-01,1.391860e-01,4.025125e-01,1.246583e-01,6.567532e-03,-2.000000e-02,-1.979291e-02,7.760000e+01,1.830000e+01,-1.096096e-01,1.913367e-02,5.866416e-02,2.884615e-03,7.426339e+01,2.611886e+02,2.015886e+01,6.230856e+01,7.348866e+01,2.634577e-01,1.636898e+00
2.138000e+03,7.759060e+01,1.820592e+01,-1.180267e-01,1.321860e-01,4.225125e-01,1.416671e-01,-7.000000e-03,2.000000e-02,1.700883e-02,7.760000e+01,1.830000e+01,-1.096096e-01,9.398521e-03,9.408395e-02,8.417059e-03,7.427279e+01,2.612827e+02,2.016727e+01,6.230864e+01,7.349751e+01,2.635286e-01,1.637636e+00
2.139000e+03,7.758666e+01,1.836945e+01,-1.127775e-01,1.333889e-01,4.025125e-01,1.268561e-01,1.202851e-03,-2.000000e-02,-1.481095e-02,7.760000e+01,1.830000e+01,-1.096096e-01,1.334050e-02,-6.944954e-02,3.167903e-03,7.428613e+01,2.613521e+02,2.017044e+01,6.230882e+01,7.350234e+01,2.635386e-01,1.638257e+00
2.140000e+03,7.759084e+01,1.832137e+01,-1.197335e-01,1.275846e-01,3.825125e-01,1.456502e-01,-5.804276e-03,-2.000000e-02,1.879409e-02,7.760000e+01,1.830000e+01,-1.096096e-01,9.160599e-03,-2.136865e-02,1.012392e-02,7.429529e+01,2.613735e+02,2.018057e+01,6.230891e+01,7.350279e+01,2.636411e-01,1.639044e+00
2.141000e+03,7.759178e+01,1.808304e+01,-1.286472e-01,1.272887e-01,4.025125e-01,1.642607e-01,-2.958835e-04,2.000000e-02,1.861042e-02,7.760000e+01,1.830000e+01,-1.096096e-01,8.217379e-03,2.169552e-01,1.903759e-02,7.430351e+01,2.615904e+02,2.019960e+01,6.230897e+01,7.354986e+01,2.640035e-01,1.639790e+00
2.142000e+03,7.758485e+01,1.806374e+01,-1.213978e-01,1.342887e-01,4.225125e-01,1.432967e-01,7.000000e-03,2.000000e-02,-2.096398e-02,7.760000e+01,1.830000e+01,-1.096096e-01,1.514549e-02,2.362627e-01,1.178821e-02,7.431865e+01,2.618267e+02,2.021139e+01,6.230920e+01,7.360568e+01,2.641425e-01,1.640679e+00
2.143000e+03,7.758257e+01,1.824132e+01,-1.120524e-01,1.371481e-01,4.025125e-01,1.237675e-01,2.859384e-03,-2.000000e-02,-1.952921e-02,7.760000e+01,1.830000e+01,-1.096096e-01,1.743102e-02,5.867670e-02,2.442813e-03,7.433609e+01,2.618854e+02,2.021383e+01,6.230951e+01,7.360913e+01,2.641484e-01,1.641468e+00
2.144000e+03,7.759060e+01,1.820595e+01,-1.185413e-01,1.301481e-01,4.225125e-01,1.430788e-01,-7.000000e-03,2.000000e-02,1.931138e-02,7.760000e+01,1.830000e+01,-1.096096e-01,9.398767e-03,9.405107e-02,8.931656e-03,7.434548e+01,2.619794e+02,2.022277e+01,6.230959e+01,7.361797e+01,2.642282e-01,1.642290e+00
2.145000e+03,7.758461e+01,1.836948e+01,-1.133167e-01,1.358442e-01,4.025125e-01,1.279444e-01,5.696095e-03,-2.000000e-02,-1.513450e-02,7.760000e+01,1.830000e+01,-1.096096e-01,1.538664e-02,-6.947913e-02,3.707090e-03,7.436087e+01,2.620489e+02,2.022647e+01,6.230983e+01,7.362280e+01,2.642420e-01,1.642952e+00
2.146000e+03,7.759084e+01,1.832134e+01,-1.191137e-01,1.288442e-01,3.825125e-01,1.439470e-01,-7.000000e-03,-2.000000e-02,1.600268e-02,7.760000e+01,1.830000e+01,-1.096096e-01,9.157310e-03,-2.134220e-02,9.504112e-03,7.437003e+01,2.620703e+02,2.023598e+01,6.230992e+01,7.362326e+01,2.643323e-01,1.643657e+00
2.147000e+03,7.759318e+01,1.808302e+01,-1.283038e-01,1.256185e-01,4.025125e-01,1.636844e-01,-3.225702e-03,2.000000e-02,1.973738e-02,7.760000e+01,1.830000e+01,-1.096096e-01,6.824978e-03,2.169789e-01,1.869419e-02,7.437685e+01,2.622872e+02,2.025467e+01,6.230996e+01,7.367034e+01,2.646818e-01,1.644457e+00
2.148000e+03,7.758483e+01,1.806375e+01,-1.218216e-01,1.326185e-01,4.225125e-01,1.444512e-01,7.000000e-03,2.000000e-02,-1.923323e-02,7.760000e+01,1.830000e+01,-1.096096e-01,1.517181e-02,2.362480e-01,1.221202e-02,7.439202e+01,2.625235e+02,2.026688e+01,6.231019e+01,7.372615e+01,2.648309e-01,1.645275e+00
2.149000e+03,7.758087e+01,1.824134e+01,-1.124942e-01,1.391860e-01,4.025125e-01,1.246583e-01,6.567532e-03,-2.000000e-02,-1.979291e-02,7.760000e+01,1.830000e+01,-1.096096e-01,1.913367e-02,5.866416e-02,2.884615e-03,7.441116e+01,2.625821e+02,2.026977e+01,6.231056e+01,7.372959e+01,2.648392e-01,1.646110e+00
2.150000e+03,7.759060e+01,1.820592e+01,-1.180267e-01,1.321860e-01,4.225125e-01,1.416671e-01,-7.000000e-03,2.000000e-02,1.700883e-02,7.760000e+01,1.830000e+01,-1.096096e-01,9.398521e-03,9.408395e-02,8.417059e-03,7.442056e+01,2.626762e+02,2.027818e+01,6.231065e+01,7.373844e+01,2.649101e-01,1.646849e+00
2.151000e+03,7.758666e+01,1.836945e+01,-1.127775e-01,1.333889e-01,4.025125e-01,1.268561e-01,1.202851e-03,-2.000000e-02,-1.481095e-02,7.760000e+01,1.830000e+01,-1.096096e-01,1.334050e-02,-6.944954e-02,3.167903e-03,7.443390e+01,2.627457e+02,2.028135e+01,6.231082e+01,7.374326e+01,2.649201e-01,1.647469e+00
2.152000e+03,7.759084e+01,1.832137e+01,-1.197335e-01,1.275846e-01,3.825125e-01,1.456502e-01,-5.804276e-03,-2.000000e-02,1.879409e-02,7.760000e+01,1.830000e+01,-1.096096e-01,9.160599e-03,-2.136865e-02,1.012392e-02,7.444306e+01,2.627670e+02,2.029148e+01,6.231091e+01,7.374372e+01,2.650226e-01,1.648256e+00
2.153000e+03,7.759178e+01,1.808304e+01,-1.286472e-01,1.272887e-01,4.025125e-01,1.642607e-01,-2.958835e-04,2.000000e-02,1.861042e-02,7.760000e+01,1.830000e+01,-1.096096e-01,8.217379e-03,2.169552e-01,1.903759e-02,7.445128e+01,2.629840e+02,2.031051e+01,6.231098e+01,7.379079e+01,2.653850e-01,1.649003e+00
2.154000e+03,7.758485e+01,1.806374e+01,-1.213978e-01,1.342887e-01,4.225125e-01,1.432967e-01,7.000000e-03,2.000000e-02,-2.096398e-02,7.760000e+01,1.830000e+01,-1.096096e-01,1.514549e-02,2.362627e-01,1.178821e-02,7.446642e+01,2.632203e+02,2.032230e+01,6.231121e+01,7.384661e+01,2.655240e-01,1.649891e+00
2.155000e+03,7.758257e+01,1.824132e+01,-1.120524e-01,1.371481e-01,4.025125e-01,1.237675e-01,2.859384e-03,-2.000000e-02,-1.952921e-02,7.760000e+01,1.830000e+01,-1.096096e-01,1.743102e-02,5.867670e-02,2.442813e-03,7.448385e+01,2.632789e+02,2.032475e+01,6.231151e+01,7.385005e+01,2.655300e-01,1.650681e+00
2.156000e+03,7.759060e+01,1.820595e+01,-1.185413e-01,1.301481e-01,4.225125e-01,1.430788e-01,-7.000000e-03,2.000000e-02,1.931138e-02,7.760000e+01,1.830000e+01,-1.096096e-01,9.398767e-03,9.405107e-02,8.931656e-03,7.449325e+01,2.633730e+02,2.033368e+01,6.231160e+01,7.385890e+01,2.656097e-01,1.651503e+00
2.157000e+03,7.758461e+01,1.836948e+01,-1.133167e-01,1.358442e-01,4.025125e-01,1.279444e-01,5.696095e-03,-2.000000e-02,-1.513450e-02,7.760000e+01,1.830000e+01,-1.096096e-01,1.538664e-02,-6.947913e-02,3.707090e-03,7.450864e+01,2.634425e+02,2.033738e+01,6.231183e+01,7.386373e+01,2.656235e-01,1.652164e+00
2.158000e+03,7.759084e+01,1.832134e+01,-1.191137e-01,1.288442e-01,3.825125e-01,1.439470e-01,-7.000000e-03,-2.000000e-02,1.600268e-02,7.760000e+01,1.830000e+01,-1.096096e-01,9.157310e-03,-2.134220e-02,9.504112e-03,7.451779e+01,2.634638e+02,2.034689e+01,6.231192e+01,7.386418e+01,2.657138e-01,1.652869e+00
2.159000e+03,7.759318e+01,1.808302e+01,-1.283038e-01,1.256185e-01,4.025125e-01,1.636844e-01,-3.225702e-03,2.000000e-02,1.973738e-02,7.760000e+01,1.830000e+01,-1.096096e-01,6.824978e-03,2.169789e-01,1.869419e-02,7.452462e+01,2.636808e+02,2.036558e+01,6.231196e+01,7.391126e+01,2.660633e-01,1.653669e+00
2.160000e+03,7.758483e+01,1.806375e+01,-1.218216e-01,1.326185e-01,4.225125e-01,1.444512e-01,7.000000e-03,2.000000e-02,-1.923323e-02,7.760000e+01,1.830000e+01,-1.096096e-01,1.517181e-02,2.362480e-01,1.221202e-02,7.453979e+01,2.639170e+02,2.037779e+01,6.231219e+01,7.396708e+01,2.662124e-01,1.654488e+00
2.161000e+03,7.758087e+01,1.824134e+01,-1.124942e-01,1.391860e-01,4.025125e-01,1.246583e-01,6.567532e-03,-2.000000e-02,-1.979291e-02,7.760000e+01,1.830000e+01,-1.096096e-01,1.913367e-02,5.866416e-02,2.884615e-03,7.455893e+01,2.639757e+02,2.038068e+01,6.231256e+01,7.397052e+01,2.662207e-01,1.655323e+00
2.162000e+03,7.759060e+01,1.820592e+01,-1.180267e-01,1.321860e-01,4.225125e-01,1.416671e-01,-7.000000e-03,2.000000e-02,1.700883e-02,7.760000e+01,1.830000e+01,-1.096096e-01,9.398521e-03,9.408395e-02,8.417059e-03,7.456832e+01,2.640698e+02,2.038910e+01,6.231265e+01,7.397937e+01,2.662916e-01,1.656061e+00
2.163000e+03,7.758666e+01,1.836945e+01,-1.127775e-01,1.333889e-01,4.025125e-01,1.268561e-01,1.202851e-03,-2.000000e-02,-1.481095e-02,7.760000e+01,1.830000e+01,-1.096096e-01,1.334050e-02,-6.944954e-02,3.167903e-03,7.458166e+01,2.641392e+02,2.039226e+01,6.231283e+01,7.398419e+01,2.663016e-01,1.656682e+00
2.164000e+03,7.759084e+01,1.832137e+01,-1.197335e-01,1.275846e-01,3.825125e-01,1.456502e-01,-5.804276e-03,-2.000000e-02,1.879409e-02,7.760000e+01,1.830000e+01,-1.096096e-01,9.160599e-03,-2.136865e-02,1.012392e-02,7.459082e+01,2.641606e+02,2.040239e+01,6.231291e+01,7.398465e+01,2.664041e-01,1.657469e+00
2.165000e+03,7.759178e+01,1.808304e+01,-1.286472e-01,1.272887e-01,4.025125e-01,1.642607e-01,-2.958835e-04,2.000000e-02,1.861042e-02,7.760000e+01,1.830000e+01,-1.096096e-01,8.217379e-03,2.169552e-01,1.903759e-02,7.459904e+01,2.643776e+02,2.042143e+01,6.231298e+01,7.403172e+01,2.667665e-01,1.658216e+00
2.166000e+03,7.758485e+01,1.806374e+01,-1.213978e-01,1.342887e-01,4.225125e-01,1.432967e-01,7.000000e-03,2.000000e-02,-2.096398e-02,7.760000e+01,1.830000e+01,-1.096096e-01,1.514549e-02,2.362627e-01,1.178821e-02,7.461419e+01,2.646138e+02,2.043321e+01,6.231321e+01,7.408754e+01,2.669055e-01,1.659104e+00
2.167000e+03,7.758257e+01,1.824132e+01,-1.120524e-01,1.371481e-01,4.025125e-01,1.237675e-01,2.859384e-03,-2.000000e-02,-1.952921e-02,7.760000e+01,1.830000e+01,-1.096096e-01,1.743102e-02,5.867670e-02,2.442813e-03,7.463162e+01,2.646725e+02,2.043566e+01,6.231351e+01,7.409098e+01,2.669115e-01,1.659894e+00
2.168000e+03,7.759060e+01,1.820595e+01,-1.185413e-01,1.301481e-01,4.225125e-01,1.430788e-01,-7.000000e-03,2.000000e-02,1.931138e-02,7.760000e+01,1.830000e+01,-1.096096e-01,9.398767e-03,9.405107e-02,8.931656e-03,7.464102e+01,2.647665e+02,2.044459e+01,6.231360e+01,7.409983e+01,2.669912e-01,1.660716e+00
2.169000e+03,7.758461e+01,1.836948e+01,-1.133167e-01,1.358442e-01,4.025125e-01,1.279444e-01,5.696095e-03,-2.000000e-02,-1.513450e-02,7.760000e+01,1.830000e+01,-1.096096e-01,1.538664e-02,-6.947913e-02,3.707090e-03,7.465640e+01,2.648360e+02,2.044830e+01,6.231384e+01,7.410465e+01,2.670050e-01,1.661377e+00
2.170000e+03,7.759084e+01,1.832134e+01,-1.191137e-01,1.288442e-01,3.825125e-01,1.439470e-01,-7.000000e-03,-2.000000e-02,1.600268e-02,7.760000e+01,1.830000e+01,-1.096096e-01,9.157310e-03,-2.134220e-02,9.504112e-03,7.466556e+01,2.648574e+02,2.045780e+01,6.231392e+01,7.410511e+01,2.670953e-01,1.662082e+00
2.171000e+03,7.759318e+01,1.808302e+01,-1.283038e-01,1.256185e-01,4.025125e-01,1.636844e-01,-3.225702e-03,2.000000e-02,1.973738e-02,7.760000e+01,1.830000e+01,-1.096096e-01,6.824978e-03,2.169789e-01,1.869419e-02,7.467239e+01,2.650744e+02,2.047649e+01,6.231397e+01,7.415219e+01,2.674448e-01,1.662882e+00
2.172000e+03,7.758483e+01,1.806375e+01,-1.218216e-01,1.326185e-01,4.225125e-01,1.444512e-01,7.000000e-03,2.000000e-02,-1.923323e-02,7.760000e+01,1.830000e+01,-1.096096e-01,1.517181e-02,2.362480e-01,1.221202e-02,7.468756e+01,2.653106e+02,2.048871e+01,6.231420e+01,7.420800e+01,2.675939e-01,1.663701e+00
2.173000e+03,7.758087e+01,1.824134e+01,-1.124942e-01,1.391860e-01,4.025125e-01,1.246583e-01,6.567532e-03,-2.000000e-02,-1.979291e-02,7.760000e+01,1.830000e+01,-1.096096e-01,1.913367e-02,5.866416e-02,2.884615e-03,7.470669e+01,2.653693e+02,2.049159e+01,6.231456e+01,7.421144e+01,2.676022e-01,1.664536e+00
2.174000e+03,7.759060e+01,1.820592e+01,-1.180267e-01,1.321860e-01,4.225125e-01,1.416671e-01,-7.000000e-03,2.000000e-02,1.700883e-02,7.760000e+01,1.830000e+01,-1.096096e-01,9.398521e-03,9.408395e-02,8.417059e-03,7.471609e+01,2.654633e+02,2.050001e+01,6.231465e+01,7.422030e+01,2.676731e-01,1.665274e+00
2.175000e+03,7.758666e+01,1.836945e+01,-1.127775e-01,1.333889e-01,4.025125e-01,1.268561e-01,1.202851e-03,-2.000000e-02,-1.481095e-02,7.760000e+01,1.830000e+01,-1.096096e-01,1.334050e-02,-6.944954e-02,3.167903e-03,7.472943e+01,2.655328e+02,2.050318e+01,6.231483e+01,7.422512e+01,2.676831e-01,1.665895e+00
2.176000e+03,7.759084e+01,1.832137e+01,-1.197335e-01,1.275846e-01,3.825125e-01,1.456502e-01,-5.804276e-03,-2.000000e-02,1.879409e-02,7.760000e+01,1.830000e+01,-1.096096e-01,9.160599e-03,-2.136865e-02,1.012392e-02,7.473859e+01,2.655542e+02,2.051330e+01,6.231491e+01,7.422558e+01,2.677856e-01,1.666682e+00
2.177000e+03,7.759178e+01,1.808304e+01,-1.286472e-01,1.272887e-01,4.025125e-01,1.642607e-01,-2.958835e-04,2.000000e-02,1.861042e-02,7.760000e+01,1.830000e+01,-1.096096e-01,8.217379e-03,2.169552e-01,1.903759e-02,7.474681e+01,2.657711e+02,2.053234e+01,6.231498e+01,7.427265e+01,2.681480e-01,1.667428e+00
2.178000e+03,7.758485e+01,1.806374e+01,-1.213978e-01,1.342887e-01,4.225125e-01,1.432967e-01,7.000000e-03,2.000000e-02,-2.096398e-02,7.760000e+01,1.830000e+01,-1.096096e-01,1.514549e-02,2.362627e-01,1.178821e-02,7.476195e+01,2.660074e+02,2.054412e+01,6.231521e+01,7.432847e+01,2.682870e-01,1.668317e+00
2.179000e+03,7.758257e+01,1.824132e+01,-1.120524e-01,1.371481e-01,4.025125e-01,1.237675e-01,2.859384e-03,-2.000000e-02,-1.952921e-02,7.760000e+01,1.830000e+01,-1.096096e-01,1.743102e-02,5.867670e-02,2.442813e-03,7.477939e+01,2.660661e+02,2.054657e+01,6.231551e+01,7.433191e+01,2.682930e-01,1.669106e+00
2.180000e+03,7.759060e+01,1.820595e+01,-1.185413e-01,1.301481e-01,4.225125e-01,1.430788e-01,-7.000000e-03,2.000000e-02,1.931138e-02,7.760000e+01,1.830000e+01,-1.096096e-01,9.398767e-03,9.405107e-02,8.931656e-03,7.478878e+01,2.661601e+02,2.055550e+01,6.231560e+01,7.434075e+01,2.683727e-01,1.669928e+00
2.181000e+03,7.758461e+01,1.836948e+01,-1.133167e-01,1.358442e-01,4.025125e-01,1.279444e-01,5.696095e-03,-2.000000e-02,-1.513450e-02,7.760000e+01,1.830000e+01,-1.096096e-01,1.538664e-02,-6.947913e-02,3.707090e-03,7.480417e+01,2.662296e+02,2.055921e+01,6.231584e+01,7.434558e+01,2.683865e-01,1.670590e+00
2.182000e+03,7.759084e+01,1.832134e+01,-1.191137e-01,1.288442e-01,3.825125e-01,1.439470e-01,-7.000000e-03,-2.000000e-02,1.600268e-02,7.760000e+01,1.830000e+01,-1.096096e-01,9.157310e-03,-2.134220e-02,9.504112e-03,7.481333e+01,2.662509e+02,2.056871e+01,6.231592e+01,7.434604e+01,2.684768e-01,1.671295e+00
2.183000e+03,7.759318e+01,1.808302e+01,-1.283038e-01,1.256185e-01,4.025125e-01,1.636844e-01,-3.225702e-03,2.000000e-02,1.973738e-02,7.760000e+01,1.830000e+01,-1.096096e-01,6.824978e-03,2.169789e-01,1.869419e-02,7.482015e+01,2.664679e+02,2.058740e+01,6.231597e+01,7.439312e+01,2.688263e-01,1.672095e+00
2.184000e+03,7.758483e+01,1.806375e+01,-1.218216e-01,1.326185e-01,4.225125e-01,1.444512e-01,7.000000e-03,2.000000e-02,-1.923323e-02,7.760000e+01,1.830000e+01,-1.096096e-01,1.517181e-02,2.362480e-01,1.221202e-02,7.483532e+01,2.667042e+02,2.059962e+01,6.231620e+01,7.444893e+01,2.689754e-01,1.672914e+00
2.185000e+03,7.758087e+01,1.824134e+01,-1.124942e-01,1.391860e-01,4.025125e-01,1.246583e-01,6.567532e-03,-2.000000e-02,-1.979291e-02,7.760000e+01,1.830000e+01,-1.096096e-01,1.913367e-02,5.866416e-02,2.884615e-03,7.485446e+01,2.667628e+02,2.060250e+01,6.231657e+01,7.445237e+01,2.689837e-01,1.673749e+00
2.186000e+03,7.759060e+01,1.820592e+01,-1.180267e-01,1.321860e-01,4.225125e-01,1.416671e-01,-7.000000e-03,2.000000e-02,1.700883e-02,7.760000e+01,1.830000e+01,-1.096096e-01,9.398521e-03,9.408395e-02,8.417059e-03,7.486386e+01,2.668569e+02,2.061092e+01,6.231665e+01,7.446122e+01,2.690546e-01,1.674487e+00
2.187000e+03,7.758666e+01,1.836945e+01,-1.127775e-01,1.333889e-01,4.025125e-01,1.268561e-01,1.202851e-03,-2.000000e-02,-1.481095e-02,7.760000e+01,1.830000e+01,-1.096096e-01,1.334050e-02,-6.944954e-02,3.167903e-03,7.487720e+01,2.669264e+02,2.061409e+01,6.231683e+01,7.446605e+01,2.690646e-01,1.675108e+00
2.188000e+03,7.759084e+01,1.832137e+01,-1.197335e-01,1.275846e-01,3.825125e-01,1.456502e-01,-5.804276e-03,-2.000000e-02,1.879409e-02,7.760000e+01,1.830000e+01,-1.096096e-01,9.160599e-03,-2.136865e-02,1.012392e-02,7.488636e+01,2.669477e+02,2.062421e+01,6.231692e+01,7.446650e+01,2.691671e-01,1.675895e+00
2.189000e+03,7.759178e+01,1.808304e+01,-1.286472e-01,1.272887e-01,4.025125e-01,1.642607e-01,-2.958835e-04,2.000000e-02,1.861042e-02,7.760000e+01,1.830000e+01,-1.096096e-01,8.217379e-03,2.169552e-01,1.903759e-02,7.489458e+01,2.671647e+02,2.064325e+01,6.231698e+01,7.451357e+01,2.695295e-01,1.676641e+00
2.190000e+03,7.758485e+01,1.806374e+01,-1.213978e-01,1.342887e-01,4.225125e-01,1.432967e-01,7.000000e-03,2.000000e-02,-2.096398e-02,7.760000e+01,1.830000e+01,-1.096096e-01,1.514549e-02,2.362627e-01,1.178821e-02,7.490972e+01,2.674009e+02,2.065504e+01,6.231721e+01,7.456939e+01,2.696685e-01,1.677530e+00
2.191000e+03,7.758257e+01,1.824132e+01,-1.120524e-01,1.371481e-01,4.025125e-01,1.237675e-01,2.859384e-03,-2.000000e-02,-1.952921e-02,7.760000e+01,1.830000e+01,-1.096096e-01,1.743102e-02,5.867670e-02,2.442813e-03,7.492715e+01,2.674596e+02,2.065748e+01,6.231752e+01,7.457284e+01,2.696745e-01,1.678319e+00
2.192000e+03,7.759060e+01,1.820595e+01,-1.185413e-01,1.301481e-01,4.225125e-01,1.430788e-01,-7.000000e-03,2.000000e-02,1.931138e-02,7.760000e+01,1.830000e+01,-1.096096e-01,9.398767e-03,9.405107e-02,8.931656e-03,7.493655e+01,2.675537e+02,2.066641e+01,6.231761e+01,7.458168e+01,2.697542e-01,1.679141e+00
2.193000e+03,7.758461e+01,1.836948e+01,-1.133167e-01,1.358442e-01,4.025125e-01,1.279444e-01,5.696095e-03,-2.000000e-02,-1.513450e-02,7.760000e+01,1.830000e+01,-1.096096e-01,1.538664e-02,-6.947913e-02,3.707090e-03,7.495194e+01,2.676231e+02,2.067012e+01,6.231784e+01,7.458651e+01,2.697680e-01,1.679803e+00
2.194000e+03,7.759084e+01,1.832134e+01,-1.191137e-01,1.288442e-01,3.825125e-01,1.439470e-01,-7.000000e-03,-2.000000e-02,1.600268e-02,7.760000e+01,1.830000e+01,-1.096096e-01,9.157310e-03,-2.134220e-02,9.504112e-03,7.496109e+01,2.676445e+02,2.067962e+01,6.231793e+01,7.458696e+01,2.698583e-01,1.680508e+00
2.195000e+03,7.759318e+01,1.808302e+01,-1.283038e-01,1.256185e-01,4.025125e-01,1.636844e-01,-3.225702e-03,2.000000e-02,1.973738e-02,7.760000e+01,1.830000e+01,-1.096096e-01,6.824978e-03,2.169789e-01,1.869419e-02,7.496792e+01,2.678615e+02,2.069832e+01,6.231797e+01,7.463404e+01,2.702078e-01,1.681308e+00
2.196000e+03,7.758483e+01,1.806375e+01,-1.218216e-01,1.326185e-01,4.225125e-01,1.444512e-01,7.000000e-03,2.000000e-02,-1.923323e-02,7.760000e+01,1.830000e+01,-1.096096e-01,1.517181e-02,2.362480e-01,1.221202e-02,7.498309e+01,2.680977e+02,2.071053e+01,6.231820e+01,7.468986e+01,2.703569e-01,1.682127e+00
2.197000e+03,7.758087e+01,1.824134e+01,-1.124942e-01,1.391860e-01,4.025125e-01,1.246583e-01,6.567532e-03,-2.000000e-02,-1.979291e-02,7.760000e+01,1.830000e+01,-1.096096e-01,1.913367e-02,5.866416e-02,2.884615e-03,7.500223e+01,2.681564e+02,2.071341e+01,6.231857e+01,7.469330e+01,2.703652e-01,1.682962e+00
2.198000e+03,7.759060e+01,1.820592e+01,-1.180267e-01,1.321860e-01,4.225125e-01,1.416671e-01,-7.000000e-03,2.000000e-02,1.700883e-02,7.760000e+01,1.830000e+01,-1.096096e-01,9.398521e-03,9.408395e-02,8.417059e-03,7.501162e+01,2.682505e+02,2.072183e+01,6.231866e+01,7.470215e+01,2.704361e-01,1.683700e+00
2.199000e+03,7.758666e+01,1.836945e+01,-1.127775e-01,1.333889e-01,4.025125e-01,1.268561e-01,1.202851e-03,-2.000000e-02,-1.481095e-02,7.760000e+01,1.830000e+01,-1.096096e-01,1.334050e-02,-6.944954e-02,3.167903e-03,7.502496e+01,2.683199e+02,2.072500e+01,6.231884e+01,7.470697e+01,2.704461e-01,1.684321e+00
2.200000e+03,7.759084e+01,1.832137e+01,-1.197335e-01,1.275846e-01,3.825125e-01,1.456502e-01,-5.804276e-03,-2.000000e-02,1.879409e-02,7.760000e+01,1.830000e+01,-1.096096e-01,9.160599e-03,-2.136865e-02,1.012392e-02,7.503412e+01,2.683413e+02,2.073512e+01,6.231892e+01,7.470743e+01,2.705486e-01,1.685108e+00
2.201000e+03,7.759178e+01,1.808304e+01,-1.286472e-01,1.272887e-01,4.025125e-01,1.642607e-01,-2.958835e-04,2.000000e-02,1.861042e-02,7.760000e+01,1.830000e+01,-1.096096e-01,8.217379e-03,2.169552e-01,1.903759e-02,7.504234e+01,2.685582e+02,2.075416e+01,6.231899e+01,7.475450e+01,2.709111e-01,1.685854e+00
2.202000e+03,7.758485e+01,1.806374e+01,-1.213978e-01,1.342887e-01,4.225125e-01,1.432967e-01,7.000000e-03,2.000000e-02,-2.096398e-02,7.760000e+01,1.830000e+01,-1.096096e-01,1.514549e-02,2.362627e-01,1.178821e-02,7.505749e+01,2.687945e+02,2.076595e+01,6.231922e+01,7.481032e+01,2.710500e-01,1.686743e+00
2.203000e+03,7.758257e+01,1.824132e+01,-1.120524e-01,1.371481e-01,4.025125e-01,1.237675e-01,2.859384e-03,-2.000000e-02,-1.952921e-02,7.760000e+01,1.830000e+01,-1.096096e-01,1.743102e-02,5.867670e-02,2.442813e-03,7.507492e+01,2.688532e+02,2.076839e+01,6.231952e+01,7.481376e+01,2.710560e-01,1.687532e+00
2.204000e+03,7.759060e+01,1.820595e+01,-1.185413e-01,1.301481e-01,4.225125e-01,1.430788e-01,-7.000000e-03,2.000000e-02,1.931138e-02,7.760000e+01,1.830000e+01,-1.096096e-01,9.398767e-03,9.405107e-02,8.931656e-03,7.508432e+01,2.689472e+02,2.077732e+01,6.231961e+01,7.482261e+01,2.711358e-01,1.688354e+00
2.205000e+03,7.758461e+01,1.836948e+01,-1.133167e-01,1.358442e-01,4.025125e-01,1.279444e-01,5.696095e-03,-2.000000e-02,-1.513450e-02,7.760000e+01,1.830000e+01,-1.096096e-01,1.538664e-02,-6.947913e-02,3.707090e-03,7.509970e+01,2.690167e+02,2.078103e+01,6.231985e+01,7.482744e+01,2.711495e-01,1.689016e+00
2.206000e+03,7.759084e+01,1.832134e+01,-1.191137e-01,1.288442e-01,3.825125e-01,1.439470e-01,-7.000000e-03,-2.000000e-02,1.600268e-02,7.760000e+01,1.830000e+01,-1.096096e-01,9.157310e-03,-2.134220e-02,9.504112e-03,7.510886e+01,2.690381e+02,2.079053e+01,6.231993e+01,7.482789e+01,2.712398e-01,1.689721e+00
2.207000e+03,7.759318e+01,1.808302e+01,-1.283038e-01,1.256185e-01,4.025125e-01,1.636844e-01,-3.225702e-03,2.000000e-02,1.973738e-02,7.760000e+01,1.830000e+01,-1.096096e-01,6.824978e-03,2.169789e-01,1.869419e-02,7.511569e+01,2.692550e+02,2.080923e+01,6.231998e+01,7.487497e+01,2.715893e-01,1.690521e+00
2.208000e+03,7.758483e+01,1.806375e+01,-1.218216e-01,1.326185e-01,4.225125e-01,1.444512e-01,7.000000e-03,2.000000e-02,-1.923323e-02,7.760000e+01,1.830000e+01,-1.096096e-01,1.517181e-02,2.362480e-01,1.221202e-02,7.513086e+01,2.694913e+02,2.082144e+01,6.232021e+01,7.493078e+01,2.717384e-01,1.691339e+00
2.209000e+03,7.758087e+01,1.824134e+01,-1.124942e-01,1.391860e-01,4.025125e-01,1.246583e-01,6.567532e-03,-2.000000e-02,-1.979291e-02,7.760000e+01,1.830000e+01,-1.096096e-01,1.913367e-02,5.866416e-02,2.884615e-03,7.514999e+01,2.695499e+02,2.082432e+01,6.232057e+01,7.493423e+01,2.717468e-01,1.692174e+00
2.210000e+03,7.759060e+01,1.820592e+01,-1.180267e-01,1.321860e-01,4.225125e-01,1.416671e-01,-7.000000e-03,2.000000e-02,1.700883e-02,7.760000e+01,1.830000e+01,-1.096096e-01,9.398521e-03,9.408395e-02,8.417059e-03,7.515939e+01,2.696440e+02,2.083274e+01,6.232066e+01,7.494308e+01,2.718176e-01,1.692913e+00
2.211000e+03,7.758666e+01,1.836945e+01,-1.127775e-01,1.333889e-01,4.025125e-01,1.268561e-01,1.202851e-03,-2.000000e-02,-1.481095e-02,7.760000e+01,1.830000e+01,-1.096096e-01,1.334050e-02,-6.944954e-02,3.167903e-03,7.517273e+01,2.697135e+02,2.083591e+01,6.232084e+01,7.494790e+01,2.718276e-01,1.693533e+00
2.212000e+03,7.759084e+01,1.832137e+01,-1.197335e-01,1.275846e-01,3.825125e-01,1.456502e-01,-5.804276e-03,-2.000000e-02,1.879409e-02,7.760000e+01,1.830000e+01,-1.096096e-01,9.160599e-03,-2.136865e-02,1.012392e-02,7.518189e+01,2.697348e+02,2.084603e+01,6.232092e+01,7.494836e+01,2.719301e-01,1.694320e+00
2.213000e+03,7.759178e+01,1.808304e+01,-1.286472e-01,1.272887e-01,4.025125e-01,1.642607e-01,-2.958835e-04,2.000000e-02,1.861042e-02,7.760000e+01,1.830000e+01,-1.096096e-01,8.217379e-03,2.169552e-01,1.903759e-02,7.519011e+01,2.699518e+02,2.086507e+01,6.232099e+01,7.499543e+01,2.722926e-01,1.695067e+00
2.214000e+03,7.758485e+01,1.806374e+01,-1.213978e-01,1.342887e-01,4.225125e-01,1.432967e-01,7.000000e-03,2.000000e-02,-2.096398e-02,7.760000e+01,1.830000e+01,-1.096096e-01,1.514549e-02,2.362627e-01,1.178821e-02,7.520525e+01,2.701881e+02,2.087686e+01,6.232122e+01,7.505125e+01,2.724315e-01,1.695955e+00
2.215000e+03,7.758257e+01,1.824132e+01,-1.120524e-01,1.371481e-01,4.025125e-01,1.237675e-01,2.859384e-03,-2.000000e-02,-1.952921e-02,7.760000e+01,1.830000e+01,-1.096096e-01,1.743102e-02,5.867670e-02,2.442813e-03,7.522269e+01,2.702467e+02,2.087930e+01,6.232152e+01,7.505469e+01,2.724375e-01,1.696745e+00
2.216000e+03,7.759060e+01,1.820595e+01,-1.185413e-01,1.301481e-01,4.225125e-01,1.430788e-01,-7.000000e-03,2.000000e-02,1.931138e-02,7.760000e+01,1.830000e+01,-1.096096e-01,9.398767e-03,9.405107e-02,8.931656e-03,7.523208e+01,2.703408e+02,2.088823e+01,6.232161e+01,7.506354e+01,2.725173e-01,1.697567e+00
2.217000e+03,7.758461e+01,1.836948e+01,-1.133167e-01,1.358442e-01,4.025125e-01,1.279444e-01,5.696095e-03,-2.000000e-02,-1.513450e-02,7.760000e+01,1.830000e+01,-1.096096e-01,1.538664e-02,-6.947913e-02,3.707090e-03,7.524747e+01,2.704103e+02,2.089194e+01,6.232185e+01,7.506836e+01,2.725310e-01,1.698228e+00
2.218000e+03,7.759084e+01,1.832134e+01,-1.191137e-01,1.288442e-01,3.825125e-01,1.439470e-01,-7.000000e-03,-2.000000e-02,1.600268e-02,7.760000e+01,1.830000e+01,-1.096096e-01,9.157310e-03,-2.134220e-02,9.504112e-03,7.525663e+01,2.704316e+02,2.090144e+01,6.232193e+01,7.506882e+01,2.726213e-01,1.698933e+00
2.219000e+03,7.759318e+01,1.808302e+01,-1.283038e-01,1.256185e-01,4.025125e-01,1.636844e-01,-3.225702e-03,2.000000e-02,1.973738e-02,7.760000e+01,1.830000e+01,-1.096096e-01,6.824978e-03,2.169789e-01,1.869419e-02,7.526345e+01,2.706486e+02,2.092014e+01,6.232198e+01,7.511590e+01,2.729708e-01,1.699733e+00
2.220000e+03,7.758483e+01,1.806375e+01,-1.218216e-01,1.326185e-01,4.225125e-01,1.444512e-01,7.000000e-03,2.000000e-02,-1.923323e-02,7.760000e+01,1.830000e+01,-1.096096e-01,1.517181e-02,2.362480e-01,1.221202e-02,7.527862e+01,2.708848e+02,2.093235e+01,6.232221e+01,7.517171e+01,2.731199e-01,1.700552e+00
2.221000e+03,7.758087e+01,1.824134e+01,-1.124942e-01,1.391860e-01,4.025125e-01,1.246583e-01,6.567532e-03,-2.000000e-02,-1.979291e-02,7.760000e+01,1.830000e+01,-1.096096e-01,1.913367e-02,5.866416e-02,2.884615e-03,7.529776e+01,2.709435e+02,2.093523e+01,6.232257e+01,7.517515e+01,2.731283e-01,1.701387e+00
2.222000e+03,7.759060e+01,1.820592e+01,-1.180267e-01,1.321860e-01,4.225125e-01,1.416671e-01,-7.000000e-03,2.000000e-02,1.700883e-02,7.760000e+01,1.830000e+01,-1.096096e-01,9.398521e-03,9.408395e-02,8.417059e-03,7.530716e+01,2.710376e+02,2.094365e+01,6.232266e+01,7.518400e+01,2.731991e-01,1.702125e+00
2.223000e+03,7.758666e+01,1.836945e+01,-1.127775e-01,1.333889e-01,4.025125e-01,1.268561e-01,1.202851e-03,-2.000000e-02,-1.481095e-02,7.760000e+01,1.830000e+01,-1.096096e-01,1.334050e-02,-6.944954e-02,3.167903e-03,7.532050e+01,2.711070e+02,2.094682e+01,6.232284e+01,7.518883e+01,2.732091e-01,1.702746e+00
2.224000e+03,7.759084e+01,1.832137e+01,-1.197335e-01,1.275846e-01,3.825125e-01,1.456502e-01,-5.804276e-03,-2.000000e-02,1.879409e-02,7.760000e+01,1.830000e+01,-1.096096e-01,9.160599e-03,-2.136865e-02,1.012392e-02,7.532966e+01,2.711284e+02,2.095694e+01,6.232293e+01,7.518928e+01,2.733116e-01,1.703533e+00
2.225000e+03,7.759178e+01,1.808304e+01,-1.286472e-01,1.272887e-01,4.025125e-01,1.642607e-01,-2.958835e-04,2.000000e-02,1.861042e-02,7.760000e+01,1.830000e+01,-1.096096e-01,8.217379e-03,2.169552e-01,1.903759e-02,7.533788e+01,2.713454e+02,2.097598e+01,6.232299e+01,7.523635e+01,2.736741e-01,1.704280e+00
2.226000e+03,7.758485e+01,1.806374e+01,-1.213978e-01,1.342887e-01,4.225125e-01,1.432967e-01,7.000000e-03,2.000000e-02,-2.096398e-02,7.760000e+01,1.830000e+01,-1.096096e-01,1.514549e-02,2.362627e-01,1.178821e-02,7.535302e+01,2.715816e+02,2.098777e+01,6.232322e+01,7.529217e+01,2.738130e-01,1.705168e+00
2.227000e+03,7.758257e+01,1.824132e+01,-1.120524e-01,1.371481e-01,4.025125e-01,1.237675e-01,2.859384e-03,-2.000000e-02,-1.952921e-02,7.760000e+01,1.830000e+01,-1.096096e-01,1.743102e-02,5.867670e-02,2.442813e-03,7.537045e+01,2.716403e+02,2.099021e+01,6.232353e+01,7.529562e+01,2.738190e-01,1.705958e+00
2.228000e+03,7.759060e+01,1.820595e+01,-1.185413e-01,1.301481e-01,4.225125e-01,1.430788e-01,-7.000000e-03,2.000000e-02,1.931138e-02,7.760000e+01,1.830000e+01,-1.096096e-01,9.398767e-03,9.405107e-02,8.931656e-03,7.537985e+01,2.717344e+02,2.099914e+01,6.232361e+01,7.530446e+01,2.738988e-01,1.706780e+00
2.229000e+03,7.758461e+01,1.836948e+01,-1.133167e-01,1.358442e-01,4.025125e-01,1.279444e-01,5.696095e-03,-2.000000e-02,-1.513450e-02,7.760000e+01,1.830000e+01,-1.096096e-01,1.538664e-02,-6.947913e-02,3.707090e-03,7.539524e+01,2.718038e+02,2.100285e+01,6.232385e+01,7.530929e+01,2.739125e-01,1.707441e+00
2.230000e+03,7.759084e+01,1.832134e+01,-1.191137e-01,1.288442e-01,3.825125e-01,1.439470e-01,-7.000000e-03,-2.000000e-02,1.600268e-02,7.760000e+01,1.830000e+01,-1.096096e-01,9.157310e-03,-2.134220e-02,9.504112e-03,7.540439e+01,2.718252e+02,2.101236e+01,6.232393e+01,7.530975e+01,2.740028e-01,1.708146e+00
2.231000e+03,7.759318e+01,1.808302e+01,-1.283038e-01,1.256185e-01,4.025125e-01,1.636844e-01,-3.225702e-03,2.000000e-02,1.973738e-02,7.760000e+01,1.830000e+01,-1.096096e-01,6.824978e-03,2.169789e-01,1.869419e-02,7.541122e+01,2.720422e+02,2.103105e+01,6.232398e+01,7.535683e+01,2.743523e-01,1.708946e+00
2.232000e+03,7.758483e+01,1.806375e+01,-1.218216e-01,1.326185e-01,4.225125e-01,1.444512e-01,7.000000e-03,2.000000e-02,-1.923323e-02,7.760000e+01,1.830000e+01,-1.096096e-01,1.517181e-02,2.362480e-01,1.221202e-02,7.542639e+01,2.722784e+02,2.104326e+01,6.232421e+01,7.541264e+01,2.745014e-01,1.709765e+00
2.233000e+03,7.758087e+01,1.824134e+01,-1.124942e-01,1.391860e-01,4.025125e-01,1.246583e-01,6.567532e-03,-2.000000e-02,-1.979291e-02,7.760000e+01,1.830000e+01,-1.096096e-01,1.913367e-02,5.866416e-02,2.884615e-03,7.544553e+01,2.723371e+02,2.104615e+01,6.232458e+01,7.541608e+01,2.745098e-01,1.710600e+00
2.234000e+03,7.759060e+01,1.820592e+01,-1.180267e-01,1.321860e-01,4.225125e-01,1.416671e-01,-7.000000e-03,2.000000e-02,1.700883e-02,7.760000e+01,1.830000e+01,-1.096096e-01,9.398521e-03,9.408395e-02,8.417059e-03,7.545492e+01,2.724311e+02,2.105456e+01,6.232467e+01,7.542493e+01,2.745806e-01,1.711338e+00
2.235000e+03,7.758666e+01,1.836945e+01,-1.127775e-01,1.333889e-01,4.025125e-01,1.268561e-01,1.202851e-03,-2.000000e-02,-1.481095e-02,7.760000e+01,1.830000e+01,-1.096096e-01,1.334050e-02,-6.944954e-02,3.167903e-03,7.546826e+01,2.725006e+02,2.105773e+01,6.232484e+01,7.542975e+01,2.745907e-01,1.711959e+00
2.236000e+03,7.759084e+01,1.832137e+01,-1.197335e-01,1.275846e-01,3.825125e-01,1.456502e-01,-5.804276e-03,-2.000000e-02,1.879409e-02,7.760000e+01,1.830000e+01,-1.096096e-01,9.160599e-03,-2.136865e-02,1.012392e-02,7.547742e+01,2.725220e+02,2.106785e+01,6.232493e+01,7.543021e+01,2.746931e-01,1.712746e+00
2.237000e+03,7.759178e+01,1.808304e+01,-1.286472e-01,1.272887e-01,4.025125e-01,1.642607e-01,-2.958835e-04,2.000000e-02,1.861042e-02,7.760000e+01,1.830000e+01,-1.096096e-01,8.217379e-03,2.169552e-01,1.903759e-02,7.548564e+01,2.727389e+02,2.108689e+01,6.232500e+01,7.547728e+01,2.750556e-01,1.713492e+00
2.238000e+03,7.758485e+01,1.806374e+01,-1.213978e-01,1.342887e-01,4.225125e-01,1.432967e-01,7.000000e-03,2.000000e-02,-2.096398e-02,7.760000e+01,1.830000e+01,-1.096096e-01,1.514549e-02,2.362627e-01,1.178821e-02,7.550079e+01,2.729752e+02,2.109868e+01,6.232522e+01,7.553310e+01,2.751945e-01,1.714381e+00
2.239000e+03,7.758257e+01,1.824132e+01,-1.120524e-01,1.371481e-01,4.025125e-01,1.237675e-01,2.859384e-03,-2.000000e-02,-1.952921e-02,7.760000e+01,1.830000e+01,-1.096096e-01,1.743102e-02,5.867670e-02,2.442813e-03,7.551822e+01,2.730339e+02,2.110112e+01,6.232553e+01,7.553654e+01,2.752005e-01,1.715170e+00
2.240000e+03,7.759060e+01,1.820595e+01,-1.185413e-01,1.301481e-01,4.225125e-01,1.430788e-01,-7.000000e-03,2.000000e-02,1.931138e-02,7.760000e+01,1.830000e+01,-1.096096e-01,9.398767e-03,9.405107e-02,8.931656e-03,7.552762e+01,2.731279e+02,2.111006e+01,6.232562e+01,7.554539e+01,2.752803e-01,1.715992e+00
2.241000e+03,7.758461e+01,1.836948e+01,-1.133167e-01,1.358442e-01,4.025125e-01,1.279444e-01,5.696095e-03,-2.000000e-02,-1.513450e-02,7.760000e+01,1.830000e+01,-1.096096e-01,1.538664e-02,-6.947913e-02,3.707090e-03,7.554300e+01,2.731974e+02,2.111376e+01,6.232585e+01,7.555022e+01,2.752940e-01,1.716654e+00
2.242000e+03,7.759084e+01,1.832134e+01,-1.191137e-01,1.288442e-01,3.825125e-01,1.439470e-01,-7.000000e-03,-2.000000e-02,1.600268e-02,7.760000e+01,1.830000e+01,-1.096096e-01,9.157310e-03,-2.134220e-02,9.504112e-03,7.555216e+01,2.732187e+02,2.112327e+01,6.232594e+01,7.555067e+01,2.753844e-01,1.717359e+00
2.243000e+03,7.759318e+01,1.808302e+01,-1.283038e-01,1.256185e-01,4.025125e-01,1.636844e-01,-3.225702e-03,2.000000e-02,1.973738e-02,7.760000e+01,1.830000e+01,-1.096096e-01,6.824978e-03,2.169789e-01,1.869419e-02,7.555899e+01,2.734357e+02,2.114196e+01,6.232598e+01,7.559775e+01,2.757338e-01,1.718159e+00
2.244000e+03,7.758483e+01,1.806375e+01,-1.218216e-01,1.326185e-01,4.225125e-01,1.444512e-01,7.000000e-03,2.000000e-02,-1.923323e-02,7.760000e+01,1.830000e+01,-1.096096e-01,1.517181e-02,2.362480e-01,1.221202e-02,7.557416e+01,2.736720e+02,2.115417e+01,6.232621e+01,7.565357e+01,2.758830e-01,1.718978e+00
2.245000e+03,7.758087e+01,1.824134e+01,-1.124942e-01,1.391860e-01,4.025125e-01,1.246583e-01,6.567532e-03,-2.000000e-02,-1.979291e-02,7.760000e+01,1.830000e+01,-1.096096e-01,1.913367e-02,5.866416e-02,2.884615e-03,7.559329e+01,2.737306e+02,2.115706e+01,6.232658e+01,7.565701e+01,2.758913e-01,1.719813e+00
2.246000e+03,7.759060e+01,1.820592e+01,-1.180267e-01,1.321860e-01,4.225125e-01,1.416671e-01,-7.000000e-03,2.000000e-02,1.700883e-02,7.760000e+01,1.830000e+01,-1.096096e-01,9.398521e-03,9.408395e-02,8.417059e-03,7.560269e+01,2.738247e+02,2.116547e+01,6.232667e+01,7.566586e+01,2.759621e-01,1.720551e+00
2.247000e+03,7.758666e+01,1.836945e+01,-1.127775e-01,1.333889e-01,4.025125e-01,1.268561e-01,1.202851e-03,-2.000000e-02,-1.481095e-02,7.760000e+01,1.830000e+01,-1.096096e-01,1.334050e-02,-6.944954e-02,3.167903e-03,7.561603e+01,2.738942e+02,2.116864e+01,6.232685e+01,7.567068e+01,2.759722e-01,1.721172e+00
2.248000e+03,7.759084e+01,1.832137e+01,-1.197335e-01,1.275846e-01,3.825125e-01,1.456502e-01,-5.804276e-03,-2.000000e-02,1.879409e-02,7.760000e+01,1.830000e+01,-1.096096e-01,9.160599e-03,-2.136865e-02,1.012392e-02,7.562519e+01,2.739155e+02,2.117877e+01,6.232693e+01,7.567114e+01,2.760747e-01,1.721959e+00
2.249000e+03,7.759178e+01,1.808304e+01,-1.286472e-01,1.272887e-01,4.025125e-01,1.642607e-01,-2.958835e-04,2.000000e-02,1.861042e-02,7.760000e+01,1.830000e+01,-1.096096e-01,8.217379e-03,2.169552e-01,1.903759e-02,7.563341e+01,2.741325e+02,2.119780e+01,6.232700e+01,7.571821e+01,2.764371e-01,1.722705e+00
2.250000e+03,7.758485e+01,1.806374e+01,-1.213978e-01,1.342887e-01,4.225125e-01,1.432967e-01,7.000000e-03,2.000000e-02,-2.096398e-02,7.760000e+01,1.830000e+01,-1.096096e-01,1.514549e-02,2.362627e-01,1.178821e-02,7.564855e+01,2.743687e+02,2.120959e+01,6.232723e+01,7.577403e+01,2.765760e-01,1.723594e+00
2.251000e+03,7.758257e+01,1.824132e+01,-1.120524e-01,1.371481e-01,4.025125e-01,1.237675e-01,2.859384e-03,-2.000000e-02,-1.952921e-02,7.760000e+01,1.830000e+01,-1.096096e-01,1.743102e-02,5.867670e-02,2.442813e-03,7.566599e+01,2.744274e+02,2.121203e+01,6.232753e+01,7.577747e+01,2.765820e-01,1.724383e+00
2.252000e+03,7.759060e+01,1.820595e+01,-1.185413e-01,1.301481e-01,4.225125e-01,1.430788e-01,-7.000000e-03,2.000000e-02,1.931138e-02,7.760000e+01,1.830000e+01,-1.096096e-01,9.398767e-03,9.405107e-02,8.931656e-03,7.567538e+01,2.745215e+02,2.122097e+01,6.232762e+01,7.578632e+01,2.766618e-01,1.725205e+00
2.253000e+03,7.758461e+01,1.836948e+01,-1.133167e-01,1.358442e-01,4.025125e-01,1.279444e-01,5.696095e-03,-2.000000e-02,-1.513450e-02,7.760000e+01,1.830000e+01,-1.096096e-01,1.538664e-02,-6.947913e-02,3.707090e-03,7.569077e+01,2.745910e+02,2.122467e+01,6.232786e+01,7.579114e+01,2.766755e-01,1.725867e+00
2.254000e+03,7.759084e+01,1.832134e+01,-1.191137e-01,1.288442e-01,3.825125e-01,1.439470e-01,-7.000000e-03,-2.000000e-02,1.600268e-02,7.760000e+01,1.830000e+01,-1.096096e-01,9.157310e-03,-2.134220e-02,9.504112e-03,7.569993e+01,2.746123e+02,2.123418e+01,6.232794e+01,7.579160e+01,2.767659e-01,1.726572e+00
2.255000e+03,7.759318e+01,1.808302e+01,-1.283038e-01,1.256185e-01,4.025125e-01,1.636844e-01,-3.225702e-03,2.000000e-02,1.973738e-02,7.760000e+01,1.830000e+01,-1.096096e-01,6.824978e-03,2.169789e-01,1.869419e-02,7.570675e+01,2.748293e+02,2.125287e+01,6.232799e+01,7.583868e+01,2.771153e-01,1.727372e+00
2.256000e+03,7.758483e+01,1.806375e+01,-1.218216e-01,1.326185e-01,4.225125e-01,1.444512e-01,7.000000e-03,2.000000e-02,-1.923323e-02,7.760000e+01,1.830000e+01,-1.096096e-01,1.517181e-02,2.362480e-01,1.221202e-02,7.572193e+01,2.750655e+02,2.126508e+01,6.232822e+01,7.589449e+01,2.772645e-01,1.728191e+00
2.257000e+03,7.758087e+01,1.824134e+01,-1.124942e-01,1.391860e-01,4.025125e-01,1.246583e-01,6.567532e-03,-2.000000e-02,-1.979291e-02,7.760000e+01,1.830000e+01,-1.096096e-01,1.913367e-02,5.866416e-02,2.884615e-03,7.574106e+01,2.751242e+02,2.126797e+01,6.232858e+01,7.589793e+01,2.772728e-01,1.729026e+00
2.258000e+03,7.759060e+01,1.820592e+01,-1.180267e-01,1.321860e-01,4.225125e-01,1.416671e-01,-7.000000e-03,2.000000e-02,1.700883e-02,7.760000e+01,1.830000e+01,-1.096096e-01,9.398521e-03,9.408395e-02,8.417059e-03,7.575046e+01,2.752183e+02,2.127639e+01,6.232867e+01,7.590679e+01,2.773436e-01,1.729764e+00
2.259000e+03,7.758666e+01,1.836945e+01,-1.127775e-01,1.333889e-01,4.025125e-01,1.268561e-01,1.202851e-03,-2.000000e-02,-1.481095e-02,7.760000e+01,1.830000e+01,-1.096096e-01,1.334050e-02,-6.944954e-02,3.167903e-03,7.576380e+01,2.752877e+02,2.127955e+01,6.232885e+01,7.591161e+01,2.773537e-01,1.730385e+00
2.260000e+03,7.759084e+01,1.832137e+01,-1.197335e-01,1.275846e-01,3.825125e-01,1.456502e-01,-5.804276e-03,-2.000000e-02,1.879409e-02,7.760000e+01,1.830000e+01,-1.096096e-01,9.160599e-03,-2.136865e-02,1.012392e-02,7.577296e+01,2.753091e+02,2.128968e+01,6.232893e+01,7.591207e+01,2.774562e-01,1.731172e+00
2.261000e+03,7.759178e+01,1.808304e+01,-1.286472e-01,1.272887e-01,4.025125e-01,1.642607e-01,-2.958835e-04,2.000000e-02,1.861042e-02,7.760000e+01,1.830000e+01,-1.096096e-01,8.217379e-03,2.169552e-01,1.903759e-02,7.578118e+01,2.755260e+02,2.130871e+01,6.232900e+01,7.595914e+01,2.778186e-01,1.731918e+00
2.262000e+03,7.758485e+01,1.806374e+01,-1.213978e-01,1.342887e-01,4.225125e-01,1.432967e-01,7.000000e-03,2.000000e-02,-2.096398e-02,7.760000e+01,1.830000e+01,-1.096096e-01,1.514549e-02,2.362627e-01,1.178821e-02,7.579632e+01,2.757623e+02,2.132050e+01,6.232923e+01,7.601496e+01,2.779576e-01,1.732807e+00
2.263000e+03,7.758257e+01,1.824132e+01,-1.120524e-01,1.371481e-01,4.025125e-01,1.237675e-01,2.859384e-03,-2.000000e-02,-1.952921e-02,7.760000e+01,1.830000e+01,-1.096096e-01,1.743102e-02,5.867670e-02,2.442813e-03,7.581375e+01,2.758210e+02,2.132295e+01,6.232953e+01,7.601840e+01,2.779635e-01,1.733596e+00
2.264000e+03,7.759060e+01,1.820595e+01,-1.185413e-01,1.301481e-01,4.225125e-01,1.430788e-01,-7.000000e-03,2.000000e-02,1.931138e-02,7.760000e+01,1.830000e+01,-1.096096e-01,9.398767e-03,9.405107e-02,8.931656e-03,7.582315e+01,2.759150e+02,2.133188e+01,6.232962e+01,7.602724e+01,2.780433e-01,1.734418e+00
2.265000e+03,7.758461e+01,1.836948e+01,-1.133167e-01,1.358442e-01,4.025125e-01,1.279444e-01,5.696095e-03,-2.000000e-02,-1.513450e-02,7.760000e+01,1.830000e+01,-1.096096e-01,1.538664e-02,-6.947913e-02,3.707090e-03,7.583854e+01,2.759845e+02,2.133558e+01,6.232986e+01,7.603207e+01,2.780570e-01,1.735080e+00
2.266000e+03,7.759084e+01,1.832134e+01,-1.191137e-01,1.288442e-01,3.825125e-01,1.439470e-01,-7.000000e-03,-2.000000e-02,1.600268e-02,7.760000e+01,1.830000e+01,-1.096096e-01,9.157310e-03,-2.134220e-02,9.504112e-03,7.584769e+01,2.760059e+02,2.134509e+01,6.232994e+01,7.603253e+01,2.781474e-01,1.735785e+00
2.267000e+03,7.759318e+01,1.808302e+01,-1.283038e-01,1.256185e-01,4.025125e-01,1.636844e-01,-3.225702e-03,2.000000e-02,1.973738e-02,7.760000e+01,1.830000e+01,-1.096096e-01,6.824978e-03,2.169789e-01,1.869419e-02,7.585452e+01,2.762228e+02,2.136378e+01,6.232999e+01,7.607961e+01,2.784968e-01,1.736585e+00
2.268000e+03,7.758483e+01,1.806375e+01,-1.218216e-01,1.326185e-01,4.225125e-01,1.444512e-01,7.000000e-03,2.000000e-02,-1.923323e-02,7.760000e+01,1.830000e+01,-1.096096e-01,1.517181e-02,2.362480e-01,1.221202e-02,7.586969e+01,2.764591e+02,2.137599e+01,6.233022e+01,7.613542e+01,2.786460e-01,1.737403e+00
2.269000e+03,7.758087e+01,1.824134e+01,-1.124942e-01,1.391860e-01,4.025125e-01,1.246583e-01,6.567532e-03,-2.000000e-02,-1.979291e-02,7.760000e+01,1.830000e+01,-1.096096e-01,1.913367e-02,5.866416e-02,2.884615e-03,7.588883e+01,2.765177e+02,2.137888e+01,6.233059e+01,7.613886e+01,2.786543e-01,1.738238e+00
2.270000e+03,7.759060e+01,1.820592e+01,-1.180267e-01,1.321860e-01,4.225125e-01,1.416671e-01,-7.000000e-03,2.000000e-02,1.700883e-02,7.760000e+01,1.830000e+01,-1.096096e-01,9.398521e-03,9.408395e-02,8.417059e-03,7.589822e+01,2.766118e+02,2.138730e+01,6.233067e+01,7.614771e+01,2.787251e-01,1.738977e+00
2.271000e+03,7.758666e+01,1.836945e+01,-1.127775e-01,1.333889e-01,4.025125e-01,1.268561e-01,1.202851e-03,-2.000000e-02,-1.481095e-02,7.760000e+01,1.830000e+01,-1.096096e-01,1.334050e-02,-6.944954e-02,3.167903e-03,7.591156e+01,2.766813e+02,2.139046e+01,6.233085e+01,7.615254e+01,2.787352e-01,1.739597e+00
2.272000e+03,7.759084e+01,1.832137e+01,-1.197335e-01,1.275846e-01,3.825125e-01,1.456502e-01,-5.804276e-03,-2.000000e-02,1.879409e-02,7.760000e+01,1.830000e+01,-1.096096e-01,9.160599e-03,-2.136865e-02,1.012392e-02,7.592073e+01,2.767026e+02,2.140059e+01,6.233094e+01,7.615299e+01,2.788377e-01,1.740384e+00
2.273000e+03,7.759178e+01,1.808304e+01,-1.286472e-01,1.272887e-01,4.025125e-01,1.642607e-01,-2.958835e-04,2.000000e-02,1.861042e-02,7.760000e+01,1.830000e+01,-1.096096e-01,8.217379e-03,2.169552e-01,1.903759e-02,7.592894e+01,2.769196e+02,2.141963e+01,6.233100e+01,7.620006e+01,2.792001e-01,1.741131e+00
2.274000e+03,7.758485e+01,1.806374e+01,-1.213978e-01,1.342887e-01,4.225125e-01,1.432967e-01,7.000000e-03,2.000000e-02,-2.096398e-02,7.760000e+01,1.830000e+01,-1.096096e-01,1.514549e-02,2.362627e-01,1.178821e-02,7.594409e+01,2.771559e+02,2.143141e+01,6.233123e+01,7.625588e+01,2.793391e-01,1.742019e+00
2.275000e+03,7.758257e+01,1.824132e+01,-1.120524e-01,1.371481e-01,4.025125e-01,1.237675e-01,2.859384e-03,-2.000000e-02,-1.952921e-02,7.760000e+01,1.830000e+01,-1.096096e-01,1.743102e-02,5.867670e-02,2.442813e-03,7.596152e+01,2.772145e+02,2.143386e+01,6.233154e+01,7.625933e+01,2.793450e-01,1.742809e+00
2.276000e+03,7.759060e+01,1.820595e+01,-1.185413e-01,1.301481e-01,4.225125e-01,1.430788e-01,-7.000000e-03,2.000000e-02,1.931138e-02,7.760000e+01,1.830000e+01,-1.096096e-01,9.398767e-03,9.405107e-02,8.931656e-03,7.597092e+01,2.773086e+02,2.144279e+01,6.233163e+01,7.626817e+01,2.794248e-01,1.743631e+00
2.277000e+03,7.758461e+01,1.836948e+01,-1.133167e-01,1.358442e-01,4.025125e-01,1.279444e-01,5.696095e-03,-2.000000e-02,-1.513450e-02,7.760000e+01,1.830000e+01,-1.096096e-01,1.538664e-02,-6.947913e-02,3.707090e-03,7.598630e+01,2.773781e+02,2.144650e+01,6.233186e+01,7.627300e+01,2.794385e-01,1.744292e+00
2.278000e+03,7.759084e+01,1.832134e+01,-1.191137e-01,1.288442e-01,3.825125e-01,1.439470e-01,-7.000000e-03,-2.000000e-02,1.600268e-02,7.760000e+01,1.830000e+01,-1.096096e-01,9.157310e-03,-2.134220e-02,9.504112e-03,7.599546e+01,2.773994e+02,2.145600e+01,6.233195e+01,7.627345e+01,2.795289e-01,1.744997e+00
2.279000e+03,7.759318e+01,1.808302e+01,-1.283038e-01,1.256185e-01,4.025125e-01,1.636844e-01,-3.225702e-03,2.000000e-02,1.973738e-02,7.760000e+01,1.830000e+01,-1.096096e-01,6.824978e-03,2.169789e-01,1.869419e-02,7.600229e+01,2.776164e+02,2.147469e+01,6.233199e+01,7.632053e+01,2.798783e-01,1.745797e+00
2.280000e+03,7.758483e+01,1.806375e+01,-1.218216e-01,1.326185e-01,4.225125e-01,1.444512e-01,7.000000e-03,2.000000e-02,-1.923323e-02,7.760000e+01,1.830000e+01,-1.096096e-01,1.517181e-02,2.362480e-01,1.221202e-02,7.601746e+01,2.778526e+02,2.148691e+01,6.233222e+01,7.637635e+01,2.800275e-01,1.746616e+00
2.281000e+03,7.758087e+01,1.824134e+01,-1.124942e-01,1.391860e-01,4.025125e-01,1.246583e-01,6.567532e-03,-2.000000e-02,-1.979291e-02,7.760000e+01,1.830000e+01,-1.096096e-01,1.913367e-02,5.866416e-02,2.884615e-03,7.603659e+01,2.779113e+02,2.148979e+01,6.233259e+01,7.637979e+01,2.800358e-01,1.747451e+00
2.282000e+03,7.759060e+01,1.820592e+01,-1.180267e-01,1.321860e-01,4.225125e-01,1.416671e-01,-7.000000e-03,2.000000e-02,1.700883e-02,7.760000e+01,1.830000e+01,-1.096096e-01,9.398521e-03,9.408395e-02,8.417059e-03,7.604599e+01,2.780054e+02,2.149821e+01,6.233268e+01,7.638864e+01,2.801066e-01,1.748189e+00
2.283000e+03,7.758666e+01,1.836945e+01,-1.127775e-01,1.333889e-01,4.025125e-01,1.268561e-01,1.202851e-03,-2.000000e-02,-1.481095e-02,7.760000e+01,1.830000e+01,-1.096096e-01,1.334050e-02,-6.944954e-02,3.167903e-03,7.605933e+01,2.780748e+02,2.150138e+01,6.233285e+01,7.639346e+01,2.801167e-01,1.748810e+00
2.284000e+03,7.759084e+01,1.832137e+01,-1.197335e-01,1.275846e-01,3.825125e-01,1.456502e-01,-5.804276e-03,-2.000000e-02,1.879409e-02,7.760000e+01,1.830000e+01,-1.096096e-01,9.160599e-03,-2.136865e-02,1.012392e-02,7.606849e+01,2.780962e+02,2.151150e+01,6.233294e+01,7.639392e+01,2.802192e-01,1.749597e+00
2.285000e+03,7.759178e+01,1.808304e+01,-1.286472e-01,1.272887e-01,4.025125e-01,1.642607e-01,-2.958835e-04,2.000000e-02,1.861042e-02,7.760000e+01,1.830000e+01,-1.096096e-01,8.217379e-03,2.169552e-01,1.903759e-02,7.607671e+01,2.783132e+02,2.153054e+01,6.233301e+01,7.644099e+01,2.805816e-01,1.750344e+00
2.286000e+03,7.758485e+01,1.806374e+01,-1.213978e-01,1.342887e-01,4.225125e-01,1.432967e-01,7.000000e-03,2.000000e-02,-2.096398e-02,7.760000e+01,1.830000e+01,-1.096096e-01,1.514549e-02,2.362627e-01,1.178821e-02,7.609185e+01,2.785494e+02,2.154233e+01,6.233324e+01,7.649681e+01,2.807206e-01,1.751232e+00
2.287000e+03,7.758257e+01,1.824132e+01,-1.120524e-01,1.371481e-01,4.025125e-01,1.237675e-01,2.859384e-03,-2.000000e-02,-1.952921e-02,7.760000e+01,1.830000e+01,-1.096096e-01,1.743102e-02,5.867670e-02,2.442813e-03,7.610929e+01,2.786081e+02,2.154477e+01,6.233354e+01,7.650025e+01,2.807265e-01,1.752022e+00
2.288000e+03,7.759060e+01,1.820595e+01,-1.185413e-01,1.301481e-01,4.225125e-01,1.430788e-01,-7.000000e-03,2.000000e-02,1.931138e-02,7.760000e+01,1.830000e+01,-1.096096e-01,9.398767e-03,9.405107e-02,8.931656e-03,7.611868e+01,2.787022e+02,2.155370e+01,6.233363e+01,7.650910e+01,2.808063e-01,1.752844e+00
2.289000e+03,7.758461e+01,1.836948e+01,-1.133167e-01,1.358442e-01,4.025125e-01,1.279444e-01,5.696095e-03,-2.000000e-02,-1.513450e-02,7.760000e+01,1.830000e+01,-1.096096e-01,1.538664e-02,-6.947913e-02,3.707090e-03,7.613407e+01,2.787716e+02,2.155741e+01,6.233386e+01,7.651393e+01,2.808201e-01,1.753505e+00
2.290000e+03,7.759084e+01,1.832134e+01,-1.191137e-01,1.288442e-01,3.825125e-01,1.439470e-01,-7.000000e-03,-2.000000e-02,1.600268e-02,7.760000e+01,1.830000e+01,-1.096096e-01,9.157310e-03,-2.134220e-02,9.504112e-03,7.614323e+01,2.787930e+02,2.156691e+01,6.233395e+01,7.651438e+01,2.809104e-01,1.754210e+00
2.291000e+03,7.759318e+01,1.808302e+01,-1.283038e-01,1.256185e-01,4.025125e-01,1.636844e-01,-3.225702e-03,2.000000e-02,1.973738e-02,7.760000e+01,1.830000e+01,-1.096096e-01,6.824978e-03,2.169789e-01,1.869419e-02,7.615005e+01,2.790100e+02,2.158561e+01,6.233400e+01,7.656146e+01,2.812599e-01,1.755010e+00
2.292000e+03,7.758483e+01,1.806375e+01,-1.218216e-01,1.326185e-01,4.225125e-01,1.444512e-01,7.000000e-03,2.000000e-02,-1.923323e-02,7.760000e+01,1.830000e+01,-1.096096e-01,1.517181e-02,2.362480e-01,1.221202e-02,7.616523e+01,2.792462e+02,2.159782e+01,6.233423e+01,7.661727e+01,2.814090e-01,1.755829e+00
2.293000e+03,7.758087e+01,1.824134e+01,-1.124942e-01,1.391860e-01,4.025125e-01,1.246583e-01,6.567532e-03,-2.000000e-02,-1.979291e-02,7.760000e+01,1.830000e+01,-1.096096e-01,1.913367e-02,5.866416e-02,2.884615e-03,7.618436e+01,2.793049e+02,2.160070e+01,6.233459e+01,7.662072e+01,2.814173e-01,1.756664e+00
2.294000e+03,7.759060e+01,1.820592e+01,-1.180267e-01,1.321860e-01,4.225125e-01,1.416671e-01,-7.000000e-03,2.000000e-02,1.700883e-02,7.760000e+01,1.830000e+01,-1.096096e-01,9.398521e-03,9.408395e-02,8.417059e-03,7.619376e+01,2.793989e+02,2.160912e+01,6.233468e+01,7.662957e+01,2.814882e-01,1.757402e+00
2.295000e+03,7.758666e+01,1.836945e+01,-1.127775e-01,1.333889e-01,4.025125e-01,1.268561e-01,1.202851e-03,-2.000000e-02,-1.481095e-02,7.760000e+01,1.830000e+01,-1.096096e-01,1.334050e-02,-6.944954e-02,3.167903e-03,7.620710e+01,2.794684e+02,2.161229e+01,6.233486e+01,7.663439e+01,2.814982e-01,1.758023e+00
2.296000e+03,7.759084e+01,1.832137e+01,-1.197335e-01,1.275846e-01,3.825125e-01,1.456502e-01,-5.804276e-03,-2.000000e-02,1.879409e-02,7.760000e+01,1.830000e+01,-1.096096e-01,9.160599e-03,-2.136865e-02,1.012392e-02,7.621626e+01,2.794898e+02,2.162241e+01,6.233494e+01,7.663485e+01,2.816007e-01,1.758810e+00
2.297000e+03,7.759178e+01,1.808304e+01,-1.286472e-01,1.272887e-01,4.025125e-01,1.642607e-01,-2.958835e-04,2.000000e-02,1.861042e-02,7.760000e+01,1.830000e+01,-1.096096e-01,8.217379e-03,2.169552e-01,1.903759e-02,7.622448e+01,2.797067e+02,2.164145e+01,6.233501e+01,7.668192e+01,2.819631e-01,1.759556e+00
2.298000e+03,7.758485e+01,1.806374e+01,-1.213978e-01,1.342887e-01,4.225125e-01,1.432967e-01,7.000000e-03,2.000000e-02,-2.096398e-02,7.760000e+01,1.830000e+01,-1.096096e-01,1.514549e-02,2.362627e-01,1.178821e-02,7.623962e+01,2.799430e+02,2.165324e+01,6.233524e+01,7.673774e+01,2.821021e-01,1.760445e+00
2.299000e+03,7.758257e+01,1.824132e+01,-1.120524e-01,1.371481e-01,4.025125e-01,1.237675e-01,2.859384e-03,-2.000000e-02,-1.952921e-02,7.760000e+01,1.830000e+01,-1.096096e-01,1.743102e-02,5.867670e-02,2.442813e-03,7.625705e+01,2.800017e+02,2.165568e+01,6.233554e+01,7.674118e+01,2.821080e-01,1.761234e+00
2.300000e+03,7.759060e+01,1.820595e+01,-1.185413e-01,1.301481e-01,4.225125e-01,1.430788e-01,-7.000000e-03,2.000000e-02,1.931138e-02,7.760000e+01,1.830000e+01,-1.096096e-01,9.398767e-03,9.405107e-02,8.931656e-03,7.626645e+01,2.800957e+02,2.166461e+01,6.233563e+01,7.675003e+01,2.821878e-01,1.762056e+00
2.301000e+03,7.758461e+01,1.836948e+01,-1.133167e-01,1.358442e-01,4.025125e-01,1.279444e-01,5.696095e-03,-2.000000e-02,-1.513450e-02,7.760000e+01,1.830000e+01,-1.096096e-01,1.538664e-02,-6.947913e-02,3.707090e-03,7.628184e+01,2.801652e+02,2.166832e+01,6.233587e+01,7.675485e+01,2.822016e-01,1.762718e+00
2.302000e+03,7.759084e+01,1.832134e+01,-1.191137e-01,1.288442e-01,3.825125e-01,1.439470e-01,-7.000000e-03,-2.000000e-02,1.600268e-02,7.760000e+01,1.830000e+01,-1.096096e-01,9.157310e-03,-2.134220e-02,9.504112e-03,7.629099e+01,2.801865e+02,2.167782e+01,6.233595e+01,7.675531e+01,2.822919e-01,1.763423e+00
2.303000e+03,7.759318e+01,1.808302e+01,-1.283038e-01,1.256185e-01,4.025125e-01,1.636844e-01,-3.225702e-03,2.000000e-02,1.973738e-02,7.760000e+01,1.830000e+01,-1.096096e-01,6.824978e-03,2.169789e-01,1.869419e-02,7.629782e+01,2.804035e+02,2.169652e+01,6.233600e+01,7.680239e+01,2.826414e-01,1.764223e+00
2.304000e+03,7.758483e+01,1.806375e+01,-1.218216e-01,1.326185e-01,4.225125e-01,1.444512e-01,7.000000e-03,2.000000e-02,-1.923323e-02,7.760000e+01,1.830000e+01,-1.096096e-01,1.517181e-02,2.362480e-01,1.221202e-02,7.631299e+01,2.806398e+02,2.170873e+01,6.233623e+01,7.685820e+01,2.827905e-01,1.765042e+00
2.305000e+03,7.758087e+01,1.824134e+01,-1.124942e-01,1.391860e-01,4.025125e-01,1.246583e-01,6.567532e-03,-2.000000e-02,-1.979291e-02,7.760000e+01,1.830000e+01,-1.096096e-01,1.913367e-02,5.866416e-02,2.884615e-03,7.633213e+01,2.806984e+02,2.171161e+01,6.233659e+01,7.686164e+01,2.827988e-01,1.765877e+00
2.306000e+03,7.759060e+01,1.820592e+01,-1.180267e-01,1.321860e-01,4.225125e-01,1.416671e-01,-7.000000e-03,2.000000e-02,1.700883e-02,7.760000e+01,1.830000e+01,-1.096096e-01,9.398521e-03,9.408395e-02,8.417059e-03,7.634152e+01,2.807925e+02,2.172003e+01,6.233668e+01,7.687049e+01,2.828697e-01,1.766615e+00
2.307000e+03,7.758666e+01,1.836945e+01,-1.127775e-01,1.333889e-01,4.025125e-01,1.268561e-01,1.202851e-03,-2.000000e-02,-1.481095e-02,7.760000e+01,1.830000e+01,-1.096096e-01,1.334050e-02,-6.944954e-02,3.167903e-03,7.635486e+01,2.808620e+02,2.172320e+01,6.233686e+01,7.687532e+01,2.828797e-01,1.767236e+00
2.308000e+03,7.759084e+01,1.832137e+01,-1.197335e-01,1.275846e-01,3.825125e-01,1.456502e-01,-5.804276e-03,-2.000000e-02,1.879409e-02,7.760000e+01,1.830000e+01,-1.096096e-01,9.160599e-03,-2.136865e-02,1.012392e-02,7.636403e+01,2.808833e+02,2.173332e+01,6.233694e+01,7.687577e+01,2.829822e-01,1.768023e+00
2.309000e+03,7.759178e+01,1.808304e+01,-1.286472e-01,1.272887e-01,4.025125e-01,1.642607e-01,-2.958835e-04,2.000000e-02,1.861042e-02,7.760000e+01,1.830000e+01,-1.096096e-01,8.217379e-03,2.169552e-01,1.903759e-02,7.637224e+01,2.811003e+02,2.175236e+01,6.233701e+01,7.692284e+01,2.833446e-01,1.768769e+00
2.310000e+03,7.758485e+01,1.806374e+01,-1.213978e-01,1.342887e-01,4.225125e-01,1.432967e-01,7.000000e-03,2.000000e-02,-2.096398e-02,7.760000e+01,1.830000e+01,-1.096096e-01,1.514549e-02,2.362627e-01,1.178821e-02,7.638739e+01,2.813365e+02,2.176415e+01,6.233724e+01,7.697866e+01,2.834836e-01,1.769658e+00
2.311000e+03,7.758257e+01,1.824132e+01,-1.120524e-01,1.371481e-01,4.025125e-01,1.237675e-01,2.859384e-03,-2.000000e-02,-1.952921e-02,7.760000e+01,1.830000e+01,-1.096096e-01,1.743102e-02,5.867670e-02,2.442813e-03,7.640482e+01,2.813952e+02,2.176659e+01,6.233755e+01,7.698211e+01,2.834896e-01,1.770447e+00
2.312000e+03,7.759060e+01,1.820595e+01,-1.185413e-01,1.301481e-01,4.225125e-01,1.430788e-01,-7.000000e-03,2.000000e-02,1.931138e-02,7.760000e+01,1.830000e+01,-1.096096e-01,9.398767e-03,9.405107e-02,8.931656e-03,7.641422e+01,2.814893e+02,2.177552e+01,6.233763e+01,7.699095e+01,2.835693e-01,1.771269e+00
2.313000e+03,7.758461e+01,1.836948e+01,-1.133167e-01,1.358442e-01,4.025125e-01,1.279444e-01,5.696095e-03,-2.000000e-02,-1.513450e-02,7.760000e+01,1.830000e+01,-1.096096e-01,1.538664e-02,-6.947913e-02,3.707090e-03,7.642960e+01,2.815588e+02,2.177923e+01,6.233787e+01,7.699578e+01,2.835831e-01,1.771931e+00
2.314000e+03,7.759084e+01,1.832134e+01,-1.191137e-01,1.288442e-01,3.825125e-01,1.439470e-01,-7.000000e-03,-2.000000e-02,1.600268e-02,7.760000e+01,1.830000e+01,-1.096096e-01,9.157310e-03,-2.134220e-02,9.504112e-03,7.643876e+01,2.815801e+02,2.178873e+01,6.233795e+01,7.699624e+01,2.836734e-01,1.772636e+00
2.315000e+03,7.759318e+01,1.808302e+01,-1.283038e-01,1.256185e-01,4.025125e-01,1.636844e-01,-3.225702e-03,2.000000e-02,1.973738e-02,7.760000e+01,1.830000e+01,-1.096096e-01,6.824978e-03,2.169789e-01,1.869419e-02,7.644559e+01,2.817971e+02,2.180743e+01,6.233800e+01,7.704331e+01,2.840229e-01,1.773436e+00
2.316000e+03,7.758483e+01,1.806375e+01,-1.218216e-01,1.326185e-01,4.225125e-01,1.444512e-01,7.000000e-03,2.000000e-02,-1.923323e-02,7.760000e+01,1.830000e+01,-1.096096e-01,1.517181e-02,2.362480e-01,1.221202e-02,7.646076e+01,2.820333e+02,2.181964e+01,6.233823e+01,7.709913e+01,2.841720e-01,1.774255e+00
2.317000e+03,7.758087e+01,1.824134e+01,-1.124942e-01,1.391860e-01,4.025125e-01,1.246583e-01,6.567532e-03,-2.000000e-02,-1.979291e-02,7.760000e+01,1.830000e+01,-1.096096e-01,1.913367e-02,5.866416e-02,2.884615e-03,7.647989e+01,2.820920e+02,2.182252e+01,6.233860e+01,7.710257e+01,2.841803e-01,1.775090e+00
2.318000e+03,7.759060e+01,1.820592e+01,-1.180267e-01,1.321860e-01,4.225125e-01,1.416671e-01,-7.000000e-03,2.000000e-02,1.700883e-02,7.760000e+01,1.830000e+01,-1.096096e-01,9.398521e-03,9.408395e-02,8.417059e-03,7.648929e+01,2.821861e+02,2.183094e+01,6.233869e+01,7.711142e+01,2.842512e-01,1.775828e+00
2.319000e+03,7.758666e+01,1.836945e+01,-1.127775e-01,1.333889e-01,4.025125e-01,1.268561e-01,1.202851e-03,-2.000000e-02,-1.481095e-02,7.760000e+01,1.830000e+01,-1.096096e-01,1.334050e-02,-6.944954e-02,3.167903e-03,7.650263e+01,2.822555e+02,2.183411e+01,6.233886e+01,7.711624e+01,2.842612e-01,1.776449e+00
2.320000e+03,7.759084e+01,1.832137e+01,-1.197335e-01,1.275846e-01,3.825125e-01,1.456502e-01,-5.804276e-03,-2.000000e-02,1.879409e-02,7.760000e+01,1.830000e+01,-1.096096e-01,9.160599e-03,-2.136865e-02,1.012392e-02,7.651179e+01,2.822769e+02,2.184423e+01,6.233895e+01,7.711670e+01,2.843637e-01,1.777236e+00
2.321000e+03,7.759178e+01,1.808304e+01,-1.286472e-01,1.272887e-01,4.025125e-01,1.642607e-01,-2.958835e-04,2.000000e-02,1.861042e-02,7.760000e+01,1.830000e+01,-1.096096e-01,8.217379e-03,2.169552e-01,1.903759e-02,7.652001e+01,2.824938e+02,2.186327e+01,6.233901e+01,7.716377e+01,2.847261e-01,1.777982e+00
2.322000e+03,7.758485e+01,1.806374e+01,-1.213978e-01,1.342887e-01,4.225125e-01,1.432967e-01,7.000000e-03,2.000000e-02,-2.096398e-02,7.760000e+01,1.830000e+01,-1.096096e-01,1.514549e-02,2.362627e-01,1.178821e-02,7.653515e+01,2.827301e+02,2.187506e+01,6.233924e+01,7.721959e+01,2.848651e-01,1.778871e+00
2.323000e+03,7.758257e+01,1.824132e+01,-1.120524e-01,1.371481e-01,4.025125e-01,1.237675e-01,2.859384e-03,-2.000000e-02,-1.952921e-02,7.760000e+01,1.830000e+01,-1.096096e-01,1.743102e-02,5.867670e-02,2.442813e-03,7.655259e+01,2.827888e+02,2.187750e+01,6.233955e+01,7.722303e+01,2.848711e-01,1.779660e+00
2.324000e+03,7.759060e+01,1.820595e+01,-1.185413e-01,1.301481e-01,4.225125e-01,1.430788e-01,-7.000000e-03,2.000000e-02,1.931138e-02,7.760000e+01,1.830000e+01,-1.096096e-01,9.398767e-03,9.405107e-02,8.931656e-03,7.656198e+01,2.828828e+02,2.188643e+01,6.233964e+01,7.723188e+01,2.849508e-01,1.780482e+00
2.325000e+03,7.758461e+01,1.836948e+01,-1.133167e-01,1.358442e-01,4.025125e-01,1.279444e-01,5.696095e-03,-2.000000e-02,-1.513450e-02,7.760000e+01,1.830000e+01,-1.096096e-01,1.538664e-02,-6.947913e-02,3.707090e-03,7.657737e+01,2.829523e+02,2.189014e+01,6.233987e+01,7.723671e+01,2.849646e-01,1.781144e+00
2.326000e+03,7.759084e+01,1.832134e+01,-1.191137e-01,1.288442e-01,3.825125e-01,1.439470e-01,-7.000000e-03,-2.000000e-02,1.600268e-02,7.760000e+01,1.830000e+01,-1.096096e-01,9.157310e-03,-2.134220e-02,9.504112e-03,7.658653e+01,2.829737e+02,2.189964e+01,6.233996e+01,7.723716e+01,2.850549e-01,1.781849e+00
2.327000e+03,7.759318e+01,1.808302e+01,-1.283038e-01,1.256185e-01,4.025125e-01,1.636844e-01,-3.225702e-03,2.000000e-02,1.973738e-02,7.760000e+01,1.830000e+01,-1.096096e-01,6.824978e-03,2.169789e-01,1.869419e-02,7.659335e+01,2.831906e+02,2.191834e+01,6.234000e+01,7.728424e+01,2.854044e-01,1.782649e+00
2.328000e+03,7.758483e+01,1.806375e+01,-1.218216e-01,1.326185e-01,4.225125e-01,1.444512e-01,7.000000e-03,2.000000e-02,-1.923323e-02,7.760000e+01,1.830000e+01,-1.096096e-01,1.517181e-02,2.362480e-01,1.221202e-02,7.660853e+01,2.834269e+02,2.193055e+01,6.234023e+01,7.734006e+01,2.855535e-01,1.783467e+00
2.329000e+03,7.758087e+01,1.824134e+01,-1.124942e-01,1.391860e-01,4.025125e-01,1.246583e-01,6.567532e-03,-2.000000e-02,-1.979291e-02,7.760000e+01,1.830000e+01,-1.096096e-01,1.913367e-02,5.866416e-02,2.884615e-03,7.662766e+01,2.834855e+02,2.193344e+01,6.234060e+01,7.734350e+01,2.855618e-01,1.784302e+00
2.330000e+03,7.759060e+01,1.820592e+01,-1.180267e-01,1.321860e-01,4.225125e-01,1.416671e-01,-7.000000e-03,2.000000e-02,1.700883e-02,7.760000e+01,1.830000e+01,-1.096096e-01,9.398521e-03,9.408395e-02,8.417059e-03,7.663706e+01,2.835796e+02,2.194185e+01,6.234069e+01,7.735235e+01,2.856327e-01,1.785041e+00
2.331000e+03,7.758666e+01,1.836945e+01,-1.127775e-01,1.333889e-01,4.025125e-01,1.268561e-01,1.202851e-03,-2.000000e-02,-1.481095e-02,7.760000e+01,1.830000e+01,-1.096096e-01,1.334050e-02,-6.944954e-02,3.167903e-03,7.665040e+01,2.836491e+02,2.194502e+01,6.234087e+01,7.735717e+01,2.856427e-01,1.785661e+00
2.332000e+03,7.759084e+01,1.832137e+01,-1.197335e-01,1.275846e-01,3.825125e-01,1.456502e-01,-5.804276e-03,-2.000000e-02,1.879409e-02,7.760000e+01,1.830000e+01,-1.096096e-01,9.160599e-03,-2.136865e-02,1.012392e-02,7.665956e+01,2.836704e+02,2.195514e+01,6.234095e+01,7.735763e+01,2.857452e-01,1.786448e+00
2.333000e+03,7.759178e+01,1.808304e+01,-1.286472e-01,1.272887e-01,4.025125e-01,1.642607e-01,-2.958835e-04,2.000000e-02,1.861042e-02,7.760000e+01,1.830000e+01,-1.096096e-01,8.217379e-03,2.169552e-01,1.903759e-02,7.666778e+01,2.838874e+02,2.197418e+01,6.234102e+01,7.740470e+01,2.861076e-01,1.787195e+00
2.334000e+03,7.758485e+01,1.806374e+01,-1.213978e-01,1.342887e-01,4.225125e-01,1.432967e-01,7.000000e-03,2.000000e-02,-2.096398e-02,7.760000e+01,1.830000e+01,-1.096096e-01,1.514549e-02,2.362627e-01,1.178821e-02,7.668292e+01,2.841237e+02,2.198597e+01,6.234125e+01,7.746052e+01,2.862466e-01,1.788083e+00
2.335000e+03,7.758257e+01,1.824132e+01,-1.120524e-01,1.371481e-01,4.025125e-01,1.237675e-01,2.859384e-03,-2.000000e-02,-1.952921e-02,7.760000e+01,1.830000e+01,-1.096096e-01,1.743102e-02,5.867670e-02,2.442813e-03,7.670035e+01,2.841823e+02,2.198841e+01,6.234155e+01,7.746396e+01,2.862526e-01,1.788873e+00
2.336000e+03,7.759060e+01,1.820595e+01,-1.185413e-01,1.301481e-01,4.225125e-01,1.430788e-01,-7.000000e-03,2.000000e-02,1.931138e-02,7.760000e+01,1.830000e+01,-1.096096e-01,9.398767e-03,9.405107e-02,8.931656e-03,7.670975e+01,2.842764e+02,2.199734e+01,6.234164e+01,7.747281e+01,2.863323e-01,1.789695e+00
2.337000e+03,7.758461e+01,1.836948e+01,-1.133167e-01,1.358442e-01,4.025125e-01,1.279444e-01,5.696095e-03,-2.000000e-02,-1.513450e-02,7.760000e+01,1.830000e+01,-1.096096e-01,1.538664e-02,-6.947913e-02,3.707090e-03,7.672514e+01,2.843459e+02,2.200105e+01,6.234188e+01,7.747763e+01,2.863461e-01,1.790356e+00
2.338000e+03,7.759084e+01,1.832134e+01,-1.191137e-01,1.288442e-01,3.825125e-01,1.439470e-01,-7.000000e-03,-2.000000e-02,1.600268e-02,7.760000e+01,1.830000e+01,-1.096096e-01,9.157310e-03,-2.134220e-02,9.504112e-03,7.673430e+01,2.843672e+02,2.201056e+01,6.234196e+01,7.747809e+01,2.864364e-01,1.791061e+00
2.339000e+03,7.759318e+01,1.808302e+01,-1.283038e-01,1.256185e-01,4.025125e-01,1.636844e-01,-3.225702e-03,2.000000e-02,1.973738e-02,7.760000e+01,1.830000e+01,-1.096096e-01,6.824978e-03,2.169789e-01,1.869419e-02,7.674112e+01,2.845842e+02,2.202925e+01,6.234201e+01,7.752517e+01,2.867859e-01,1.791861e+00
2.340000e+03,7.758483e+01,1.806375e+01,-1.218216e-01,1.326185e-01,4.225125e-01,1.444512e-01,7.000000e-03,2.000000e-02,-1.923323e-02,7.760000e+01,1.830000e+01,-1.096096e-01,1.517181e-02,2.362480e-01,1.221202e-02,7.675629e+01,2.848204e+02,2.204146e+01,6.234224e+01,7.758098e+01,2.869350e-01,1.792680e+00
2.341000e+03,7.758087e+01,1.824134e+01,-1.124942e-01,1.391860e-01,4.025125e-01,1.246583e-01,6.567532e-03,-2.000000e-02,-1.979291e-02,7.760000e+01,1.830000e+01,-1.096096e-01,1.913367e-02,5.866416e-02,2.884615e-03,7.677543e+01,2.848791e+02,2.204435e+01,6.234260e+01,7.758442e+01,2.869433e-01,1.793515e+00
2.342000e+03,7.759060e+01,1.820592e+01,-1.180267e-01,1.321860e-01,4.225125e-01,1.416671e-01,-7.000000e-03,2.000000e-02,1.700883e-02,7.760000e+01,1.830000e+01,-1.096096e-01,9.398521e-03,9.408395e-02,8.417059e-03,7.678482e+01,2.849732e+02,2.205276e+01,6.234269e+01,7.759328e+01,2.870142e-01,1.794253e+00
2.343000e+03,7.758666e+01,1.836945e+01,-1.127775e-01,1.333889e-01,4.025125e-01,1.268561e-01,1.202851e-03,-2.000000e-02,-1.481095e-02,7.760000e+01,1.830000e+01,-1.096096e-01,1.334050e-02,-6.944954e-02,3.167903e-03,7.679816e+01,2.850426e+02,2.205593e+01,6.234287e+01,7.759810e+01,2.870242e-01,1.794874e+00
2.344000e+03,7.759084e+01,1.832137e+01,-1.197335e-01,1.275846e-01,3.825125e-01,1.456502e-01,-5.804276e-03,-2.000000e-02,1.879409e-02,7.760000e+01,1.830000e+01,-1.096096e-01,9.160599e-03,-2.136865e-02,1.012392e-02,7.680733e+01,2.850640e+02,2.206606e+01,6.234295e+01,7.759856e+01,2.871267e-01,1.795661e+00
2.345000e+03,7.759178e+01,1.808304e+01,-1.286472e-01,1.272887e-01,4.025125e-01,1.642607e-01,-2.958835e-04,2.000000e-02,1.861042e-02,7.760000e+01,1.830000e+01,-1.096096e-01,8.217379e-03,2.169552e-01,1.903759e-02,7.681554e+01,2.852810e+02,2.208509e+01,6.234302e+01,7.764563e+01,2.874891e-01,1.796408e+00
2.346000e+03,7.758485e+01,1.806374e+01,-1.213978e-01,1.342887e-01,4.225125e-01,1.432967e-01,7.000000e-03,2.000000e-02,-2.096398e-02,7.760000e+01,1.830000e+01,-1.096096e-01,1.514549e-02,2.362627e-01,1.178821e-02,7.683069e+01,2.855172e+02,2.209688e+01,6.234325e+01,7.770145e+01,2.876281e-01,1.797296e+00
2.347000e+03,7.758257e+01,1.824132e+01,-1.120524e-01,1.371481e-01,4.025125e-01,1.237675e-01,2.859384e-03,-2.000000e-02,-1.952921e-02,7.760000e+01,1.830000e+01,-1.096096e-01,1.743102e-02,5.867670e-02,2.442813e-03,7.684812e+01,2.855759e+02,2.209932e+01,6.234355e+01,7.770489e+01,2.876341e-01,1.798086e+00
2.348000e+03,7.759060e+01,1.820595e+01,-1.185413e-01,1.301481e-01,4.225125e-01,1.430788e-01,-7.000000e-03,2.000000e-02,1.931138e-02,7.760000e+01,1.830000e+01,-1.096096e-01,9.398767e-03,9.405107e-02,8.931656e-03,7.685752e+01,2.856700e+02,2.210826e+01,6.234364e+01,7.771373e+01,2.877138e-01,1.798908e+00
2.349000e+03,7.758461e+01,1.836948e+01,-1.133167e-01,1.358442e-01,4.025125e-01,1.279444e-01,5.696095e-03,-2.000000e-02,-1.513450e-02,7.760000e+01,1.830000e+01,-1.096096e-01,1.538664e-02,-6.947913e-02,3.707090e-03,7.687290e+01,2.857394e+02,2.211196e+01,6.234388e+01,7.771856e+01,2.877276e-01,1.799569e+00
2.350000e+03,7.759084e+01,1.832134e+01,-1.191137e-01,1.288442e-01,3.825125e-01,1.439470e-01,-7.000000e-03,-2.000000e-02,1.600268e-02,7.760000e+01,1.830000e+01,-1.096096e-01,9.157310e-03,-2.134220e-02,9.504112e-03,7.688206e+01,2.857608e+02,2.212147e+01,6.234396e+01,7.771902e+01,2.878179e-01,1.800274e+00
2.351000e+03,7.759318e+01,1.808302e+01,-1.283038e-01,1.256185e-01,4.025125e-01,1.636844e-01,-3.225702e-03,2.000000e-02,1.973738e-02,7.760000e+01,1.830000e+01,-1.096096e-01,6.824978e-03,2.169789e-01,1.869419e-02,7.688889e+01,2.859778e+02,2.214016e+01,6.234401e+01,7.776610e+01,2.881674e-01,1.801074e+00
2.352000e+03,7.758483e+01,1.806375e+01,-1.218216e-01,1.326185e-01,4.225125e-01,1.444512e-01,7.000000e-03,2.000000e-02,-1.923323e-02,7.760000e+01,1.830000e+01,-1.096096e-01,1.517181e-02,2.362480e-01,1.221202e-02,7.690406e+01,2.862140e+02,2.215237e+01,6.234424e+01,7.782191e+01,2.883165e-01,1.801893e+00
2.353000e+03,7.758087e+01,1.824134e+01,-1.124942e-01,1.391860e-01,4.025125e-01,1.246583e-01,6.567532e-03,-2.000000e-02,-1.979291e-02,7.760000e+01,1.830000e+01,-1.096096e-01,1.913367e-02,5.866416e-02,2.884615e-03,7.692319e+01,2.862727e+02,2.215526e+01,6.234461e+01,7.782535e+01,2.883248e-01,1.802728e+00
2.354000e+03,7.759060e+01,1.820592e+01,-1.180267e-01,1.321860e-01,4.225125e-01,1.416671e-01,-7.000000e-03,2.000000e-02,1.700883e-02,7.760000e+01,1.830000e+01,-1.096096e-01,9.398521e-03,9.408395e-02,8.417059e-03,7.693259e+01,2.863667e+02,2.216367e+01,6.234469e+01,7.783420e+01,2.883957e-01,1.803466e+00
2.355000e+03,7.758666e+01,1.836945e+01,-1.127775e-01,1.333889e-01,4.025125e-01,1.268561e-01,1.202851e-03,-2.000000e-02,-1.481095e-02,7.760000e+01,1.830000e+01,-1.096096e-01,1.334050e-02,-6.944954e-02,3.167903e-03,7.694593e+01,2.864362e+02,2.216684e+01,6.234487e+01,7.783903e+01,2.884057e-01,1.804087e+00
2.356000e+03,7.759084e+01,1.832137e+01,-1.197335e-01,1.275846e-01,3.825125e-01,1.456502e-01,-5.804276e-03,-2.000000e-02,1.879409e-02,7.760000e+01,1.830000e+01,-1.096096e-01,9.160599e-03,-2.136865e-02,1.012392e-02,7.695509e+01,2.864576e+02,2.217697e+01,6.234496e+01,7.783948e+01,2.885082e-01,1.804874e+00
2.357000e+03,7.759178e+01,1.808304e+01,-1.286472e-01,1.272887e-01,4.025125e-01,1.642607e-01,-2.958835e-04,2.000000e-02,1.861042e-02,7.760000e+01,1.830000e+01,-1.096096e-01,8.217379e-03,2.169552e-01,1.903759e-02,7.696331e+01,2.866745e+02,2.219600e+01,6.234502e+01,7.788655e+01,2.888707e-01,1.805620e+00
2.358000e+03,7.758485e+01,1.806374e+01,-1.213978e-01,1.342887e-01,4.225125e-01,1.432967e-01,7.000000e-03,2.000000e-02,-2.096398e-02,7.760000e+01,1.830000e+01,-1.096096e-01,1.514549e-02,2.362627e-01,1.178821e-02,7.697845e+01,2.869108e+02,2.220779e+01,6.234525e+01,7.794237e+01,2.890096e-01,1.806509e+00
2.359000e+03,7.758257e+01,1.824132e+01,-1.120524e-01,1.371481e-01,4.025125e-01,1.237675e-01,2.859384e-03,-2.000000e-02,-1.952921e-02,7.760000e+01,1.830000e+01,-1.096096e-01,1.743102e-02,5.867670e-02,2.442813e-03,7.699589e+01,2.869695e+02,2.221024e+01,6.234556e+01,7.794582e+01,2.890156e-01,1.807298e+00
2.360000e+03,7.759060e+01,1.820595e+01,-1.185413e-01,1.301481e-01,4.225125e-01,1.430788e-01,-7.000000e-03,2.000000e-02,1.931138e-02,7.760000e+01,1.830000e+01,-1.096096e-01,9.398767e-03,9.405107e-02,8.931656e-03,7.700528e+01,2.870635e+02,2.221917e+01,6.234564e+01,7.795466e+01,2.890954e-01,1.808120e+00
2.361000e+03,7.758461e+01,1.836948e+01,-1.133167e-01,1.358442e-01,4.025125e-01,1.279444e-01,5.696095e-03,-2.000000e-02,-1.513450e-02,7.760000e+01,1.830000e+01,-1.096096e-01,1.538664e-02,-6.947913e-02,3.707090e-03,7.702067e+01,2.871330e+02,2.222287e+01,6.234588e+01,7.795949e+01,2.891091e-01,1.808782e+00
2.362000e+03,7.759084e+01,1.832134e+01,-1.191137e-01,1.288442e-01,3.825125e-01,1.439470e-01,-7.000000e-03,-2.000000e-02,1.600268e-02,7.760000e+01,1.830000e+01,-1.096096e-01,9.157310e-03,-2.134220e-02,9.504112e-03,7.702983e+01,2.871543e+02,2.223238e+01,6.234597e+01,7.795994e+01,2.891994e-01,1.809487e+00
2.363000e+03,7.759318e+01,1.808302e+01,-1.283038e-01,1.256185e-01,4.025125e-01,1.636844e-01,-3.225702e-03,2.000000e-02,1.973738e-02,7.760000e+01,1.830000e+01,-1.096096e-01,6.824978e-03,2.169789e-01,1.869419e-02,7.703665e+01,2.873713e+02,2.225107e+01,6.234601e+01,7.800702e+01,2.895489e-01,1.810287e+00
2.364000e+03,7.758483e+01,1.806375e+01,-1.218216e-01,1.326185e-01,4.225125e-01,1.444512e-01,7.000000e-03,2.000000e-02,-1.923323e-02,7.760000e+01,1.830000e+01,-1.096096e-01,1.517181e-02,2.362480e-01,1.221202e-02,7.705183e+01,2.876076e+02,2.226328e+01,6.234624e+01,7.806284e+01,2.896980e-01,1.811106e+00
2.365000e+03,7.758087e+01,1.824134e+01,-1.124942e-01,1.391860e-01,4.025125e-01,1.246583e-01,6.567532e-03,-2.000000e-02,-1.979291e-02,7.760000e+01,1.830000e+01,-1.096096e-01,1.913367e-02,5.866416e-02,2.884615e-03,7.707096e+01,2.876662e+02,2.226617e+01,6.234661e+01,7.806628e+01,2.897064e-01,1.811941e+00
2.366000e+03,7.759060e+01,1.820592e+01,-1.180267e-01,1.321860e-01,4.225125e-01,1.416671e-01,-7.000000e-03,2.000000e-02,1.700883e-02,7.760000e+01,1.830000e+01,-1.096096e-01,9.398521e-03,9.408395e-02,8.417059e-03,7.708036e+01,2.877603e+02,2.227459e+01,6.234670e+01,7.807513e+01,2.897772e-01,1.812679e+00
2.367000e+03,7.758666e+01,1.836945e+01,-1.127775e-01,1.333889e-01,4.025125e-01,1.268561e-01,1.202851e-03,-2.000000e-02,-1.481095e-02,7.760000e+01,1.830000e+01,-1.096096e-01,1.334050e-02,-6.944954e-02,3.167903e-03,7.709370e+01,2.878298e+02,2.227775e+01,6.234687e+01,7.807995e+01,2.897872e-01,1.813300e+00
2.368000e+03,7.759084e+01,1.832137e+01,-1.197335e-01,1.275846e-01,3.825125e-01,1.456502e-01,-5.804276e-03,-2.000000e-02,1.879409e-02,7.760000e+01,1.830000e+01,-1.096096e-01,9.160599e-03,-2.136865e-02,1.012392e-02,7.710286e+01,2.878511e+02,2.228788e+01,6.234696e+01,7.808041e+01,2.898897e-01,1.814087e+00
2.369000e+03,7.759178e+01,1.808304e+01,-1.286472e-01,1.272887e-01,4.025125e-01,1.642607e-01,-2.958835e-04,2.000000e-02,1.861042e-02,7.760000e+01,1.830000e+01,-1.096096e-01,8.217379e-03,2.169552e-01,1.903759e-02,7.711108e+01,2.880681e+02,2.230692e+01,6.234703e+01,7.812748e+01,2.902522e-01,1.814833e+00
2.370000e+03,7.758485e+01,1.806374e+01,-1.213978e-01,1.342887e-01,4.225125e-01,1.432967e-01,7.000000e-03,2.000000e-02,-2.096398e-02,7.760000e+01,1.830000e+01,-1.096096e-01,1.514549e-02,2.362627e-01,1.178821e-02,7.712622e+01,2.883043e+02,2.231870e+01,6.234726e+01,7.818330e+01,2.903911e-01,1.815722e+00
2.371000e+03,7.758257e+01,1.824132e+01,-1.120524e-01,1.371481e-01,4.025125e-01,1.237675e-01,2.859384e-03,-2.000000e-02,-1.952921e-02,7.760000e+01,1.830000e+01,-1.096096e-01,1.743102e-02,5.867670e-02,2.442813e-03,7.714365e+01,2.883630e+02,2.232115e+01,6.234756e+01,7.818674e+01,2.903971e-01,1.816511e+00
2.372000e+03,7.759060e+01,1.820595e+01,-1.185413e-01,1.301481e-01,4.225125e-01,1.430788e-01,-7.000000e-03,2.000000e-02,1.931138e-02,7.760000e+01,1.830000e+01,-1.096096e-01,9.398767e-03,9.405107e-02,8.931656e-03,7.715305e+01,2.884571e+02,2.233008e+01,6.234765e+01,7.819559e+01,2.904769e-01,1.817333e+00
2.373000e+03,7.758461e+01,1.836948e+01,-1.133167e-01,1.358442e-01,4.025125e-01,1.279444e-01,5.696095e-03,-2.000000e-02,-1.513450e-02,7.760000e+01,1.830000e+01,-1.096096e-01,1.538664e-02,-6.947913e-02,3.707090e-03,7.716844e+01,2.885266e+02,2.233379e+01,6.234788e+01,7.820042e+01,2.904906e-01,1.817995e+00
2.374000e+03,7.759084e+01,1.832134e+01,-1.191137e-01,1.288442e-01,3.825125e-01,1.439470e-01,-7.000000e-03,-2.000000e-02,1.600268e-02,7.760000e+01,1.830000e+01,-1.096096e-01,9.157310e-03,-2.134220e-02,9.504112e-03,7.717760e+01,2.885479e+02,2.234329e+01,6.234797e+01,7.820087e+01,2.905809e-01,1.818700e+00
2.375000e+03,7.759318e+01,1.808302e+01,-1.283038e-01,1.256185e-01,4.025125e-01,1.636844e-01,-3.225702e-03,2.000000e-02,1.973738e-02,7.760000e+01,1.830000e+01,-1.096096e-01,6.824978e-03,2.169789e-01,1.869419e-02,7.718442e+01,2.887649e+02,2.236198e+01,6.234801e+01,7.824795e+01,2.909304e-01,1.819500e+00
2.376000e+03,7.758483e+01,1.806375e+01,-1.218216e-01,1.326185e-01,4.225125e-01,1.444512e-01,7.000000e-03,2.000000e-02,-1.923323e-02,7.760000e+01,1.830000e+01,-1.096096e-01,1.517181e-02,2.362480e-01,1.221202e-02,7.719959e+01,2.890011e+02,2.237420e+01,6.234824e+01,7.830376e+01,2.910795e-01,1.820319e+00
2.377000e+03,7.758087e+01,1.824134e+01,-1.124942e-01,1.391860e-01,4.025125e-01,1.246583e-01,6.567532e-03,-2.000000e-02,-1.979291e-02,7.760000e+01,1.830000e+01,-1.096096e-01,1.913367e-02,5.866416e-02,2.884615e-03,7.721873e+01,2.890598e+02,2.237708e+01,6.234861e+01,7.830721e+01,2.910879e-01,1.821154e+00
2.378000e+03,7.759060e+01,1.820592e+01,-1.180267e-01,1.321860e-01,4.225125e-01,1.416671e-01,-7.000000e-03,2.000000e-02,1.700883e-02,7.760000e+01,1.830000e+01,-1.096096e-01,9.398521e-03,9.408395e-02,8.417059e-03,7.722812e+01,2.891539e+02,2.238550e+01,6.234870e+01,7.831606e+01,2.911587e-01,1.821892e+00
2.379000e+03,7.758666e+01,1.836945e+01,-1.127775e-01,1.333889e-01,4.025125e-01,1.268561e-01,1.202851e-03,-2.000000e-02,-1.481095e-02,7.760000e+01,1.830000e+01,-1.096096e-01,1.334050e-02,-6.944954e-02,3.167903e-03,7.724146e+01,2.892233e+02,2.238867e+01,6.234888e+01,7.832088e+01,2.911687e-01,1.822513e+00
2.380000e+03,7.759084e+01,1.832137e+01,-1.197335e-01,1.275846e-01,3.825125e-01,1.456502e-01,-5.804276e-03,-2.000000e-02,1.879409e-02,7.760000e+01,1.830000e+01,-1.096096e-01,9.160599e-03,-2.136865e-02,1.012392e-02,7.725063e+01,2.892447e+02,2.239879e+01,6.234896e+01,7.832134e+01,2.912712e-01,1.823300e+00
2.381000e+03,7.759178e+01,1.808304e+01,-1.286472e-01,1.272887e-01,4.025125e-01,1.642607e-01,-2.958835e-04,2.000000e-02,1.861042e-02,7.760000e+01,1.830000e+01,-1.096096e-01,8.217379e-03,2.169552e-01,1.903759e-02,7.725884e+01,2.894616e+02,2.241783e+01,6.234903e+01,7.836841e+01,2.916337e-01,1.824046e+00
2.382000e+03,7.758485e+01,1.806374e+01,-1.213978e-01,1.342887e-01,4.225125e-01,1.432967e-01,7.000000e-03,2.000000e-02,-2.096398e-02,7.760000e+01,1.830000e+01,-1.096096e-01,1.514549e-02,2.362627e-01,1.178821e-02,7.727399e+01,2.896979e+02,2.242961e+01,6.234926e+01,7.842423e+01,2.917726e-01,1.824935e+00
2.383000e+03,7.758257e+01,1.824132e+01,-1.120524e-01,1.371481e-01,4.025125e-01,1.237675e-01,2.859384e-03,-2.000000e-02,-1.952921e-02,7.760000e+01,1.830000e+01,-1.096096e-01,1.743102e-02,5.867670e-02,2.442813e-03,7.729142e+01,2.897566e+02,2.243206e+01,6.234956e+01,7.842767e+01,2.917786e-01,1.825724e+00
2.384000e+03,7.759060e+01,1.820595e+01,-1.185413e-01,1.301481e-01,4.225125e-01,1.430788e-01,-7.000000e-03,2.000000e-02,1.931138e-02,7.760000e+01,1.830000e+01,-1.096096e-01,9.398767e-03,9.405107e-02,8.931656e-03,7.730082e+01,2.898506e+02,2.244099e+01,6.234965e+01,7.843652e+01,2.918584e-01,1.826546e+00
2.385000e+03,7.758461e+01,1.836948e+01,-1.133167e-01,1.358442e-01,4.025125e-01,1.279444e-01,5.696095e-03,-2.000000e-02,-1.513450e-02,7.760000e+01,1.830000e+01,-1.096096e-01,1.538664e-02,-6.947913e-02,3.707090e-03,7.731620e+01,2.899201e+02,2.244470e+01,6.234989e+01,7.844134e+01,2.918721e-01,1.827208e+00
2.386000e+03,7.759084e+01,1.832134e+01,-1.191137e-01,1.288442e-01,3.825125e-01,1.439470e-01,-7.000000e-03,-2.000000e-02,1.600268e-02,7.760000e+01,1.830000e+01,-1.096096e-01,9.157310e-03,-2.134220e-02,9.504112e-03,7.732536e+01,2.899415e+02,2.245420e+01,6.234997e+01,7.844180e+01,2.919624e-01,1.827913e+00
2.387000e+03,7.759318e+01,1.808302e+01,-1.283038e-01,1.256185e-01,4.025125e-01,1.636844e-01,-3.225702e-03,2.000000e-02,1.973738e-02,7.760000e+01,1.830000e+01,-1.096096e-01,6.824978e-03,2.169789e-01,1.869419e-02,7.733219e+01,2.901584e+02,2.247289e+01,6.235002e+01,7.848888e+01,2.923119e-01,1.828713e+00
2.388000e+03,7.758483e+01,1.806375e+01,-1.218216e-01,1.326185e-01,4.225125e-01,1.444512e-01,7.000000e-03,2.000000e-02,-1.923323e-02,7.760000e+01,1.830000e+01,-1.096096e-01,1.517181e-02,2.362480e-01,1.221202e-02,7.734736e+01,2.903947e+02,2.248511e+01,6.235025e+01,7.854469e+01,2.924611e-01,1.829531e+00
2.389000e+03,7.758087e+01,1.824134e+01,-1.124942e-01,1.391860e-01,4.025125e-01,1.246583e-01,6.567532e-03,-2.000000e-02,-1.979291e-02,7.760000e+01,1.830000e+01,-1.096096e-01,1.913367e-02,5.866416e-02,2.884615e-03,7.736649e+01,2.904533e+02,2.248799e+01,6.235061e+01,7.854813e+01,2.924694e-01,1.830366e+00
2.390000e+03,7.759060e+01,1.820592e+01,-1.180267e-01,1.321860e-01,4.225125e-01,1.416671e-01,-7.000000e-03,2.000000e-02,1.700883e-02,7.760000e+01,1.830000e+01,-1.096096e-01,9.398521e-03,9.408395e-02,8.417059e-03,7.737589e+01,2.905474e+02,2.249641e+01,6.235070e+01,7.855698e+01,2.925402e-01,1.831105e+00
2.391000e+03,7.758666e+01,1.836945e+01,-1.127775e-01,1.333889e-01,4.025125e-01,1.268561e-01,1.202851e-03,-2.000000e-02,-1.481095e-02,7.760000e+01,1.830000e+01,-1.096096e-01,1.334050e-02,-6.944954e-02,3.167903e-03,7.738923e+01,2.906169e+02,2.249958e+01,6.235088e+01,7.856181e+01,2.925503e-01,1.831726e+00
2.392000e+03,7.759084e+01,1.832137e+01,-1.197335e-01,1.275846e-01,3.825125e-01,1.456502e-01,-5.804276e-03,-2.000000e-02,1.879409e-02,7.760000e+01,1.830000e+01,-1.096096e-01,9.160599e-03,-2.136865e-02,1.012392e-02,7.739839e+01,2.906382e+02,2.250970e+01,6.235096e+01,7.856226e+01,2.926527e-01,1.832512e+00
2.393000e+03,7.759178e+01,1.808304e+01,-1.286472e-01,1.272887e-01,4.025125e-01,1.642607e-01,-2.958835e-04,2.000000e-02,1.861042e-02,7.760000e+01,1.830000e+01,-1.096096e-01,8.217379e-03,2.169552e-01,1.903759e-02,7.740661e+01,2.908552e+02,2.252874e+01,6.235103e+01,7.860933e+01,2.930152e-01,1.833259e+00
2.394000e+03,7.758485e+01,1.806374e+01,-1.213978e-01,1.342887e-01,4.225125e-01,1.432967e-01,7.000000e-03,2.000000e-02,-2.096398e-02,7.760000e+01,1.830000e+01,-1.096096e-01,1.514549e-02,2.362627e-01,1.178821e-02,7.742175e+01,2.910915e+02,2.254053e+01,6.235126e+01,7.866515e+01,2.931541e-01,1.834147e+00
2.395000e+03,7.758257e+01,1.824132e+01,-1.120524e-01,1.371481e-01,4.025125e-01,1.237675e-01,2.859384e-03,-2.000000e-02,-1.952921e-02,7.760000e+01,1.830000e+01,-1.096096e-01,1.743102e-02,5.867670e-02,2.442813e-03,7.743919e+01,2.911501e+02,2.254297e+01,6.235156e+01,7.866860e+01,2.931601e-01,1.834937e+00
2.396000e+03,7.759060e+01,1.820595e+01,-1.185413e-01,1.301481e-01,4.225125e-01,1.430788e-01,-7.000000e-03,2.000000e-02,1.931138e-02,7.760000e+01,1.830000e+01,-1.096096e-01,9.398767e-03,9.405107e-02,8.931656e-03,7.744858e+01,2.912442e+02,2.255190e+01,6.235165e+01,7.867744e+01,2.932399e-01,1.835759e+00
2.397000e+03,7.758461e+01,1.836948e+01,-1.133167e-01,1.358442e-01,4.025125e-01,1.279444e-01,5.696095e-03,-2.000000e-02,-1.513450e-02,7.760000e+01,1.830000e+01,-1.096096e-01,1.538664e-02,-6.947913e-02,3.707090e-03,7.746397e+01,2.913137e+02,2.255561e+01,6.235189e+01,7.868227e+01,2.932536e-01,1.836420e+00
2.398000e+03,7.759084e+01,1.832134e+01,-1.191137e-01,1.288442e-01,3.825125e-01,1.439470e-01,-7.000000e-03,-2.000000e-02,1.600268e-02,7.760000e+01,1.830000e+01,-1.096096e-01,9.157310e-03,-2.134220e-02,9.504112e-03,7.747313e+01,2.913350e+02,2.256511e+01,6.235197e+01,7.868273e+01,2.933440e-01,1.837125e+00
2.399000e+03,7.759318e+01,1.808302e+01,-1.283038e-01,1.256185e-01,4.025125e-01,1.636844e-01,-3.225702e-03,2.000000e-02,1.973738e-02,7.760000e+01,1.830000e+01,-1.096096e-01,6.824978e-03,2.169789e-01,1.869419e-02,7.747995e+01,2.915520e+02,2.258381e+01,6.235202e+01,7.872980e+01,2.936934e-01,1.837925e+00
2.400000e+03,7.758483e+01,1.806375e+01,-1.218216e-01,1.326185e-01,4.225125e-01,1.444512e-01,7.000000e-03,2.000000e-02,-1.923323e-02,7.760000e+01,1.830000e+01,-1.096096e-01,1.517181e-02,2.362480e-01,1.221202e-02,7.749513e+01,2.917882e+02,2.259602e+01,6.235225e+01,7.878562e+01,2.938426e-01,1.838744e+00
2.401000e+03,7.758087e+01,1.824134e+01,-1.124942e-01,1.391860e-01,4.025125e-01,1.246583e-01,6.567532e-03,-2.000000e-02,-1.979291e-02,7.760000e+01,1.830000e+01,-1.096096e-01,1.913367e-02,5.866416e-02,2.884615e-03,7.751426e+01,2.918469e+02,2.259890e+01,6.235262e+01,7.878906e+01,2.938509e-01,1.839579e+00
2.402000e+03,7.759060e+01,1.820592e+01,-1.180267e-01,1.321860e-01,4.225125e-01,1.416671e-01,-7.000000e-03,2.000000e-02,1.700883e-02,7.760000e+01,1.830000e+01,-1.096096e-01,9.398521e-03,9.408395e-02,8.417059e-03,7.752366e+01,2.919410e+02,2.260732e+01,6.235270e+01,7.879791e+01,2.939217e-01,1.840317e+00
2.403000e+03,7.758666e+01,1.836945e+01,-1.127775e-01,1.333889e-01,4.025125e-01,1.268561e-01,1.202851e-03,-2.000000e-02,-1.481095e-02,7.760000e+01,1.830000e+01,-1.096096e-01,1.334050e-02,-6.944954e-02,3.167903e-03,7.753700e+01,2.920104e+02,2.261049e+01,6.235288e+01,7.880273e+01,2.939318e-01,1.840938e+00
2.404000e+03,7.759084e+01,1.832137e+01,-1.197335e-01,1.275846e-01,3.825125e-01,1.456502e-01,-5.804276e-03,-2.000000e-02,1.879409e-02,7.760000e+01,1.830000e+01,-1.096096e-01,9.160599e-03,-2.136865e-02,1.012392e-02,7.754616e+01,2.920318e+02,2.262061e+01,6.235297e+01,7.880319e+01,2.940343e-01,1.841725e+00
2.405000e+03,7.759178e+01,1.808304e+01,-1.286472e-01,1.272887e-01,4.025125e-01,1.642607e-01,-2.958835e-04,2.000000e-02,1.861042e-02,7.760000e+01,1.830000e+01,-1.096096e-01,8.217379e-03,2.169552e-01,1.903759e-02,7.755438e+01,2.922488e+02,2.263965e+01,6.235303e+01,7.885026e+01,2.943967e-01,1.842472e+00
2.406000e+03,7.758485e+01,1.806374e+01,-1.213978e-01,1.342887e-01,4.225125e-01,1.432967e-01,7.000000e-03,2.000000e-02,-2.096398e-02,7.760000e+01,1.830000e+01,-1.096096e-01,1.514549e-02,2.362627e-01,1.178821e-02,7.756952e+01,2.924850e+02,2.265144e+01,6.235326e+01,7.890608e+01,2.945356e-01,1.843360e+00
2.407000e+03,7.758257e+01,1.824132e+01,-1.120524e-01,1.371481e-01,4.025125e-01,1.237675e-01,2.859384e-03,-2.000000e-02,-1.952921e-02,7.760000e+01,1.830000e+01,-1.096096e-01,1.743102e-02,5.867670e-02,2.442813e-03,7.758695e+01,2.925437e+02,2.265388e+01,6.235357e+01,7.890952e+01,2.945416e-01,1.844150e+00
2.408000e+03,7.759060e+01,1.820595e+01,-1.185413e-01,1.301481e-01,4.225125e-01,1.430788e-01,-7.000000e-03,2.000000e-02,1.931138e-02,7.760000e+01,1.830000e+01,-1.096096e-01,9.398767e-03,9.405107e-02,8.931656e-03,7.759635e+01,2.926378e+02,2.266281e+01,6.235366e+01,7.891837e+01,2.946214e-01,1.844972e+00
2.409000e+03,7.758461e+01,1.836948e+01,-1.133167e-01,1.358442e-01,4.025125e-01,1.279444e-01,5.696095e-03,-2.000000e-02,-1.513450e-02,7.760000e+01,1.830000e+01,-1.096096e-01,1.538664e-02,-6.947913e-02,3.707090e-03,7.761174e+01,2.927072e+02,2.266652e+01,6.235389e+01,7.892320e+01,2.946351e-01,1.845633e+00
2.410000e+03,7.759084e+01,1.832134e+01,-1.191137e-01,1.288442e-01,3.825125e-01,1.439470e-01,-7.000000e-03,-2.000000e-02,1.600268e-02,7.760000e+01,1.830000e+01,-1.096096e-01,9.157310e-03,-2.134220e-02,9.504112e-03,7.762090e+01,2.927286e+02,2.267602e+01,6.235398e+01,7.892365e+01,2.947255e-01,1.846338e+00
2.411000e+03,7.759318e+01,1.808302e+01,-1.283038e-01,1.256185e-01,4.025125e-01,1.636844e-01,-3.225702e-03,2.000000e-02,1.973738e-02,7.760000e+01,1.830000e+01,-1.096096e-01,6.824978e-03,2.169789e-01,1.869419e-02,7.762772e+01,2.929456e+02,2.269472e+01,6.235402e+01,7.897073e+01,2.950749e-01,1.847138e+00
2.412000e+03,7.758483e+01,1.806375e+01,-1.218216e-01,1.326185e-01,4.225125e-01,1.444512e-01,7.000000e-03,2.000000e-02,-1.923323e-02,7.760000e+01,1.830000e+01,-1.096096e-01,1.517181e-02,2.362480e-01,1.221202e-02,7.764289e+01,2.931818e+02,2.270693e+01,6.235425e+01,7.902655e+01,2.952241e-01,1.847957e+00
2.413000e+03,7.758087e+01,1.824134e+01,-1.124942e-01,1.391860e-01,4.025125e-01,1.246583e-01,6.567532e-03,-2.000000e-02,-1.979291e-02,7.760000e+01,1.830000e+01,-1.096096e-01,1.913367e-02,5.866416e-02,2.884615e-03,7.766203e+01,2.932405e+02,2.270981e+01,6.235462e+01,7.902999e+01,2.952324e-01,1.848792e+00
2.414000e+03,7.759060e+01,1.820592e+01,-1.180267e-01,1.321860e-01,4.225125e-01,1.416671e-01,-7.000000e-03,2.000000e-02,1.700883e-02,7.760000e+01,1.830000e+01,-1.096096e-01,9.398521e-03,9.408395e-02,8.417059e-03,7.767142e+01,2.933346e+02,2.271823e+01,6.235471e+01,7.903884e+01,2.953032e-01,1.849530e+00
2.415000e+03,7.758666e+01,1.836945e+01,-1.127775e-01,1.333889e-01,4.025125e-01,1.268561e-01,1.202851e-03,-2.000000e-02,-1.481095e-02,7.760000e+01,1.830000e+01,-1.096096e-01,1.334050e-02,-6.944954e-02,3.167903e-03,7.768476e+01,2.934040e+02,2.272140e+01,6.235489e+01,7.904366e+01,2.953133e-01,1.850151e+00
2.416000e+03,7.759084e+01,1.832137e+01,-1.197335e-01,1.275846e-01,3.825125e-01,1.456502e-01,-5.804276e-03,-2.000000e-02,1.879409e-02,7.760000e+01,1.830000e+01,-1.096096e-01,9.160599e-03,-2.136865e-02,1.012392e-02,7.769393e+01,2.934254e+02,2.273152e+01,6.235497e+01,7.904412e+01,2.954158e-01,1.850938e+00
2.417000e+03,7.759178e+01,1.808304e+01,-1.286472e-01,1.272887e-01,4.025125e-01,1.642607e-01,-2.958835e-04,2.000000e-02,1.861042e-02,7.760000e+01,1.830000e+01,-1.096096e-01,8.217379e-03,2.169552e-01,1.903759e-02,7.770214e+01,2.936423e+02,2.275056e+01,6.235504e+01,7.909119e+01,2.957782e-01,1.851684e+00
2.418000e+03,7.758485e+01,1.806374e+01,-1.213978e-01,1.342887e-01,4.225125e-01,1.432967e-01,7.000000e-03,2.000000e-02,-2.096398e-02,7.760000e+01,1.830000e+01,-1.096096e-01,1.514549e-02,2.362627e-01,1.178821e-02,7.771729e+01,2.938786e+02,2.276235e+01,6.235527e+01,7.914701e+01,2.959172e-01,1.852573e+00
2.419000e+03,7.758257e+01,1.824132e+01,-1.120524e-01,1.371481e-01,4.025125e-01,1.237675e-01,2.859384e-03,-2.000000e-02,-1.952921e-02,7.760000e+01,1.830000e+01,-1.096096e-01,1.743102e-02,5.867670e-02,2.442813e-03,7.773472e+01,2.939373e+02,2.276479e+01,6.235557e+01,7.915045e+01,2.959231e-01,1.853363e+00
2.420000e+03,7.759060e+01,1.820595e+01,-1.185413e-01,1.301481e-01,4.225125e-01,1.430788e-01,-7.000000e-03,2.000000e-02,1.931138e-02,7.760000e+01,1.830000e+01,-1.096096e-01,9.398767e-03,9.405107e-02,8.931656e-03,7.774412e+01,2.940313e+02,2.277372e+01,6.235566e+01,7.915930e+01,2.960029e-01,1.854184e+00
2.421000e+03,7.758461e+01,1.836948e+01,-1.133167e-01,1.358442e-01,4.025125e-01,1.279444e-01,5.696095e-03,-2.000000e-02,-1.513450e-02,7.760000e+01,1.830000e+01,-1.096096e-01,1.538664e-02,-6.947913e-02,3.707090e-03,7.775950e+01,2.941008e+02,2.277743e+01,6.235590e+01,7.916412e+01,2.960166e-01,1.854846e+00
2.422000e+03,7.759084e+01,1.832134e+01,-1.191137e-01,1.288442e-01,3.825125e-01,1.439470e-01,-7.000000e-03,-2.000000e-02,1.600268e-02,7.760000e+01,1.830000e+01,-1.096096e-01,9.157310e-03,-2.134220e-02,9.504112e-03,7.776866e+01,2.941221e+02,2.278693e+01,6.235598e+01,7.916458e+01,2.961070e-01,1.855551e+00
2.423000e+03,7.759318e+01,1.808302e+01,-1.283038e-01,1.256185e-01,4.025125e-01,1.636844e-01,-3.225702e-03,2.000000e-02,1.973738e-02,7.760000e+01,1.830000e+01,-1.096096e-01,6.824978e-03,2.169789e-01,1.869419e-02,7.777549e+01,2.943391e+02,2.280563e+01,6.235603e+01,7.921166e+01,2.964564e-01,1.856351e+00
2.424000e+03,7.758483e+01,1.806375e+01,-1.218216e-01,1.326185e-01,4.225125e-01,1.444512e-01,7.000000e-03,2.000000e-02,-1.923323e-02,7.760000e+01,1.830000e+01,-1.096096e-01,1.517181e-02,2.362480e-01,1.221202e-02,7.779066e+01,2.945754e+02,2.281784e+01,6.235626e+01,7.926747e+01,2.966056e-01,1.857170e+00
2.425000e+03,7.758087e+01,1.824134e+01,-1.124942e-01,1.391860e-01,4.025125e-01,1.246583e-01,6.567532e-03,-2.000000e-02,-1.979291e-02,7.760000e+01,1.830000e+01,-1.096096e-01,1.913367e-02,5.866416e-02,2.884615e-03,7.780979e+01,2.946340e+02,2.282072e+01,6.235662e+01,7.927091e+01,2.966139e-01,1.858005e+00
2.426000e+03,7.759060e+01,1.820592e+01,-1.180267e-01,1.321860e-01,4.225125e-01,1.416671e-01,-7.000000e-03,2.000000e-02,1.700883e-02,7.760000e+01,1.830000e+01,-1.096096e-01,9.398521e-03,9.408395e-02,8.417059e-03,7.781919e+01,2.947281e+02,2.282914e+01,6.235671e+01,7.927977e+01,2.966847e-01,1.858743e+00
2.427000e+03,7.758666e+01,1.836945e+01,-1.127775e-01,1.333889e-01,4.025125e-01,1.268561e-01,1.202851e-03,-2.000000e-02,-1.481095e-02,7.760000e+01,1.830000e+01,-1.096096e-01,1.334050e-02,-6.944954e-02,3.167903e-03,7.783253e+01,2.947976e+02,2.283231e+01,6.235689e+01,7.928459e+01,2.966948e-01,1.859364e+00
2.428000e+03,7.759084e+01,1.832137e+01,-1.197335e-01,1.275846e-01,3.825125e-01,1.456502e-01,-5.804276e-03,-2.000000e-02,1.879409e-02,7.760000e+01,1.830000e+01,-1.096096e-01,9.160599e-03,-2.136865e-02,1.012392e-02,7.784169e+01,2.948189e+02,2.284243e+01,6.235697e+01,7.928505e+01,2.967973e-01,1.860151e+00
2.429000e+03,7.759178e+01,1.808304e+01,-1.286472e-01,1.272887e-01,4.025125e-01,1.642607e-01,-2.958835e-04,2.000000e-02,1.861042e-02,7.760000e+01,1.830000e+01,-1.096096e-01,8.217379e-03,2.169552e-01,1.903759e-02,7.784991e+01,2.950359e+02,2.286147e+01,6.235704e+01,7.933211e+01,2.971597e-01,1.860897e+00
2.430000e+03,7.758485e+01,1.806374e+01,-1.213978e-01,1.342887e-01,4.225125e-01,1.432967e-01,7.000000e-03,2.000000e-02,-2.096398e-02,7.760000e+01,1.830000e+01,-1.096096e-01,1.514549e-02,2.362627e-01,1.178821e-02,7.786505e+01,2.952721e+02,2.287326e+01,6.235727e+01,7.938793e+01,2.972987e-01,1.861786e+00
2.431000e+03,7.758257e+01,1.824132e+01,-1.120524e-01,1.371481e-01,4.025125e-01,1.237675e-01,2.859384e-03,-2.000000e-02,-1.952921e-02,7.760000e+01,1.830000e+01,-1.096096e-01,1.743102e-02,5.867670e-02,2.442813e-03,7.788249e+01,2.953308e+02,2.287570e+01,6.235757e+01,7.939138e+01,2.973046e-01,1.862575e+00
2.432000e+03,7.759060e+01,1.820595e+01,-1.185413e-01,1.301481e-01,4.225125e-01,1.430788e-01,-7.000000e-03,2.000000e-02,1.931138e-02,7.760000e+01,1.830000e+01,-1.096096e-01,9.398767e-03,9.405107e-02,8.931656e-03,7.789188e+01,2.954249e+02,2.288463e+01,6.235766e+01,7.940022e+01,2.973844e-01,1.863397e+00
2.433000e+03,7.758461e+01,1.836948e+01,-1.133167e-01,1.358442e-01,4.025125e-01,1.279444e-01,5.696095e-03,-2.000000e-02,-1.513450e-02,7.760000e+01,1.830000e+01,-1.096096e-01,1.538664e-02,-6.947913e-02,3.707090e-03,7.790727e+01,2.954944e+02,2.288834e+01,6.235790e+01,7.940505e+01,2.973981e-01,1.864059e+00
2.434000e+03,7.759084e+01,1.832134e+01,-1.191137e-01,1.288442e-01,3.825125e-01,1.439470e-01,-7.000000e-03,-2.000000e-02,1.600268e-02,7.760000e+01,1.830000e+01,-1.096096e-01,9.157310e-03,-2.134220e-02,9.504112e-03,7.791643e+01,2.955157e+02,2.289785e+01,6.235798e+01,7.940551e+01,2.974885e-01,1.864764e+00
2.435000e+03,7.759318e+01,1.808302e+01,-1.283038e-01,1.256185e-01,4.025125e-01,1.636844e-01,-3.225702e-03,2.000000e-02,1.973738e-02,7.760000e+01,1.830000e+01,-1.096096e-01,6.824978e-03,2.169789e-01,1.869419e-02,7.792325e+01,2.957327e+02,2.291654e+01,6.235803e+01,7.945259e+01,2.978379e-01,1.865564e+00
2.436000e+03,7.758483e+01,1.806375e+01,-1.218216e-01,1.326185e-01,4.225125e-01,1.444512e-01,7.000000e-03,2.000000e-02,-1.923323e-02,7.760000e+01,1.830000e+01,-1.096096e-01,1.517181e-02,2.362480e-01,1.221202e-02,7.793843e+01,2.959689e+02,2.292875e+01,6.235826e+01,7.950840e+01,2.979871e-01,1.866383e+00
2.437000e+03,7.758087e+01,1.824134e+01,-1.124942e-01,1.391860e-01,4.025125e-01,1.246583e-01,6.567532e-03,-2.000000e-02,-1.979291e-02,7.760000e+01,1.830000e+01,-1.096096e-01,1.913367e-02,5.866416e-02,2.884615e-03,7.795756e+01,2.960276e+02,2.293164e+01,6.235862e+01,7.951184e+01,2.979954e-01,1.867218e+00
2.438000e+03,7.759060e+01,1.820592e+01,-1.180267e-01,1.321860e-01,4.225125e-01,1.416671e-01,-7.000000e-03,2.000000e-02,1.700883e-02,7.760000e+01,1.830000e+01,-1.096096e-01,9.398521e-03,9.408395e-02,8.417059e-03,7.796696e+01,2.961217e+02,2.294005e+01,6.235871e+01,7.952069e+01,2.980662e-01,1.867956e+00
2.439000e+03,7.758666e+01,1.836945e+01,-1.127775e-01,1.333889e-01,4.025125e-01,1.268561e-01,1.202851e-03,-2.000000e-02,-1.481095e-02,7.760000e+01,1.830000e+01,-1.096096e-01,1.334050e-02,-6.944954e-02,3.167903e-03,7.798030e+01,2.961911e+02,2.294322e+01,6.235889e+01,7.952552e+01,2.980763e-01,1.868577e+00
2.440000e+03,7.759084e+01,1.832137e+01,-1.197335e-01,1.275846e-01,3.825125e-01,1.456502e-01,-5.804276e-03,-2.000000e-02,1.879409e-02,7.760000e+01,1.830000e+01,-1.096096e-01,9.160599e-03,-2.136865e-02,1.012392e-02,7.798946e+01,2.962125e+02,2.295335e+01,6.235897e+01,7.952597e+01,2.981788e-01,1.869364e+00
2.441000e+03,7.759178e+01,1.808304e+01,-1.286472e-01,1.272887e-01,4.025125e-01,1.642607e-01,-2.958835e-04,2.000000e-02,1.861042e-02,7.760000e+01,1.830000e+01,-1.096096e-01,8.217379e-03,2.169552e-01,1.903759e-02,7.799768e+01,2.964294e+02,2.297238e+01,6.235904e+01,7.957304e+01,2.985412e-01,1.870110e+00
2.442000e+03,7.758485e+01,1.806374e+01,-1.213978e-01,1.342887e-01,4.225125e-01,1.432967e-01,7.000000e-03,2.000000e-02,-2.096398e-02,7.760000e+01,1.830000e+01,-1.096096e-01,1.514549e-02,2.362627e-01,1.178821e-02,7.801282e+01,2.966657e+02,2.298417e+01,6.235927e+01,7.962886e+01,2.986802e-01,1.870999e+00
2.443000e+03,7.758257e+01,1.824132e+01,-1.120524e-01,1.371481e-01,4.025125e-01,1.237675e-01,2.859384e-03,-2.000000e-02,-1.952921e-02,7.760000e+01,1.830000e+01,-1.096096e-01,1.743102e-02,5.867670e-02,2.442813e-03,7.803025e+01,2.967244e+02,2.298661e+01,6.235958e+01,7.963231e+01,2.986861e-01,1.871788e+00
2.444000e+03,7.759060e+01,1.820595e+01,-1.185413e-01,1.301481e-01,4.225125e-01,1.430788e-01,-7.000000e-03,2.000000e-02,1.931138e-02,7.760000e+01,1.830000e+01,-1.096096e-01,9.398767e-03,9.405107e-02,8.931656e-03,7.803965e+01,2.968184e+02,2.299555e+01,6.235966e+01,7.964115e+01,2.987659e-01,1.872610e+00
2.445000e+03,7.758461e+01,1.836948e+01,-1.133167e-01,1.358442e-01,4.025125e-01,1.279444e-01,5.696095e-03,-2.000000e-02,-1.513450e-02,7.760000e+01,1.830000e+01,-1.096096e-01,1.538664e-02,-6.947913e-02,3.707090e-03,7.805504e+01,2.968879e+02,2.299925e+01,6.235990e+01,7.964598e+01,2.987797e-01,1.873272e+00
2.446000e+03,7.759084e+01,1.832134e+01,-1.191137e-01,1.288442e-01,3.825125e-01,1.439470e-01,-7.000000e-03,-2.000000e-02,1.600268e-02,7.760000e+01,1.830000e+01,-1.096096e-01,9.157310e-03,-2.134220e-02,9.504112e-03,7.806420e+01,2.969093e+02,2.300876e+01,6.235998e+01,7.964643e+01,2.988700e-01,1.873977e+00
2.447000e+03,7.759318e+01,1.808302e+01,-1.283038e-01,1.256185e-01,4.025125e-01,1.636844e-01,-3.225702e-03,2.000000e-02,1.973738e-02,7.760000e+01,1.830000e+01,-1.096096e-01,6.824978e-03,2.169789e-01,1.869419e-02,7.807102e+01,2.971262e+02,2.302745e+01,6.236003e+01,7.969351e+01,2.992195e-01,1.874777e+00
2.448000e+03,7.758483e+01,1.806375e+01,-1.218216e-01,1.326185e-01,4.225125e-01,1.444512e-01,7.000000e-03,2.000000e-02,-1.923323e-02,7.760000e+01,1.830000e+01,-1.096096e-01,1.517181e-02,2.362480e-01,1.221202e-02,7.808619e+01,2.973625e+02,2.303966e+01,6.236026e+01,7.974933e+01,2.993686e-01,1.875596e+00
2.449000e+03,7.758087e+01,1.824134e+01,-1.124942e-01,1.391860e-01,4.025125e-01,1.246583e-01,6.567532e-03,-2.000000e-02,-1.979291e-02,7.760000e+01,1.830000e+01,-1.096096e-01,1.913367e-02,5.866416e-02,2.884615e-03,7.810533e+01,2.974211e+02,2.304255e+01,6.236063e+01,7.975277e+01,2.993769e-01,1.876430e+00
2.450000e+03,7.759060e+01,1.820592e+01,-1.180267e-01,1.321860e-01,4.225125e-01,1.416671e-01,-7.000000e-03,2.000000e-02,1.700883e-02,7.760000e+01,1.830000e+01,-1.096096e-01,9.398521e-03,9.408395e-02,8.417059e-03,7.811472e+01,2.975152e+02,2.305096e+01,6.236072e+01,7.976162e+01,2.994478e-01,1.877169e+00
2.451000e+03,7.758666e+01,1.836945e+01,-1.127775e-01,1.333889e-01,4.025125e-01,1.268561e-01,1.202851e-03,-2.000000e-02,-1.481095e-02,7.760000e+01,1.830000e+01,-1.096096e-01,1.334050e-02,-6.944954e-02,3.167903e-03,7.812806e+01,2.975847e+02,2.305413e+01,6.236089e+01,7.976644e+01,2.994578e-01,1.877790e+00
2.452000e+03,7.759084e+01,1.832137e+01,-1.197335e-01,1.275846e-01,3.825125e-01,1.456502e-01,-5.804276e-03,-2.000000e-02,1.879409e-02,7.760000e+01,1.830000e+01,-1.096096e-01,9.160599e-03,-2.136865e-02,1.012392e-02,7.813723e+01,2.976060e+02,2.306426e+01,6.236098e+01,7.976690e+01,2.995603e-01,1.878576e+00
2.453000e+03,7.759178e+01,1.808304e+01,-1.286472e-01,1.272887e-01,4.025125e-01,1.642607e-01,-2.958835e-04,2.000000e-02,1.861042e-02,7.760000e+01,1.830000e+01,-1.096096e-01,8.217379e-03,2.169552e-01,1.903759e-02,7.814544e+01,2.978230e+02,2.308329e+01,6.236105e+01,7.981397e+01,2.999227e-01,1.879323e+00
2.454000e+03,7.758485e+01,1.806374e+01,-1.213978e-01,1.342887e-01,4.225125e-01,1.432967e-01,7.000000e-03,2.000000e-02,-2.096398e-02,7.760000e+01,1.830000e+01,-1.096096e-01,1.514549e-02,2.362627e-01,1.178821e-02,7.816059e+01,2.980593e+02,2.309508e+01,6.236127e+01,7.986979e+01,3.000617e-01,1.880211e+00
2.455000e+03,7.758257e+01,1.824132e+01,-1.120524e-01,1.371481e-01,4.025125e-01,1.237675e-01,2.859384e-03,-2.000000e-02,-1.952921e-02,7.760000e+01,1.830000e+01,-1.096096e-01,1.743102e-02,5.867670e-02,2.442813e-03,7.817802e+01,2.981179e+02,2.309752e+01,6.236158e+01,7.987323e+01,3.000676e-01,1.881001e+00
2.456000e+03,7.759060e+01,1.820595e+01,-1.185413e-01,1.301481e-01,4.225125e-01,1.430788e-01,-7.000000e-03,2.000000e-02,1.931138e-02,7.760000e+01,1.830000e+01,-1.096096e-01,9.398767e-03,9.405107e-02,8.931656e-03,7.818742e+01,2.982120e+02,2.310646e+01,6.236167e+01,7.988208e+01,3.001474e-01,1.881823e+00
2.457000e+03,7.758461e+01,1.836948e+01,-1.133167e-01,1.358442e-01,4.025125e-01,1.279444e-01,5.696095e-03,-2.000000e-02,-1.513450e-02,7.760000e+01,1.830000e+01,-1.096096e-01,1.538664e-02,-6.947913e-02,3.707090e-03,7.820280e+01,2.982815e+02,2.311016e+01,6.236190e+01,7.988691e+01,3.001612e-01,1.882484e+00
2.458000e+03,7.759084e+01,1.832134e+01,-1.191137e-01,1.288442e-01,3.825125e-01,1.439470e-01,-7.000000e-03,-2.000000e-02,1.600268e-02,7.760000e+01,1.830000e+01,-1.096096e-01,9.157310e-03,-2.134220e-02,9.504112e-03,7.821196e+01,2.983028e+02,2.311967e+01,6.236199e+01,7.988736e+01,3.002515e-01,1.883189e+00
2.459000e+03,7.759318e+01,1.808302e+01,-1.283038e-01,1.256185e-01,4.025125e-01,1.636844e-01,-3.225702e-03,2.000000e-02,1.973738e-02,7.760000e+01,1.830000e+01,-1.096096e-01,6.824978e-03,2.169789e-01,1.869419e-02,7.821879e+01,2.985198e+02,2.313836e+01,6.236203e+01,7.993444e+01,3.006010e-01,1.883989e+00
2.460000e+03,7.758483e+01,1.806375e+01,-1.218216e-01,1.326185e-01,4.225125e-01,1.444512e-01,7.000000e-03,2.000000e-02,-1.923323e-02,7.760000e+01,1.830000e+01,-1.096096e-01,1.517181e-02,2.362480e-01,1.221202e-02,7.823396e+01,2.987560e+02,2.315057e+01,6.236226e+01,7.999025e+01,3.007501e-01,1.884808e+00
2.461000e+03,7.758087e+01,1.824134e+01,-1.124942e-01,1.391860e-01,4.025125e-01,1.246583e-01,6.567532e-03,-2.000000e-02,-1.979291e-02,7.760000e+01,1.830000e+01,-1.096096e-01,1.913367e-02,5.866416e-02,2.884615e-03,7.825309e+01,2.988147e+02,2.315346e+01,6.236263e+01,7.999370e+01,3.007584e-01,1.885643e+00
2.462000e+03,7.759060e+01,1.820592e+01,-1.180267e-01,1.321860e-01,4.225125e-01,1.416671e-01,-7.000000e-03,2.000000e-02,1.700883e-02,7.760000e+01,1.830000e+01,-1.096096e-01,9.398521e-03,9.408395e-02,8.417059e-03,7.826249e+01,2.989088e+02,2.316188e+01,6.236272e+01,8.000255e+01,3.008293e-01,1.886381e+00
2.463000e+03,7.758666e+01,1.836945e+01,-1.127775e-01,1.333889e-01,4.025125e-01,1.268561e-01,1.202851e-03,-2.000000e-02,-1.481095e-02,7.760000e+01,1.830000e+01,-1.096096e-01,1.334050e-02,-6.944954e-02,3.167903e-03,7.827583e+01,2.989782e+02,2.316504e+01,6.236290e+01,8.000737e+01,3.008393e-01,1.887002e+00
2.464000e+03,7.759084e+01,1.832137e+01,-1.197335e-01,1.275846e-01,3.825125e-01,1.456502e-01,-5.804276e-03,-2.000000e-02,1.879409e-02,7.760000e+01,1.830000e+01,-1.096096e-01,9.160599e-03,-2.136865e-02,1.012392e-02,7.828499e+01,2.989996e+02,2.317517e+01,6.236298e+01,8.000783e+01,3.009418e-01,1.887789e+00
2.465000e+03,7.759178e+01,1.808304e+01,-1.286472e-01,1.272887e-01,4.025125e-01,1.642607e-01,-2.958835e-04,2.000000e-02,1.861042e-02,7.760000e+01,1.830000e+01,-1.096096e-01,8.217379e-03,2.169552e-01,1.903759e-02,7.829321e+01,2.992166e+02,2.319420e+01,6.236305e+01,8.005490e+01,3.013042e-01,1.888536e+00
2.466000e+03,7.758485e+01,1.806374e+01,-1.213978e-01,1.342887e-01,4.225125e-01,1.432967e-01,7.000000e-03,2.000000e-02,-2.096398e-02,7.760000e+01,1.830000e+01,-1.096096e-01,1.514549e-02,2.362627e-01,1.178821e-02,7.830835e+01,2.994528e+02,2.320599e+01,6.236328e+01,8.011072e+01,3.014432e-01,1.889424e+00
2.467000e+03,7.758257e+01,1.824132e+01,-1.120524e-01,1.371481e-01,4.025125e-01,1.237675e-01,2.859384e-03,-2.000000e-02,-1.952921e-02,7.760000e+01,1.830000e+01,-1.096096e-01,1.743102e-02,5.867670e-02,2.442813e-03,7.832579e+01,2.995115e+02,2.320844e+01,6.236358e+01,8.011416e+01,3.014492e-01,1.890214e+00
2.468000e+03,7.759060e+01,1.820595e+01,-1.185413e-01,1.301481e-01,4.225125e-01,1.430788e-01,-7.000000e-03,2.000000e-02,1.931138e-02,7.760000e+01,1.830000e+01,-1.096096e-01,9.398767e-03,9.405107e-02,8.931656e-03,7.833518e+01,2.996056e+02,2.321737e+01,6.236367e+01,8.012300e+01,3.015289e-01,1.891036e+00
2.469000e+03,7.758461e+01,1.836948e+01,-1.133167e-01,1.358442e-01,4.025125e-01,1.279444e-01,5.696095e-03,-2.000000e-02,-1.513450e-02,7.760000e+01,1.830000e+01,-1.096096e-01,1.538664e-02,-6.947913e-02,3.707090e-03,7.835057e+01,2.996750e+02,2.322107e+01,6.236391e+01,8.012783e+01,3.015427e-01,1.891697e+00
2.470000e+03,7.759084e+01,1.832134e+01,-1.191137e-01,1.288442e-01,3.825125e-01,1.439470e-01,-7.000000e-03,-2.000000e-02,1.600268e-02,7.760000e+01,1.830000e+01,-1.096096e-01,9.157310e-03,-2.134220e-02,9.504112e-03,7.835973e+01,2.996964e+02,2.323058e+01,6.236399e+01,8.012829e+01,3.016330e-01,1.892402e+00
2.471000e+03,7.759318e+01,1.808302e+01,-1.283038e-01,1.256185e-01,4.025125e-01,1.636844e-01,-3.225702e-03,2.000000e-02,1.973738e-02,7.760000e+01,1.830000e+01,-1.096096e-01,6.824978e-03,2.169789e-01,1.869419e-02,7.836655e+01,2.999134e+02,2.324927e+01,6.236404e+01,8.017537e+01,3.019825e-01,1.893202e+00
2.472000e+03,7.758483e+01,1.806375e+01,-1.218216e-01,1.326185e-01,4.225125e-01,1.444512e-01,7.000000e-03,2.000000e-02,-1.923323e-02,7.760000e+01,1.830000e+01,-1.096096e-01,1.517181e-02,2.362480e-01,1.221202e-02,7.838173e+01,3.001496e+02,2.326149e+01,6.236427e+01,8.023118e+01,3.021316e-01,1.894021e+00
2.473000e+03,7.758087e+01,1.824134e+01,-1.124942e-01,1.391860e-01,4.025125e-01,1.246583e-01,6.567532e-03,-2.000000e-02,-1.979291e-02,7.760000e+01,1.830000e+01,-1.096096e-01,1.913367e-02,5.866416e-02,2.884615e-03,7.840086e+01,3.002083e+02,2.326437e+01,6.236463e+01,8.023462e+01,3.021399e-01,1.894856e+00
2.474000e+03,7.759060e+01,1.820592e+01,-1.180267e-01,1.321860e-01,4.225125e-01,1.416671e-01,-7.000000e-03,2.000000e-02,1.700883e-02,7.760000e+01,1.830000e+01,-1.096096e-01,9.398521e-03,9.408395e-02,8.417059e-03,7.841026e+01,3.003024e+02,2.327279e+01,6.236472e+01,8.024347e+01,3.022108e-01,1.895594e+00
2.475000e+03,7.758666e+01,1.836945e+01,-1.127775e-01,1.333889e-01,4.025125e-01,1.268561e-01,1.202851e-03,-2.000000e-02,-1.481095e-02,7.760000e+01,1.830000e+01,-1.096096e-01,1.334050e-02,-6.944954e-02,3.167903e-03,7.842360e+01,3.003718e+02,2.327595e+01,6.236490e+01,8.024830e+01,3.022208e-01,1.896215e+00
2.476000e+03,7.759084e+01,1.832137e+01,-1.197335e-01,1.275846e-01,3.825125e-01,1.456502e-01,-5.804276e-03,-2.000000e-02,1.879409e-02,7.760000e+01,1.830000e+01,-1.096096e-01,9.160599e-03,-2.136865e-02,1.012392e-02,7.843276e+01,3.003932e+02,2.328608e+01,6.236498e+01,8.024875e+01,3.023233e-01,1.897002e+00
2.477000e+03,7.759178e+01,1.808304e+01,-1.286472e-01,1.272887e-01,4.025125e-01,1.642607e-01,-2.958835e-04,2.000000e-02,1.861042e-02,7.760000e+01,1.830000e+01,-1.096096e-01,8.217379e-03,2.169552e-01,1.903759e-02,7.844098e+01,3.006101e+02,2.330512e+01,6.236505e+01,8.029582e+01,3.026857e-01,1.897748e+00
2.478000e+03,7.758485e+01,1.806374e+01,-1.213978e-01,1.342887e-01,4.225125e-01,1.432967e-01,7.000000e-03,2.000000e-02,-2.096398e-02,7.760000e+01,1.830000e+01,-1.096096e-01,1.514549e-02,2.362627e-01,1.178821e-02,7.845612e+01,3.008464e+02,2.331690e+01,6.236528e+01,8.035164e+01,3.028247e-01,1.898637e+00
2.479000e+03,7.758257e+01,1.824132e+01,-1.120524e-01,1.371481e-01,4.025125e-01,1.237675e-01,2.859384e-03,-2.000000e-02,-1.952921e-02,7.760000e+01,1.830000e+01,-1.096096e-01,1.743102e-02,5.867670e-02,2.442813e-03,7.847355e+01,3.009051e+02,2.331935e+01,6.236558e+01,8.035509e+01,3.028307e-01,1.899427e+00
2.480000e+03,7.759060e+01,1.820595e+01,-1.185413e-01,1.301481e-01,4.225125e-01,1.430788e-01,-7.000000e-03,2.000000e-02,1.931138e-02,7.760000e+01,1.830000e+01,-1.096096e-01,9.398767e-03,9.405107e-02,8.931656e-03,7.848295e+01,3.009991e+02,2.332828e+01,6.236567e+01,8.036393e+01,3.029104e-01,1.900248e+00
2.481000e+03,7.758461e+01,1.836948e+01,-1.133167e-01,1.358442e-01,4.025125e-01,1.279444e-01,5.696095e-03,-2.000000e-02,-1.513450e-02,7.760000e+01,1.830000e+01,-1.096096e-01,1.538664e-02,-6.947913e-02,3.707090e-03,7.849834e+01,3.010686e+02,2.333199e+01,6.236591e+01,8.036876e+01,3.029242e-01,1.900910e+00
2.482000e+03,7.759084e+01,1.832134e+01,-1.191137e-01,1.288442e-01,3.825125e-01,1.439470e-01,-7.000000e-03,-2.000000e-02,1.600268e-02,7.760000e+01,1.830000e+01,-1.096096e-01,9.157310e-03,-2.134220e-02,9.504112e-03,7.850750e+01,3.010899e+02,2.334149e+01,6.236599e+01,8.036921e+01,3.030145e-01,1.901615e+00
2.483000e+03,7.759318e+01,1.808302e+01,-1.283038e-01,1.256185e-01,4.025125e-01,1.636844e-01,-3.225702e-03,2.000000e-02,1.973738e-02,7.760000e+01,1.830000e+01,-1.096096e-01,6.824978e-03,2.169789e-01,1.869419e-02,7.851432e+01,3.013069e+02,2.336018e+01,6.236604e+01,8.041629e+01,3.033640e-01,1.902415e+00
2.484000e+03,7.758483e+01,1.806375e+01,-1.218216e-01,1.326185e-01,4.225125e-01,1.444512e-01,7.000000e-03,2.000000e-02,-1.923323e-02,7.760000e+01,1.830000e+01,-1.096096e-01,1.517181e-02,2.362480e-01,1.221202e-02,7.852949e+01,3.015432e+02,2.337240e+01,6.236627e+01,8.047211e+01,3.035131e-01,1.903234e+00
2.485000e+03,7.758087e+01,1.824134e+01,-1.124942e-01,1.391860e-01,4.025125e-01,1.246583e-01,6.567532e-03,-2.000000e-02,-1.979291e-02,7.760000e+01,1.830000e+01,-1.096096e-01,1.913367e-02,5.866416e-02,2.884615e-03,7.854863e+01,3.016018e+02,2.337528e+01,6.236664e+01,8.047555e+01,3.035214e-01,1.904069e+00
2.486000e+03,7.759060e+01,1.820592e+01,-1.180267e-01,1.321860e-01,4.225125e-01,1.416671e-01,-7.000000e-03,2.000000e-02,1.700883e-02,7.760000e+01,1.830000e+01,-1.096096e-01,9.398521e-03,9.408395e-02,8.417059e-03,7.855802e+01,3.016959e+02,2.338370e+01,6.236672e+01,8.048440e+01,3.035923e-01,1.904807e+00
2.487000e+03,7.758666e+01,1.836945e+01,-1.127775e-01,1.333889e-01,4.025125e-01,1.268561e-01,1.202851e-03,-2.000000e-02,-1.481095e-02,7.760000e+01,1.830000e+01,-1.096096e-01,1.334050e-02,-6.944954e-02,3.167903e-03,7.857136e+01,3.017654e+02,2.338687e+01,6.236690e+01,8.048922e+01,3.036023e-01,1.905428e+00
2.488000e+03,7.759084e+01,1.832137e+01,-1.197335e-01,1.275846e-01,3.825125e-01,1.456502e-01,-5.804276e-03,-2.000000e-02,1.879409e-02,7.760000e+01,1.830000e+01,-1.096096e-01,9.160599e-03,-2.136865e-02,1.012392e-02,7.858053e+01,3.017867e+02,2.339699e+01,6.236699e+01,8.048968e+01,3.037048e-01,1.906215e+00
2.489000e+03,7.759178e+01,1.808304e+01,-1.286472e-01,1.272887e-01,4.025125e-01,1.642607e-01,-2.958835e-04,2.000000e-02,1.861042e-02,7.760000e+01,1.830000e+01,-1.096096e-01,8.217379e-03,2.169552e-01,1.903759e-02,7.858874e+01,3.020037e+02,2.341603e+01,6.236705e+01,8.053675e+01,3.040672e-01,1.906961e+00
2.490000e+03,7.758485e+01,1.806374e+01,-1.213978e-01,1.342887e-01,4.225125e-01,1.432967e-01,7.000000e-03,2.000000e-02,-2.096398e-02,7.760000e+01,1.830000e+01,-1.096096e-01,1.514549e-02,2.362627e-01,1.178821e-02,7.860389e+01,3.022399e+02,2.342782e+01,6.236728e+01,8.059257e+01,3.042062e-01,1.907850e+00
2.491000e+03,7.758257e+01,1.824132e+01,-1.120524e-01,1.371481e-01,4.025125e-01,1.237675e-01,2.859384e-03,-2.000000e-02,-1.952921e-02,7.760000e+01,1.830000e+01,-1.096096e-01,1.743102e-02,5.867670e-02,2.442813e-03,7.862132e+01,3.022986e+02,2.343026e+01,6.236759e+01,8.059601e+01,3.042122e-01,1.908639e+00
2.492000e+03,7.759060e+01,1.820595e+01,-1.185413e-01,1.301481e-01,4.225125e-01,1.430788e-01,-7.000000e-03,2.000000e-02,1.931138e-02,7.760000e+01,1.830000e+01,-1.096096e-01,9.398767e-03,9.405107e-02,8.931656e-03,7.863072e+01,3.023927e+02,2.343919e+01,6.236768e+01,8.060486e+01,3.042919e-01,1.909461e+00
2.493000e+03,7.758461e+01,1.836948e+01,-1.133167e-01,1.358442e-01,4.025125e-01,1.279444e-01,5.696095e-03,-2.000000e-02,-1.513450e-02,7.760000e+01,1.830000e+01,-1.096096e-01,1.538664e-02,-6.947913e-02,3.707090e-03,7.864610e+01,3.024622e+02,2.344290e+01,6.236791e+01,8.060969e+01,3.043057e-01,1.910123e+00
2.494000e+03,7.759084e+01,1.832134e+01,-1.191137e-01,1.288442e-01,3.825125e-01,1.439470e-01,-7.000000e-03,-2.000000e-02,1.600268e-02,7.760000e+01,1.830000e+01,-1.096096e-01,9.157310e-03,-2.134220e-02,9.504112e-03,7.865526e+01,3.024835e+02,2.345240e+01,6.236800e+01,8.061014e+01,3.043960e-01,1.910828e+00
2.495000e+03,7.759318e+01,1.808302e+01,-1.283038e-01,1.256185e-01,4.025125e-01,1.636844e-01,-3.225702e-03,2.000000e-02,1.973738e-02,7.760000e+01,1.830000e+01,-1.096096e-01,6.824978e-03,2.169789e-01,1.869419e-02,7.866209e+01,3.027005e+02,2.347110e+01,6.236804e+01,8.065722e+01,3.047455e-01,1.911628e+00
2.496000e+03,7.758483e+01,1.806375e+01,-1.218216e-01,1.326185e-01,4.225125e-01,1.444512e-01,7.000000e-03,2.000000e-02,-1.923323e-02,7.760000e+01,1.830000e+01,-1.096096e-01,1.517181e-02,2.362480e-01,1.221202e-02,7.867726e+01,3.029367e+02,2.348331e+01,6.236827e+01,8.071303e+01,3.048946e-01,1.912447e+00
2.497000e+03,7.758087e+01,1.824134e+01,-1.124942e-01,1.391860e-01,4.025125e-01,1.246583e-01,6.567532e-03,-2.000000e-02,-1.979291e-02,7.760000e+01,1.830000e+01,-1.096096e-01,1.913367e-02,5.866416e-02,2.884615e-03,7.869639e+01,3.029954e+02,2.348619e+01,6.236864e+01,8.071648e+01,3.049029e-01,1.913282e+00
2.498000e+03,7.759060e+01,1.820592e+01,-1.180267e-01,1.321860e-01,4.225125e-01,1.416671e-01,-7.000000e-03,2.000000e-02,1.700883e-02,7.760000e+01,1.830000e+01,-1.096096e-01,9.398521e-03,9.408395e-02,8.417059e-03,7.870579e+01,3.030895e+02,2.349461e+01,6.236873e+01,8.072533e+01,3.049738e-01,1.914020e+00
2.499000e+03,7.758666e+01,1.836945e+01,-1.127775e-01,1.333889e-01,4.025125e-01,1.268561e-01,1.202851e-03,-2.000000e-02,-1.481095e-02,7.760000e+01,1.830000e+01,-1.096096e-01,1.334050e-02,-6.944954e-02,3.167903e-03,7.871913e+01,3.031589e+02,2.349778e+01,6.236890e+01,8.073015e+01,3.049838e-01,1.914641e+00
2.500000e+03,7.759084e+01,1.832137e+01,-1.197335e-01,1.275846e-01,3.825125e-01,1.456502e-01,-5.804276e-03,-2.000000e-02,1.879409e-02,7.760000e+01,1.830000e+01,-1.096096e-01,9.160599e-03,-2.136865e-02,1.012392e-02,7.872829e+01,3.031803e+02,2.350790e+01,6.236899e+01,8.073061e+01,3.050863e-01,1.915428e+00
2.501000e+03,7.759178e+01,1.808304e+01,-1.286472e-01,1.272887e-01,4.025125e-01,1.642607e-01,-2.958835e-04,2.000000e-02,1.861042e-02,7.760000e+01,1.830000e+01,-1.096096e-01,8.217379e-03,2.169552e-01,1.903759e-02,7.873651e+01,3.033972e+02,2.352694e+01,6.236906e+01,8.077768e+01,3.054487e-01,1.916174e+00
2.502000e+03,7.758485e+01,1.806374e+01,-1.213978e-01,1.342887e-01,4.225125e-01,1.432967e-01,7.000000e-03,2.000000e-02,-2.096398e-02,7.760000e+01,1.830000e+01,-1.096096e-01,1.514549e-02,2.362627e-01,1.178821e-02,7.875165e+01,3.036335e+02,2.353873e+01,6.236929e+01,8.083350e+01,3.055877e-01,1.917063e+00
2.503000e+03,7.758257e+01,1.824132e+01,-1.120524e-01,1.371481e-01,4.025125e-01,1.237675e-01,2.859384e-03,-2.000000e-02,-1.952921e-02,7.760000e+01,1.830000e+01,-1.096096e-01,1.743102e-02,5.867670e-02,2.442813e-03,7.876909e+01,3.036922e+02,2.354117e+01,6.236959e+01,8.083694e+01,3.055937e-01,1.917852e+00
2.504000e+03,7.759060e+01,1.820595e+01,-1.185413e-01,1.301481e-01,4.225125e-01,1.430788e-01,-7.000000e-03,2.000000e-02,1.931138e-02,7.760000e+01,1.830000e+01,-1.096096e-01,9.398767e-03,9.405107e-02,8.931656e-03,7.877848e+01,3.037862e+02,2.355010e+01,6.236968e+01,8.084579e+01,3.056735e-01,1.918674e+00
2.505000e+03,7.758461e+01,1.836948e+01,-1.133167e-01,1.358442e-01,4.025125e-01,1.279444e-01,5.696095e-03,-2.000000e-02,-1.513450e-02,7.760000e+01,1.830000e+01,-1.096096e-01,1.538664e-02,-6.947913e-02,3.707090e-03,7.879387e+01,3.038557e+02,2.355381e+01,6.236991e+01,8.085061e+01,3.056872e-01,1.919336e+00
2.506000e+03,7.759084e+01,1.832134e+01,-1.191137e-01,1.288442e-01,3.825125e-01,1.439470e-01,-7.000000e-03,-2.000000e-02,1.600268e-02,7.760000e+01,1.830000e+01,-1.096096e-01,9.157310e-03,-2.134220e-02,9.504112e-03,7.880303e+01,3.038771e+02,2.356331e+01,6.237000e+01,8.085107e+01,3.057775e-01,1.920041e+00
2.507000e+03,7.759318e+01,1.808302e+01,-1.283038e-01,1.256185e-01,4.025125e-01,1.636844e-01,-3.225702e-03,2.000000e-02,1.973738e-02,7.760000e+01,1.830000e+01,-1.096096e-01,6.824978e-03,2.169789e-01,1.869419e-02,7.880985e+01,3.040940e+02,2.358201e+01,6.237005e+01,8.089815e+01,3.061270e-01,1.920841e+00
2.508000e+03,7.758483e+01,1.806375e+01,-1.218216e-01,1.326185e-01,4.225125e-01,1.444512e-01,7.000000e-03,2.000000e-02,-1.923323e-02,7.760000e+01,1.830000e+01,-1.096096e-01,1.517181e-02,2.362480e-01,1.221202e-02,7.882503e+01,3.043303e+02,2.359422e+01,6.237028e+01,8.095396e+01,3.062761e-01,1.921660e+00
2.509000e+03,7.758087e+01,1.824134e+01,-1.124942e-01,1.391860e-01,4.025125e-01,1.246583e-01,6.567532e-03,-2.000000e-02,-1.979291e-02,7.760000e+01,1.830000e+01,-1.096096e-01,1.913367e-02,5.866416e-02,2.884615e-03,7.884416e+01,3.043889e+02,2.359710e+01,6.237064e+01,8.095740e+01,3.062844e-01,1.922494e+00
2.510000e+03,7.759060e+01,1.820592e+01,-1.180267e-01,1.321860e-01,4.225125e-01,1.416671e-01,-7.000000e-03,2.000000e-02,1.700883e-02,7.760000e+01,1.830000e+01,-1.096096e-01,9.398521e-03,9.408395e-02,8.417059e-03,7.885356e+01,3.044830e+02,2.360552e+01,6.237073e+01,8.096626e+01,3.063553e-01,1.923233e+00
2.511000e+03,7.758666e+01,1.836945e+01,-1.127775e-01,1.333889e-01,4.025125e-01,1.268561e-01,1.202851e-03,-2.000000e-02,-1.481095e-02,7.760000e+01,1.830000e+01,-1.096096e-01,1.334050e-02,-6.944954e-02,3.167903e-03,7.886690e+01,3.045525e+02,2.360869e+01,6.237091e+01,8.097108e+01,3.063653e-01,1.923854e+00
2.512000e+03,7.759084e+01,1.832137e+01,-1.197335e-01,1.275846e-01,3.825125e-01,1.456502e-01,-5.804276e-03,-2.000000e-02,1.879409e-02,7.760000e+01,1.830000e+01,-1.096096e-01,9.160599e-03,-2.136865e-02,1.012392e-02,7.887606e+01,3.045739e+02,2.361881e+01,6.237099e+01,8.097154e+01,3.064678e-01,1.924640e+00
2.513000e+03,7.759178e+01,1.808304e+01,-1.286472e-01,1.272887e-01,4.025125e-01,1.642607e-01,-2.958835e-04,2.000000e-02,1.861042e-02,7.760000e+01,1.830000e+01,-1.096096e-01,8.217379e-03,2.169552e-01,1.903759e-02,7.888428e+01,3.047908e+02,2.363785e+01,6.237106e+01,8.101860e+01,3.068303e-01,1.925387e+00
2.514000e+03,7.758485e+01,1.806374e+01,-1.213978e-01,1.342887e-01,4.225125e-01,1.432967e-01,7.000000e-03,2.000000e-02,-2.096398e-02,7.760000e+01,1.830000e+01,-1.096096e-01,1.514549e-02,2.362627e-01,1.178821e-02,7.889942e+01,3.050271e+02,2.364964e+01,6.237129e+01,8.107442e+01,3.069692e-01,1.926275e+00
2.515000e+03,7.758257e+01,1.824132e+01,-1.120524e-01,1.371481e-01,4.025125e-01,1.237675e-01,2.859384e-03,-2.000000e-02,-1.952921e-02,7.760000e+01,1.830000e+01,-1.096096e-01,1.743102e-02,5.867670e-02,2.442813e-03,7.891685e+01,3.050857e+02,2.365208e+01,6.237159e+01,8.107787e+01,3.069752e-01,1.927065e+00
2.516000e+03,7.759060e+01,1.820595e+01,-1.185413e-01,1.301481e-01,4.225125e-01,1.430788e-01,-7.000000e-03,2.000000e-02,1.931138e-02,7.760000e+01,1.830000e+01,-1.096096e-01,9.398767e-03,9.405107e-02,8.931656e-03,7.892625e+01,3.051798e+02,2.366101e+01,6.237168e+01,8.108671e+01,3.070550e-01,1.927887e+00
2.517000e+03,7.758461e+01,1.836948e+01,-1.133167e-01,1.358442e-01,4.025125e-01,1.279444e-01,5.696095e-03,-2.000000e-02,-1.513450e-02,7.760000e+01,1.830000e+01,-1.096096e-01,1.538664e-02,-6.947913e-02,3.707090e-03,7.894164e+01,3.052493e+02,2.366472e+01,6.237192e+01,8.109154e+01,3.070687e-01,1.928548e+00
2.518000e+03,7.759084e+01,1.832134e+01,-1.191137e-01,1.288442e-01,3.825125e-01,1.439470e-01,-7.000000e-03,-2.000000e-02,1.600268e-02,7.760000e+01,1.830000e+01,-1.096096e-01,9.157310e-03,-2.134220e-02,9.504112e-03,7.895080e+01,3.052706e+02,2.367422e+01,6.237200e+01,8.109200e+01,3.071590e-01,1.929253e+00
2.519000e+03,7.759318e+01,1.808302e+01,-1.283038e-01,1.256185e-01,4.025125e-01,1.636844e-01,-3.225702e-03,2.000000e-02,1.973738e-02,7.760000e+01,1.830000e+01,-1.096096e-01,6.824978e-03,2.169789e-01,1.869419e-02,7.895762e+01,3.054876e+02,2.369292e+01,6.237205e+01,8.113908e+01,3.075085e-01,1.930053e+00
2.520000e+03,7.758483e+01,1.806375e+01,-1.218216e-01,1.326185e-01,4.225125e-01,1.444512e-01,7.000000e-03,2.000000e-02,-1.923323e-02,7.760000e+01,1.830000e+01,-1.096096e-01,1.517181e-02,2.362480e-01,1.221202e-02,7.897279e+01,3.057238e+02,2.370513e+01,6.237228e+01,8.119489e+01,3.076576e-01,1.930872e+00
2.521000e+03,7.758087e+01,1.824134e+01,-1.124942e-01,1.391860e-01,4.025125e-01,1.246583e-01,6.567532e-03,-2.000000e-02,-1.979291e-02,7.760000e+01,1.830000e+01,-1.096096e-01,1.913367e-02,5.866416e-02,2.884615e-03,7.899193e+01,3.057825e+02,2.370801e+01,6.237264e+01,8.119833e+01,3.076660e-01,1.931707e+00
2.522000e+03,7.759060e+01,1.820592e+01,-1.180267e-01,1.321860e-01,4.225125e-01,1.416671e-01,-7.000000e-03,2.000000e-02,1.700883e-02,7.760000e+01,1.830000e+01,-1.096096e-01,9.398521e-03,9.408395e-02,8.417059e-03,7.900132e+01,3.058766e+02,2.371643e+01,6.237273e+01,8.120718e+01,3.077368e-01,1.932446e+00
2.523000e+03,7.758666e+01,1.836945e+01,-1.127775e-01,1.333889e-01,4.025125e-01,1.268561e-01,1.202851e-03,-2.000000e-02,-1.481095e-02,7.760000e+01,1.830000e+01,-1.096096e-01,1.334050e-02,-6.944954e-02,3.167903e-03,7.901466e+01,3.059460e+02,2.371960e+01,6.237291e+01,8.121201e+01,3.077468e-01,1.933066e+00
2.524000e+03,7.759084e+01,1.832137e+01,-1.197335e-01,1.275846e-01,3.825125e-01,1.456502e-01,-5.804276e-03,-2.000000e-02,1.879409e-02,7.760000e+01,1.830000e+01,-1.096096e-01,9.160599e-03,-2.136865e-02,1.012392e-02,7.902383e+01,3.059674e+02,2.372972e+01,6.237299e+01,8.121246e+01,3.078493e-01,1.933853e+00
2.525000e+03,7.759178e+01,1.808304e+01,-1.286472e-01,1.272887e-01,4.025125e-01,1.642607e-01,-2.958835e-04,2.000000e-02,1.861042e-02,7.760000e+01,1.830000e+01,-1.096096e-01,8.217379e-03,2.169552e-01,1.903759e-02,7.903204e+01,3.061844e+02,2.374876e+01,6.237306e+01,8.125953e+01,3.082118e-01,1.934600e+00
2.526000e+03,7.758485e+01,1.806374e+01,-1.213978e-01,1.342887e-01,4.225125e-01,1.432967e-01,7.000000e-03,2.000000e-02,-2.096398e-02,7.760000e+01,1.830000e+01,-1.096096e-01,1.514549e-02,2.362627e-01,1.178821e-02,7.904719e+01,3.064206e+02,2.376055e+01,6.237329e+01,8.131535e+01,3.083507e-01,1.935488e+00
2.527000e+03,7.758257e+01,1.824132e+01,-1.120524e-01,1.371481e-01,4.025125e-01,1.237675e-01,2.859384e-03,-2.000000e-02,-1.952921e-02,7.760000e+01,1.830000e+01,-1.096096e-01,1.743102e-02,5.867670e-02,2.442813e-03,7.906462e+01,3.064793e+02,2.376299e+01,6.237360e+01,8.131879e+01,3.083567e-01,1.936278e+00
2.528000e+03,7.759060e+01,1.820595e+01,-1.185413e-01,1.301481e-01,4.225125e-01,1.430788e-01,-7.000000e-03,2.000000e-02,1.931138e-02,7.760000e+01,1.830000e+01,-1.096096e-01,9.398767e-03,9.405107e-02,8.931656e-03,7.907402e+01,3.065734e+02,2.377192e+01,6.237368e+01,8.132764e+01,3.084365e-01,1.937100e+00
2.529000e+03,7.758461e+01,1.836948e+01,-1.133167e-01,1.358442e-01,4.025125e-01,1.279444e-01,5.696095e-03,-2.000000e-02,-1.513450e-02,7.760000e+01,1.830000e+01,-1.096096e-01,1.538664e-02,-6.947913e-02,3.707090e-03,7.908940e+01,3.066428e+02,2.377563e+01,6.237392e+01,8.133247e+01,3.084502e-01,1.937761e+00
2.530000e+03,7.759084e+01,1.832134e+01,-1.191137e-01,1.288442e-01,3.825125e-01,1.439470e-01,-7.000000e-03,-2.000000e-02,1.600268e-02,7.760000e+01,1.830000e+01,-1.096096e-01,9.157310e-03,-2.134220e-02,9.504112e-03,7.909856e+01,3.066642e+02,2.378513e+01,6.237400e+01,8.133292e+01,3.085405e-01,1.938466e+00
2.531000e+03,7.759318e+01,1.808302e+01,-1.283038e-01,1.256185e-01,4.025125e-01,1.636844e-01,-3.225702e-03,2.000000e-02,1.973738e-02,7.760000e+01,1.830000e+01,-1.096096e-01,6.824978e-03,2.169789e-01,1.869419e-02,7.910539e+01,3.068812e+02,2.380383e+01,6.237405e+01,8.138000e+01,3.088900e-01,1.939266e+00
2.532000e+03,7.758483e+01,1.806375e+01,-1.218216e-01,1.326185e-01,4.225125e-01,1.444512e-01,7.000000e-03,2.000000e-02,-1.923323e-02,7.760000e+01,1.830000e+01,-1.096096e-01,1.517181e-02,2.362480e-01,1.221202e-02,7.912056e+01,3.071174e+02,2.381604e+01,6.237428e+01,8.143582e+01,3.090391e-01,1.940085e+00
2.533000e+03,7.758087e+01,1.824134e+01,-1.124942e-01,1.391860e-01,4.025125e-01,1.246583e-01,6.567532e-03,-2.000000e-02,-1.979291e-02,7.760000e+01,1.830000e+01,-1.096096e-01,1.913367e-02,5.866416e-02,2.884615e-03,7.913969e+01,3.071761e+02,2.381893e+01,6.237465e+01,8.143926e+01,3.090475e-01,1.940920e+00
2.534000e+03,7.759060e+01,1.820592e+01,-1.180267e-01,1.321860e-01,4.225125e-01,1.416671e-01,-7.000000e-03,2.000000e-02,1.700883e-02,7.760000e+01,1.830000e+01,-1.096096e-01,9.398521e-03,9.408395e-02,8.417059e-03,7.914909e+01,3.072702e+02,2.382734e+01,6.237474e+01,8.144811e+01,3.091183e-01,1.941658e+00
2.535000e+03,7.758666e+01,1.836945e+01,-1.127775e-01,1.333889e-01,4.025125e-01,1.268561e-01,1.202851e-03,-2.000000e-02,-1.481095e-02,7.760000e+01,1.830000e+01,-1.096096e-01,1.334050e-02,-6.944954e-02,3.167903e-03,7.916243e+01,3.073396e+02,2.383051e+01,6.237491e+01,8.145293e+01,3.091283e-01,1.942279e+00
2.536000e+03,7.759084e+01,1.832137e+01,-1.197335e-01,1.275846e-01,3.825125e-01,1.456502e-01,-5.804276e-03,-2.000000e-02,1.879409e-02,7.760000e+01,1.830000e+01,-1.096096e-01,9.160599e-03,-2.136865e-02,1.012392e-02,7.917159e+01,3.073610e+02,2.384063e+01,6.237500e+01,8.145339e+01,3.092308e-01,1.943066e+00
2.537000e+03,7.759178e+01,1.808304e+01,-1.286472e-01,1.272887e-01,4.025125e-01,1.642607e-01,-2.958835e-04,2.000000e-02,1.861042e-02,7.760000e+01,1.830000e+01,-1.096096e-01,8.217379e-03,2.169552e-01,1.903759e-02,7.917981e+01,3.075779e+02,2.385967e+01,6.237506e+01,8.150046e+01,3.095933e-01,1.943812e+00
2.538000e+03,7.758485e+01,1.806374e+01,-1.213978e-01,1.342887e-01,4.225125e-01,1.432967e-01,7.000000e-03,2.000000e-02,-2.096398e-02,7.760000e+01,1.830000e+01,-1.096096e-01,1.514549e-02,2.362627e-01,1.178821e-02,7.919495e+01,3.078142e+02,2.387146e+01,6.237529e+01,8.155628e+01,3.097322e-01,1.944701e+00
2.539000e+03,7.758257e+01,1.824132e+01,-1.120524e-01,1.371481e-01,4.025125e-01,1.237675e-01,2.859384e-03,-2.000000e-02,-1.952921e-02,7.760000e+01,1.830000e+01,-1.096096e-01,1.743102e-02,5.867670e-02,2.442813e-03,7.921239e+01,3.078729e+02,2.387390e+01,6.237560e+01,8.155972e+01,3.097382e-01,1.945491e+00
2.540000e+03,7.759060e+01,1.820595e+01,-1.185413e-01,1.301481e-01,4.225125e-01,1.430788e-01,-7.000000e-03,2.000000e-02,1.931138e-02,7.760000e+01,1.830000e+01,-1.096096e-01,9.398767e-03,9.405107e-02,8.931656e-03,7.922178e+01,3.079669e+02,2.388283e+01,6.237569e+01,8.156857e+01,3.098180e-01,1.946312e+00
2.541000e+03,7.758461e+01,1.836948e+01,-1.133167e-01,1.358442e-01,4.025125e-01,1.279444e-01,5.696095e-03,-2.000000e-02,-1.513450e-02,7.760000e+01,1.830000e+01,-1.096096e-01,1.538664e-02,-6.947913e-02,3.707090e-03,7.923717e+01,3.080364e+02,2.388654e+01,6.237592e+01,8.157340e+01,3.098317e-01,1.946974e+00
2.542000e+03,7.759084e+01,1.832134e+01,-1.191137e-01,1.288442e-01,3.825125e-01,1.439470e-01,-7.000000e-03,-2.000000e-02,1.600268e-02,7.760000e+01,1.830000e+01,-1.096096e-01,9.157310e-03,-2.134220e-02,9.504112e-03,7.924633e+01,3.080577e+02,2.389605e+01,6.237601e+01,8.157385e+01,3.099220e-01,1.947679e+00
2.543000e+03,7.759318e+01,1.808302e+01,-1.283038e-01,1.256185e-01,4.025125e-01,1.636844e-01,-3.225702e-03,2.000000e-02,1.973738e-02,7.760000e+01,1.830000e+01,-1.096096e-01,6.824978e-03,2.169789e-01,1.869419e-02,7.925315e+01,3.082747e+02,2.391474e+01,6.237605e+01,8.162093e+01,3.102715e-01,1.948479e+00
2.544000e+03,7.758483e+01,1.806375e+01,-1.218216e-01,1.326185e-01,4.225125e-01,1.444512e-01,7.000000e-03,2.000000e-02,-1.923323e-02,7.760000e+01,1.830000e+01,-1.096096e-01,1.517181e-02,2.362480e-01,1.221202e-02,7.926833e+01,3.085110e+02,2.392695e+01,6.237628e+01,8.167674e+01,3.104207e-01,1.949298e+00
2.545000e+03,7.758087e+01,1.824134e+01,-1.124942e-01,1.391860e-01,4.025125e-01,1.246583e-01,6.567532e-03,-2.000000e-02,-1.979291e-02,7.760000e+01,1.830000e+01,-1.096096e-01,1.913367e-02,5.866416e-02,2.884615e-03,7.928746e+01,3.085696e+02,2.392984e+01,6.237665e+01,8.168018e+01,3.104290e-01,1.950133e+00
2.546000e+03,7.759060e+01,1.820592e+01,-1.180267e-01,1.321860e-01,4.225125e-01,1.416671e-01,-7.000000e-03,2.000000e-02,1.700883e-02,7.760000e+01,1.830000e+01,-1.096096e-01,9.398521e-03,9.408395e-02,8.417059e-03,7.929686e+01,3.086637e+02,2.393825e+01,6.237674e+01,8.168904e+01,3.104998e-01,1.950871e+00
2.547000e+03,7.758666e+01,1.836945e+01,-1.127775e-01,1.333889e-01,4.025125e-01,1.268561e-01,1.202851e-03,-2.000000e-02,-1.481095e-02,7.760000e+01,1.830000e+01,-1.096096e-01,1.334050e-02,-6.944954e-02,3.167903e-03,7.931020e+01,3.087332e+02,2.394142e+01,6.237692e+01,8.169386e+01,3.105099e-01,1.951492e+00
2.548000e+03,7.759084e+01,1.832137e+01,-1.197335e-01,1.275846e-01,3.825125e-01,1.456502e-01,-5.804276e-03,-2.000000e-02,1.879409e-02,7.760000e+01,1.830000e+01,-1.096096e-01,9.160599e-03,-2.136865e-02,1.012392e-02,7.931936e+01,3.087545e+02,2.395155e+01,6.237700e+01,8.169432e+01,3.106123e-01,1.952279e+00
2.549000e+03,7.759178e+01,1.808304e+01,-1.286472e-01,1.272887e-01,4.025125e-01,1.642607e-01,-2.958835e-04,2.000000e-02,1.861042e-02,7.760000e+01,1.830000e+01,-1.096096e-01,8.217379e-03,2.169552e-01,1.903759e-02,7.932758e+01,3.089715e+02,2.397058e+01,6.237707e+01,8.174139e+01,3.109748e-01,1.953025e+00
2.550000e+03,7.758485e+01,1.806374e+01,-1.213978e-01,1.342887e-01,4.225125e-01,1.432967e-01,7.000000e-03,2.000000e-02,-2.096398e-02,7.760000e+01,1.830000e+01,-1.096096e-01,1.514549e-02,2.362627e-01,1.178821e-02,7.934272e+01,3.092077e+02,2.398237e+01,6.237730e+01,8.179721e+01,3.111137e-01,1.953914e+00
2.551000e+03,7.758257e+01,1.824132e+01,-1.120524e-01,1.371481e-01,4.025125e-01,1.237675e-01,2.859384e-03,-2.000000e-02,-1.952921e-02,7.760000e+01,1.830000e+01,-1.096096e-01,1.743102e-02,5.867670e-02,2.442813e-03,7.936015e+01,3.092664e+02,2.398481e+01,6.237760e+01,8.180065e+01,3.111197e-01,1.954703e+00
2.552000e+03,7.759060e+01,1.820595e+01,-1.185413e-01,1.301481e-01,4.225125e-01,1.430788e-01,-7.000000e-03,2.000000e-02,1.931138e-02,7.760000e+01,1.830000e+01,-1.096096e-01,9.398767e-03,9.405107e-02,8.931656e-03,7.936955e+01,3.093605e+02,2.399375e+01,6.237769e+01,8.180949e+01,3.111995e-01,1.955525e+00
2.553000e+03,7.758461e+01,1.836948e+01,-1.133167e-01,1.358442e-01,4.025125e-01,1.279444e-01,5.696095e-03,-2.000000e-02,-1.513450e-02,7.760000e+01,1.830000e+01,-1.096096e-01,1.538664e-02,-6.947913e-02,3.707090e-03,7.938494e+01,3.094300e+02,2.399745e+01,6.237793e+01,8.181432e+01,3.112132e-01,1.956187e+00
2.554000e+03,7.759084e+01,1.832134e+01,-1.191137e-01,1.288442e-01,3.825125e-01,1.439470e-01,-7.000000e-03,-2.000000e-02,1.600268e-02,7.760000e+01,1.830000e+01,-1.096096e-01,9.157310e-03,-2.134220e-02,9.504112e-03,7.939410e+01,3.094513e+02,2.400696e+01,6.237801e+01,8.181478e+01,3.113036e-01,1.956892e+00
2.555000e+03,7.759318e+01,1.808302e+01,-1.283038e-01,1.256185e-01,4.025125e-01,1.636844e-01,-3.225702e-03,2.000000e-02,1.973738e-02,7.760000e+01,1.830000e+01,-1.096096e-01,6.824978e-03,2.169789e-01,1.869419e-02,7.940092e+01,3.096683e+02,2.402565e+01,6.237806e+01,8.186186e+01,3.116530e-01,1.957692e+00
2.556000e+03,7.758483e+01,1.806375e+01,-1.218216e-01,1.326185e-01,4.225125e-01,1.444512e-01,7.000000e-03,2.000000e-02,-1.923323e-02,7.760000e+01,1.830000e+01,-1.096096e-01,1.517181e-02,2.362480e-01,1.221202e-02,7.941609e+01,3.099045e+02,2.403786e+01,6.237829e+01,8.191767e+01,3.118022e-01,1.958511e+00
2.557000e+03,7.758087e+01,1.824134e+01,-1.124942e-01,1.391860e-01,4.025125e-01,1.246583e-01,6.567532e-03,-2.000000e-02,-1.979291e-02,7.760000e+01,1.830000e+01,-1.096096e-01,1.913367e-02,5.866416e-02,2.884615e-03,7.943523e+01,3.099632e+02,2.404075e+01,6.237865e+01,8.192111e+01,3.118105e-01,1.959346e+00
2.558000e+03,7.759060e+01,1.820592e+01,-1.180267e-01,1.321860e-01,4.225125e-01,1.416671e-01,-7.000000e-03,2.000000e-02,1.700883e-02,7.760000e+01,1.830000e+01,-1.096096e-01,9.398521e-03,9.408395e-02,8.417059e-03,7.944462e+01,3.100573e+02,2.404917e+01,6.237874e+01,8.192996e+01,3.118813e-01,1.960084e+00
2.559000e+03,7.758666e+01,1.836945e+01,-1.127775e-01,1.333889e-01,4.025125e-01,1.268561e-01,1.202851e-03,-2.000000e-02,-1.481095e-02,7.760000e+01,1.830000e+01,-1.096096e-01,1.334050e-02,-6.944954e-02,3.167903e-03,7.945796e+01,3.101267e+02,2.405233e+01,6.237892e+01,8.193479e+01,3.118914e-01,1.960705e+00
2.560000e+03,7.759084e+01,1.832137e+01,-1.197335e-01,1.275846e-01,3.825125e-01,1.456502e-01,-5.804276e-03,-2.000000e-02,1.879409e-02,7.760000e+01,1.830000e+01,-1.096096e-01,9.160599e-03,-2.136865e-02,1.012392e-02,7.946713e+01,3.101481e+02,2.406246e+01,6.237900e+01,8.193524e+01,3.119939e-01,1.961492e+00
2.561000e+03,7.759178e+01,1.808304e+01,-1.286472e-01,1.272887e-01,4.025125e-01,1.642607e-01,-2.958835e-04,2.000000e-02,1.861042e-02,7.760000e+01,1.830000e+01,-1.096096e-01,8.217379e-03,2.169552e-01,1.903759e-02,7.947534e+01,3.103650e+02,2.408149e+01,6.237907e+01,8.198231e+01,3.123563e-01,1.962238e+00
2.562000e+03,7.758485e+01,1.806374e+01,-1.213978e-01,1.342887e-01,4.225125e-01,1.432967e-01,7.000000e-03,2.000000e-02,-2.096398e-02,7.760000e+01,1.830000e+01,-1.096096e-01,1.514549e-02,2.362627e-01,1.178821e-02,7.949049e+01,3.106013e+02,2.409328e+01,6.237930e+01,8.203813e+01,3.124952e-01,1.963127e+00
2.563000e+03,7.758257e+01,1.824132e+01,-1.120524e-01,1.371481e-01,4.025125e-01,1.237675e-01,2.859384e-03,-2.000000e-02,-1.952921e-02,7.760000e+01,1.830000e+01,-1.096096e-01,1.743102e-02,5.867670e-02,2.442813e-03,7.950792e+01,3.106600e+02,2.409573e+01,6.237960e+01,8.204158e+01,3.125012e-01,1.963916e+00
2.564000e+03,7.759060e+01,1.820595e+01,-1.185413e-01,1.301481e-01,4.225125e-01,1.430788e-01,-7.000000e-03,2.000000e-02,1.931138e-02,7.760000e+01,1.830000e+01,-1.096096e-01,9.398767e-03,9.405107e-02,8.931656e-03,7.951732e+01,3.107540e+02,2.410466e+01,6.237969e+01,8.205042e+01,3.125810e-01,1.964738e+00
2.565000e+03,7.758461e+01,1.836948e+01,-1.133167e-01,1.358442e-01,4.025125e-01,1.279444e-01,5.696095e-03,-2.000000e-02,-1.513450e-02,7.760000e+01,1.830000e+01,-1.096096e-01,1.538664e-02,-6.947913e-02,3.707090e-03,7.953270e+01,3.108235e+02,2.410836e+01,6.237993e+01,8.205525e+01,3.125947e-01,1.965400e+00
2.566000e+03,7.759084e+01,1.832134e+01,-1.191137e-01,1.288442e-01,3.825125e-01,1.439470e-01,-7.000000e-03,-2.000000e-02,1.600268e-02,7.760000e+01,1.830000e+01,-1.096096e-01,9.157310e-03,-2.134220e-02,9.504112e-03,7.954186e+01,3.108449e+02,2.411787e+01,6.238001e+01,8.205570e+01,3.126851e-01,1.966105e+00
2.567000e+03,7.759318e+01,1.808302e+01,-1.283038e-01,1.256185e-01,4.025125e-01,1.636844e-01,-3.225702e-03,2.000000e-02,1.973738e-02,7.760000e+01,1.830000e+01,-1.096096e-01,6.824978e-03,2.169789e-01,1.869419e-02,7.954869e+01,3.110618e+02,2.413656e+01,6.238006e+01,8.210278e+01,3.130345e-01,1.966905e+00
2.568000e+03,7.758483e+01,1.806375e+01,-1.218216e-01,1.326185e-01,4.225125e-01,1.444512e-01,7.000000e-03,2.000000e-02,-1.923323e-02,7.760000e+01,1.830000e+01,-1.096096e-01,1.517181e-02,2.362480e-01,1.221202e-02,7.956386e+01,3.112981e+02,2.414877e+01,6.238029e+01,8.215860e+01,3.131837e-01,1.967724e+00
2.569000e+03,7.758087e+01,1.824134e+01,-1.124942e-01,1.391860e-01,4.025125e-01,1.246583e-01,6.567532e-03,-2.000000e-02,-1.979291e-02,7.760000e+01,1.830000e+01,-1.096096e-01,1.913367e-02,5.866416e-02,2.884615e-03,7.958299e+01,3.113567e+02,2.415166e+01,6.238066e+01,8.216204e+01,3.131920e-01,1.968558e+00
2.570000e+03,7.759060e+01,1.820592e+01,-1.180267e-01,1.321860e-01,4.225125e-01,1.416671e-01,-7.000000e-03,2.000000e-02,1.700883e-02,7.760000e+01,1.830000e+01,-1.096096e-01,9.398521e-03,9.408395e-02,8.417059e-03,7.959239e+01,3.114508e+02,2.416008e+01,6.238074e+01,8.217089e+01,3.132628e-01,1.969297e+00
2.571000e+03,7.758666e+01,1.836945e+01,-1.127775e-01,1.333889e-01,4.025125e-01,1.268561e-01,1.202851e-03,-2.000000e-02,-1.481095e-02,7.760000e+01,1.830000e+01,-1.096096e-01,1.334050e-02,-6.944954e-02,3.167903e-03,7.960573e+01,3.115203e+02,2.416324e+01,6.238092e+01,8.217571e+01,3.132729e-01,1.969918e+00
2.572000e+03,7.759084e+01,1.832137e+01,-1.197335e-01,1.275846e-01,3.825125e-01,1.456502e-01,-5.804276e-03,-2.000000e-02,1.879409e-02,7.760000e+01,1.830000e+01,-1.096096e-01,9.160599e-03,-2.136865e-02,1.012392e-02,7.961489e+01,3.115417e+02,2.417337e+01,6.238101e+01,8.217617e+01,3.133754e-01,1.970704e+00
2.573000e+03,7.759178e+01,1.808304e+01,-1.286472e-01,1.272887e-01,4.025125e-01,1.642607e-01,-2.958835e-04,2.000000e-02,1.861042e-02,7.760000e+01,1.830000e+01,-1.096096e-01,8.217379e-03,2.169552e-01,1.903759e-02,7.962311e+01,3.117586e+02,2.419241e+01,6.238107e+01,8.222324e+01,3.137378e-01,1.971451e+00
2.574000e+03,7.758485e+01,1.806374e+01,-1.213978e-01,1.342887e-01,4.225125e-01,1.432967e-01,7.000000e-03,2.000000e-02,-2.096398e-02,7.760000e+01,1.830000e+01,-1.096096e-01,1.514549e-02,2.362627e-01,1.178821e-02,7.963826e+01,3.119949e+02,2.420419e+01,6.238130e+01,8.227906e+01,3.138768e-01,1.972339e+00
2.575000e+03,7.758257e+01,1.824132e+01,-1.120524e-01,1.371481e-01,4.025125e-01,1.237675e-01,2.859384e-03,-2.000000e-02,-1.952921e-02,7.760000e+01,1.830000e+01,-1.096096e-01,1.743102e-02,5.867670e-02,2.442813e-03,7.965569e+01,3.120535e+02,2.420664e+01,6.238161e+01,8.228250e+01,3.138827e-01,1.973129e+00
2.576000e+03,7.759060e+01,1.820595e+01,-1.185413e-01,1.301481e-01,4.225125e-01,1.430788e-01,-7.000000e-03,2.000000e-02,1.931138e-02,7.760000e+01,1.830000e+01,-1.096096e-01,9.398767e-03,9.405107e-02,8.931656e-03,7.966508e+01,3.121476e+02,2.421557e+01,6.238169e+01,8.229135e+01,3.139625e-01,1.973951e+00
2.577000e+03,7.758461e+01,1.836948e+01,-1.133167e-01,1.358442e-01,4.025125e-01,1.279444e-01,5.696095e-03,-2.000000e-02,-1.513450e-02,7.760000e+01,1.830000e+01,-1.096096e-01,1.538664e-02,-6.947913e-02,3.707090e-03,7.968047e+01,3.122171e+02,2.421928e+01,6.238193e+01,8.229618e+01,3.139762e-01,1.974612e+00
2.578000e+03,7.759084e+01,1.832134e+01,-1.191137e-01,1.288442e-01,3.825125e-01,1.439470e-01,-7.000000e-03,-2.000000e-02,1.600268e-02,7.760000e+01,1.830000e+01,-1.096096e-01,9.157310e-03,-2.134220e-02,9.504112e-03,7.968963e+01,3.122384e+02,2.422878e+01,6.238202e+01,8.229663e+01,3.140666e-01,1.975317e+00
2.579000e+03,7.759318e+01,1.808302e+01,-1.283038e-01,1.256185e-01,4.025125e-01,1.636844e-01,-3.225702e-03,2.000000e-02,1.973738e-02,7.760000e+01,1.830000e+01,-1.096096e-01,6.824978e-03,2.169789e-01,1.869419e-02,7.969645e+01,3.124554e+02,2.424747e+01,6.238206e+01,8.234371e+01,3.144160e-01,1.976117e+00
2.580000e+03,7.758483e+01,1.806375e+01,-1.218216e-01,1.326185e-01,4.225125e-01,1.444512e-01,7.000000e-03,2.000000e-02,-1.923323e-02,7.760000e+01,1.830000e+01,-1.096096e-01,1.517181e-02,2.362480e-01,1.221202e-02,7.971163e+01,3.126916e+02,2.425969e+01,6.238229e+01,8.239952e+01,3.145652e-01,1.976936e+00
2.581000e+03,7.758087e+01,1.824134e+01,-1.124942e-01,1.391860e-01,4.025125e-01,1.246583e-01,6.567532e-03,-2.000000e-02,-1.979291e-02,7.760000e+01,1.830000e+01,-1.096096e-01,1.913367e-02,5.866416e-02,2.884615e-03,7.973076e+01,3.127503e+02,2.426257e+01,6.238266e+01,8.240297e+01,3.145735e-01,1.977771e+00
2.582000e+03,7.759060e+01,1.820592e+01,-1.180267e-01,1.321860e-01,4.225125e-01,1.416671e-01,-7.000000e-03,2.000000e-02,1.700883e-02,7.760000e+01,1.830000e+01,-1.096096e-01,9.398521e-03,9.408395e-02,8.417059e-03,7.974016e+01,3.128444e+02,2.427099e+01,6.238275e+01,8.241182e+01,3.146443e-01,1.978510e+00
2.583000e+03,7.758666e+01,1.836945e+01,-1.127775e-01,1.333889e-01,4.025125e-01,1.268561e-01,1.202851e-03,-2.000000e-02,-1.481095e-02,7.760000e+01,1.830000e+01,-1.096096e-01,1.334050e-02,-6.944954e-02,3.167903e-03,7.975350e+01,3.129138e+02,2.427416e+01,6.238292e+01,8.241664e+01,3.146544e-01,1.979130e+00
2.584000e+03,7.759084e+01,1.832137e+01,-1.197335e-01,1.275846e-01,3.825125e-01,1.456502e-01,-5.804276e-03,-2.000000e-02,1.879409e-02,7.760000e+01,1.830000e+01,-1.096096e-01,9.160599e-03,-2.136865e-02,1.012392e-02,7.976266e+01,3.129352e+02,2.428428e+01,6.238301e+01,8.241710e+01,3.147569e-01,1.979917e+00
2.585000e+03,7.759178e+01,1.808304e+01,-1.286472e-01,1.272887e-01,4.025125e-01,1.642607e-01,-2.958835e-04,2.000000e-02,1.861042e-02,7.760000e+01,1.830000e+01,-1.096096e-01,8.217379e-03,2.169552e-01,1.903759e-02,7.977088e+01,3.131522e+02,2.430332e+01,6.238308e+01,8.246417e+01,3.151193e-01,1.980664e+00
2.586000e+03,7.758485e+01,1.806374e+01,-1.213978e-01,1.342887e-01,4.225125e-01,1.432967e-01,7.000000e-03,2.000000e-02,-2.096398e-02,7.760000e+01,1.830000e+01,-1.096096e-01,1.514549e-02,2.362627e-01,1.178821e-02,7.978602e+01,3.133884e+02,2.431510e+01,6.238331e+01,8.251999e+01,3.152583e-01,1.981552e+00
2.587000e+03,7.758257e+01,1.824132e+01,-1.120524e-01,1.371481e-01,4.025125e-01,1.237675e-01,2.859384e-03,-2.000000e-02,-1.952921e-02,7.760000e+01,1.830000e+01,-1.096096e-01,1.743102e-02,5.867670e-02,2.442813e-03,7.980345e+01,3.134471e+02,2.431755e+01,6.238361e+01,8.252343e+01,3.152642e-01,1.982342e+00
2.588000e+03,7.759060e+01,1.820595e+01,-1.185413e-01,1.301481e-01,4.225125e-01,1.430788e-01,-7.000000e-03,2.000000e-02,1.931138e-02,7.760000e+01,1.830000e+01,-1.096096e-01,9.398767e-03,9.405107e-02,8.931656e-03,7.981285e+01,3.135412e+02,2.432648e+01,6.238370e+01,8.253228e+01,3.153440e-01,1.983164e+00
2.589000e+03,7.758461e+01,1.836948e+01,-1.133167e-01,1.358442e-01,4.025125e-01,1.279444e-01,5.696095e-03,-2.000000e-02,-1.513450e-02,7.760000e+01,1.830000e+01,-1.096096e-01,1.538664e-02,-6.947913e-02,3.707090e-03,7.982824e+01,3.136106e+02,2.433019e+01,6.238393e+01,8.253710e+01,3.153577e-01,1.983825e+00
2.590000e+03,7.759084e+01,1.832134e+01,-1.191137e-01,1.288442e-01,3.825125e-01,1.439470e-01,-7.000000e-03,-2.000000e-02,1.600268e-02,7.760000e+01,1.830000e+01,-1.096096e-01,9.157310e-03,-2.134220e-02,9.504112e-03,7.983740e+01,3.136320e+02,2.433969e+01,6.238402e+01,8.253756e+01,3.154481e-01,1.984530e+00
2.591000e+03,7.759318e+01,1.808302e+01,-1.283038e-01,1.256185e-01,4.025125e-01,1.636844e-01,-3.225702e-03,2.000000e-02,1.973738e-02,7.760000e+01,1.830000e+01,-1.096096e-01,6.824978e-03,2.169789e-01,1.869419e-02,7.984422e+01,3.138490e+02,2.435838e+01,6.238406e+01,8.258464e+01,3.157975e-01,1.985330e+00
2.592000e+03,7.758483e+01,1.806375e+01,-1.218216e-01,1.326185e-01,4.225125e-01,1.444512e-01,7.000000e-03,2.000000e-02,-1.923323e-02,7.760000e+01,1.830000e+01,-1.096096e-01,1.517181e-02,2.362480e-01,1.221202e-02,7.985939e+01,3.140852e+02,2.437060e+01,6.238429e+01,8.264045e+01,3.159467e-01,1.986149e+00
2.593000e+03,7.758087e+01,1.824134e+01,-1.124942e-01,1.391860e-01,4.025125e-01,1.246583e-01,6.567532e-03,-2.000000e-02,-1.979291e-02,7.760000e+01,1.830000e+01,-1.096096e-01,1.913367e-02,5.866416e-02,2.884615e-03,7.987853e+01,3.141439e+02,2.437348e+01,6.238466e+01,8.264389e+01,3.159550e-01,1.986984e+00
2.594000e+03,7.759060e+01,1.820592e+01,-1.180267e-01,1.321860e-01,4.225125e-01,1.416671e-01,-7.000000e-03,2.000000e-02,1.700883e-02,7.760000e+01,1.830000e+01,-1.096096e-01,9.398521e-03,9.408395e-02,8.417059e-03,7.988792e+01,3.142380e+02,2.438190e+01,6.238475e+01,8.265275e+01,3.160259e-01,1.987722e+00
2.595000e+03,7.758666e+01,1.836945e+01,-1.127775e-01,1.333889e-01,4.025125e-01,1.268561e-01,1.202851e-03,-2.000000e-02,-1.481095e-02,7.760000e+01,1.830000e+01,-1.096096e-01,1.334050e-02,-6.944954e-02,3.167903e-03,7.990126e+01,3.143074e+02,2.438507e+01,6.238493e+01,8.265757e+01,3.160359e-01,1.988343e+00
2.596000e+03,7.759084e+01,1.832137e+01,-1.197335e-01,1.275846e-01,3.825125e-01,1.456502e-01,-5.804276e-03,-2.000000e-02,1.879409e-02,7.760000e+01,1.830000e+01,-1.096096e-01,9.160599e-03,-2.136865e-02,1.012392e-02,7.991043e+01,3.143288e+02,2.439519e+01,6.238501e+01,8.265803e+01,3.161384e-01,1.989130e+00
2.597000e+03,7.759178e+01,1.808304e+01,-1.286472e-01,1.272887e-01,4.025125e-01,1.642607e-01,-2.958835e-04,2.000000e-02,1.861042e-02,7.760000e+01,1.830000e+01,-1.096096e-01,8.217379e-03,2.169552e-01,1.903759e-02,7.991864e+01,3.145457e+02,2.441423e+01,6.238508e+01,8.270509e+01,3.165008e-01,1.989876e+00
2.598000e+03,7.758485e+01,1.806374e+01,-1.213978e-01,1.342887e-01,4.225125e-01,1.432967e-01,7.000000e-03,2.000000e-02,-2.096398e-02,7.760000e+01,1.830000e+01,-1.096096e-01,1.514549e-02,2.362627e-01,1.178821e-02,7.993379e+01,3.147820e+02,2.442602e+01,6.238531e+01,8.276091e+01,3.166398e-01,1.990765e+00
2.599000e+03,7.758257e+01,1.824132e+01,-1.120524e-01,1.371481e-01,4.025125e-01,1.237675e-01,2.859384e-03,-2.000000e-02,-1.952921e-02,7.760000e+01,1.830000e+01,-1.096096e-01,1.743102e-02,5.867670e-02,2.442813e-03,7.995122e+01,3.148407e+02,2.442846e+01,6.238561e+01,8.276436e+01,3.166457e-01,1.991555e+00
2.600000e+03,7.759060e+01,1.820595e+01,-1.185413e-01,1.301481e-01,4.225125e-01,1.430788e-01,-7.000000e-03,2.000000e-02,1.931138e-02,7.760000e+01,1.830000e+01,-1.096096e-01,9.398767e-03,9.405107e-02,8.931656e-03,7.996062e+01,3.149347e+02,2.443739e+01,6.238570e+01,8.277320e+01,3.167255e-01,1.992376e+00
2.601000e+03,7.758461e+01,1.836948e+01,-1.133167e-01,1.358442e-01,4.025125e-01,1.279444e-01,5.696095e-03,-2.000000e-02,-1.513450e-02,7.760000e+01,1.830000e+01,-1.096096e-01,1.538664e-02,-6.947913e-02,3.707090e-03,7.997600e+01,3.150042e+02,2.444110e+01,6.238594e+01,8.277803e+01,3.167393e-01,1.993038e+00
2.602000e+03,7.759084e+01,1.832134e+01,-1.191137e-01,1.288442e-01,3.825125e-01,1.439470e-01,-7.000000e-03,-2.000000e-02,1.600268e-02,7.760000e+01,1.830000e+01,-1.096096e-01,9.157310e-03,-2.134220e-02,9.504112e-03,7.998516e+01,3.150255e+02,2.445060e+01,6.238602e+01,8.277849e+01,3.168296e-01,1.993743e+00
2.603000e+03,7.759318e+01,1.808302e+01,-1.283038e-01,1.256185e-01,4.025125e-01,1.636844e-01,-3.225702e-03,2.000000e-02,1.973738e-02,7.760000e+01,1.830000e+01,-1.096096e-01,6.824978e-03,2.169789e-01,1.869419e-02,7.999199e+01,3.152425e+02,2.446930e+01,6.238607e+01,8.282557e+01,3.171791e-01,1.994543e+00
2.604000e+03,7.758483e+01,1.806375e+01,-1.218216e-01,1.326185e-01,4.225125e-01,1.444512e-01,7.000000e-03,2.000000e-02,-1.923323e-02,7.760000e+01,1.830000e+01,-1.096096e-01,1.517181e-02,2.362480e-01,1.221202e-02,8.000716e+01,3.154788e+02,2.448151e+01,6.238630e+01,8.288138e+01,3.173282e-01,1.995362e+00
2.605000e+03,7.758087e+01,1.824134e+01,-1.124942e-01,1.391860e-01,4.025125e-01,1.246583e-01,6.567532e-03,-2.000000e-02,-1.979291e-02,7.760000e+01,1.830000e+01,-1.096096e-01,1.913367e-02,5.866416e-02,2.884615e-03,8.002629e+01,3.155374e+02,2.448439e+01,6.238666e+01,8.288482e+01,3.173365e-01,1.996197e+00
2.606000e+03,7.759060e+01,1.820592e+01,-1.180267e-01,1.321860e-01,4.225125e-01,1.416671e-01,-7.000000e-03,2.000000e-02,1.700883e-02,7.760000e+01,1.830000e+01,-1.096096e-01,9.398521e-03,9.408395e-02,8.417059e-03,8.003569e+01,3.156315e+02,2.449281e+01,6.238675e+01,8.289367e+01,3.174074e-01,1.996935e+00
2.607000e+03,7.758666e+01,1.836945e+01,-1.127775e-01,1.333889e-01,4.025125e-01,1.268561e-01,1.202851e-03,-2.000000e-02,-1.481095e-02,7.760000e+01,1.830000e+01,-1.096096e-01,1.334050e-02,-6.944954e-02,3.167903e-03,8.004903e+01,3.157010e+02,2.449598e+01,6.238693e+01,8.289850e+01,3.174174e-01,1.997556e+00
2.608000e+03,7.759084e+01,1.832137e+01,-1.197335e-01,1.275846e-01,3.825125e-01,1.456502e-01,-5.804276e-03,-2.000000e-02,1.879409e-02,7.760000e+01,1.830000e+01,-1.096096e-01,9.160599e-03,-2.136865e-02,1.012392e-02,8.005819e+01,3.157223e+02,2.450610e+01,6.238701e+01,8.289895e+01,3.175199e-01,1.998343e+00
2.609000e+03,7.759178e+01,1.808304e+01,-1.286472e-01,1.272887e-01,4.025125e-01,1.642607e-01,-2.958835e-04,2.000000e-02,1.861042e-02,7.760000e+01,1.830000e+01,-1.096096e-01,8.217379e-03,2.169552e-01,1.903759e-02,8.006641e+01,3.159393e+02,2.452514e+01,6.238708e+01,8.294602e+01,3.178823e-01,1.999089e+00
2.610000e+03,7.758485e+01,1.806374e+01,-1.213978e-01,1.342887e-01,4.225125e-01,1.432967e-01,7.000000e-03,2.000000e-02,-2.096398e-02,7.760000e+01,1.830000e+01,-1.096096e-01,1.514549e-02,2.362627e-01,1.178821e-02,8.008156e+01,3.161756e+02,2.453693e+01,6.238731e+01,8.300184e+01,3.180213e-01,1.999978e+00
2.611000e+03,7.758257e+01,1.824132e+01,-1.120524e-01,1.371481e-01,4.025125e-01,1.237675e-01,2.859384e-03,-2.000000e-02,-1.952921e-02,7.760000e+01,1.830000e+01,-1.096096e-01,1.743102e-02,5.867670e-02,2.442813e-03,8.009899e+01,3.162342e+02,2.453937e+01,6.238761e+01,8.300528e+01,3.180272e-01,2.000767e+00
2.612000e+03,7.759060e+01,1.820595e+01,-1.185413e-01,1.301481e-01,4.225125e-01,1.430788e-01,-7.000000e-03,2.000000e-02,1.931138e-02,7.760000e+01,1.830000e+01,-1.096096e-01,9.398767e-03,9.405107e-02,8.931656e-03,8.010838e+01,3.163283e+02,2.454830e+01,6.238770e+01,8.301413e+01,3.181070e-01,2.001589e+00
2.613000e+03,7.758461e+01,1.836948e+01,-1.133167e-01,1.358442e-01,4.025125e-01,1.279444e-01,5.696095e-03,-2.000000e-02,-1.513450e-02,7.760000e+01,1.830000e+01,-1.096096e-01,1.538664e-02,-6.947913e-02,3.707090e-03,8.012377e+01,3.163978e+02,2.455201e+01,6.238794e+01,8.301896e+01,3.181208e-01,2.002251e+00
2.614000e+03,7.759084e+01,1.832134e+01,-1.191137e-01,1.288442e-01,3.825125e-01,1.439470e-01,-7.000000e-03,-2.000000e-02,1.600268e-02,7.760000e+01,1.830000e+01,-1.096096e-01,9.157310e-03,-2.134220e-02,9.504112e-03,8.013293e+01,3.164191e+02,2.456151e+01,6.238802e+01,8.301941e+01,3.182111e-01,2.002956e+00
2.615000e+03,7.759318e+01,1.808302e+01,-1.283038e-01,1.256185e-01,4.025125e-01,1.636844e-01,-3.225702e-03,2.000000e-02,1.973738e-02,7.760000e+01,1.830000e+01,-1.096096e-01,6.824978e-03,2.169789e-01,1.869419e-02,8.013975e+01,3.166361e+02,2.458021e+01,6.238807e+01,8.306649e+01,3.185606e-01,2.003756e+00
2.616000e+03,7.758483e+01,1.806375e+01,-1.218216e-01,1.326185e-01,4.225125e-01,1.444512e-01,7.000000e-03,2.000000e-02,-1.923323e-02,7.760000e+01,1.830000e+01,-1.096096e-01,1.517181e-02,2.362480e-01,1.221202e-02,8.015493e+01,3.168723e+02,2.459242e+01,6.238830e+01,8.312231e+01,3.187097e-01,2.004575e+00
2.617000e+03,7.758087e+01,1.824134e+01,-1.124942e-01,1.391860e-01,4.025125e-01,1.246583e-01,6.567532e-03,-2.000000e-02,-1.979291e-02,7.760000e+01,1.830000e+01,-1.096096e-01,1.913367e-02,5.866416e-02,2.884615e-03,8.017406e+01,3.169310e+02,2.459530e+01,6.238867e+01,8.312575e+01,3.187180e-01,2.005410e+00
2.618000e+03,7.759060e+01,1.820592e+01,-1.180267e-01,1.321860e-01,4.225125e-01,1.416671e-01,-7.000000e-03,2.000000e-02,1.700883e-02,7.760000e+01,1.830000e+01,-1.096096e-01,9.398521e-03,9.408395e-02,8.417059e-03,8.018346e+01,3.170251e+02,2.460372e+01,6.238875e+01,8.313460e+01,3.187889e-01,2.006148e+00
2.619000e+03,7.758666e+01,1.836945e+01,-1.127775e-01,1.333889e-01,4.025125e-01,1.268561e-01,1.202851e-03,-2.000000e-02,-1.481095e-02,7.760000e+01,1.830000e+01,-1.096096e-01,1.334050e-02,-6.944954e-02,3.167903e-03,8.019680e+01,3.170945e+02,2.460689e+01,6.238893e+01,8.313942e+01,3.187989e-01,2.006769e+00
2.620000e+03,7.759084e+01,1.832137e+01,-1.197335e-01,1.275846e-01,3.825125e-01,1.456502e-01,-5.804276e-03,-2.000000e-02,1.879409e-02,7.760000e+01,1.830000e+01,-1.096096e-01,9.160599e-03,-2.136865e-02,1.012392e-02,8.020596e+01,3.171159e+02,2.461701e+01,6.238902e+01,8.313988e+01,3.189014e-01,2.007556e+00
2.621000e+03,7.759178e+01,1.808304e+01,-1.286472e-01,1.272887e-01,4.025125e-01,1.642607e-01,-2.958835e-04,2.000000e-02,1.861042e-02,7.760000e+01,1.830000e+01,-1.096096e-01,8.217379e-03,2.169552e-01,1.903759e-02,8.021418e+01,3.173328e+02,2.463605e+01,6.238908e+01,8.318695e+01,3.192638e-01,2.008302e+00
2.622000e+03,7.758485e+01,1.806374e+01,-1.213978e-01,1.342887e-01,4.225125e-01,1.432967e-01,7.000000e-03,2.000000e-02,-2.096398e-02,7.760000e+01,1.830000e+01,-1.096096e-01,1.514549e-02,2.362627e-01,1.178821e-02,8.022932e+01,3.175691e+02,2.464784e+01,6.238931e+01,8.324277e+01,3.194028e-01,2.009191e+00
2.623000e+03,7.758257e+01,1.824132e+01,-1.120524e-01,1.371481e-01,4.025125e-01,1.237675e-01,2.859384e-03,-2.000000e-02,-1.952921e-02,7.760000e+01,1.830000e+01,-1.096096e-01,1.743102e-02,5.867670e-02,2.442813e-03,8.024675e+01,3.176278e+02,2.465028e+01,6.238962e+01,8.324621e+01,3.194088e-01,2.009980e+00
2.624000e+03,7.759060e+01,1.820595e+01,-1.185413e-01,1.301481e-01,4.225125e-01,1.430788e-01,-7.000000e-03,2.000000e-02,1.931138e-02,7.760000e+01,1.830000e+01,-1.096096e-01,9.398767e-03,9.405107e-02,8.931656e-03,8.025615e+01,3.177218e+02,2.465921e+01,6.238971e+01,8.325506e+01,3.194885e-01,2.010802e+00
2.625000e+03,7.758461e+01,1.836948e+01,-1.133167e-01,1.358442e-01,4.025125e-01,1.279444e-01,5.696095e-03,-2.000000e-02,-1.513450e-02,7.760000e+01,1.830000e+01,-1.096096e-01,1.538664e-02,-6.947913e-02,3.707090e-03,8.027154e+01,3.177913e+02,2.466292e+01,6.238994e+01,8.325988e+01,3.195023e-01,2.011464e+00
2.626000e+03,7.759084e+01,1.832134e+01,-1.191137e-01,1.288442e-01,3.825125e-01,1.439470e-01,-7.000000e-03,-2.000000e-02,1.600268e-02,7.760000e+01,1.830000e+01,-1.096096e-01,9.157310e-03,-2.134220e-02,9.504112e-03,8.028070e+01,3.178127e+02,2.467242e+01,6.239003e+01,8.326034e+01,3.195926e-01,2.012169e+00
2.627000e+03,7.759318e+01,1.808302e+01,-1.283038e-01,1.256185e-01,4.025125e-01,1.636844e-01,-3.225702e-03,2.000000e-02,1.973738e-02,7.760000e+01,1.830000e+01,-1.096096e-01,6.824978e-03,2.169789e-01,1.869419e-02,8.028752e+01,3.180296e+02,2.469112e+01,6.239007e+01,8.330742e+01,3.199421e-01,2.012969e+00
2.628000e+03,7.758483e+01,1.806375e+01,-1.218216e-01,1.326185e-01,4.225125e-01,1.444512e-01,7.000000e-03,2.000000e-02,-1.923323e-02,7.760000e+01,1.830000e+01,-1.096096e-01,1.517181e-02,2.362480e-01,1.221202e-02,8.030269e+01,3.182659e+02,2.470333e+01,6.239030e+01,8.336323e+01,3.200912e-01,2.013788e+00
2.629000e+03,7.758087e+01,1.824134e+01,-1.124942e-01,1.391860e-01,4.025125e-01,1.246583e-01,6.567532e-03,-2.000000e-02,-1.979291e-02,7.760000e+01,1.830000e+01,-1.096096e-01,1.913367e-02,5.866416e-02,2.884615e-03,8.032183e+01,3.183246e+02,2.470622e+01,6.239067e+01,8.336667e+01,3.200995e-01,2.014622e+00
2.630000e+03,7.759060e+01,1.820592e+01,-1.180267e-01,1.321860e-01,4.225125e-01,1.416671e-01,-7.000000e-03,2.000000e-02,1.700883e-02,7.760000e+01,1.830000e+01,-1.096096e-01,9.398521e-03,9.408395e-02,8.417059e-03,8.033122e+01,3.184186e+02,2.471463e+01,6.239076e+01,8.337553e+01,3.201704e-01,2.015361e+00
2.631000e+03,7.758666e+01,1.836945e+01,-1.127775e-01,1.333889e-01,4.025125e-01,1.268561e-01,1.202851e-03,-2.000000e-02,-1.481095e-02,7.760000e+01,1.830000e+01,-1.096096e-01,1.334050e-02,-6.944954e-02,3.167903e-03,8.034456e+01,3.184881e+02,2.471780e+01,6.239094e+01,8.338035e+01,3.201804e-01,2.015982e+00
2.632000e+03,7.759084e+01,1.832137e+01,-1.197335e-01,1.275846e-01,3.825125e-01,1.456502e-01,-5.804276e-03,-2.000000e-02,1.879409e-02,7.760000e+01,1.830000e+01,-1.096096e-01,9.160599e-03,-2.136865e-02,1.012392e-02,8.035373e+01,3.185095e+02,2.472792e+01,6.239102e+01,8.338081e+01,3.202829e-01,2.016768e+00
2.633000e+03,7.759178e+01,1.808304e+01,-1.286472e-01,1.272887e-01,4.025125e-01,1.642607e-01,-2.958835e-04,2.000000e-02,1.861042e-02,7.760000e+01,1.830000e+01,-1.096096e-01,8.217379e-03,2.169552e-01,1.903759e-02,8.036194e+01,3.187264e+02,2.474696e+01,6.239109e+01,8.342788e+01,3.206453e-01,2.017515e+00
2.634000e+03,7.758485e+01,1.806374e+01,-1.213978e-01,1.342887e-01,4.225125e-01,1.432967e-01,7.000000e-03,2.000000e-02,-2.096398e-02,7.760000e+01,1.830000e+01,-1.096096e-01,1.514549e-02,2.362627e-01,1.178821e-02,8.037709e+01,3.189627e+02,2.475875e+01,6.239132e+01,8.348370e+01,3.207843e-01,2.018403e+00
2.635000e+03,7.758257e+01,1.824132e+01,-1.120524e-01,1.371481e-01,4.025125e-01,1.237675e-01,2.859384e-03,-2.000000e-02,-1.952921e-02,7.760000e+01,1.830000e+01,-1.096096e-01,1.743102e-02,5.867670e-02,2.442813e-03,8.039452e+01,3.190213e+02,2.476119e+01,6.239162e+01,8.348714e+01,3.207903e-01,2.019193e+00
2.636000e+03,7.759060e+01,1.820595e+01,-1.185413e-01,1.301481e-01,4.225125e-01,1.430788e-01,-7.000000e-03,2.000000e-02,1.931138e-02,7.760000e+01,1.830000e+01,-1.096096e-01,9.398767e-03,9.405107e-02,8.931656e-03,8.040392e+01,3.191154e+02,2.477012e+01,6.239171e+01,8.349598e+01,3.208700e-01,2.020015e+00
2.637000e+03,7.758461e+01,1.836948e+01,-1.133167e-01,1.358442e-01,4.025125e-01,1.279444e-01,5.696095e-03,-2.000000e-02,-1.513450e-02,7.760000e+01,1.830000e+01,-1.096096e-01,1.538664e-02,-6.947913e-02,3.707090e-03,8.041930e+01,3.191849e+02,2.477383e+01,6.239195e+01,8.350081e+01,3.208838e-01,2.020676e+00
2.638000e+03,7.759084e+01,1.832134e+01,-1.191137e-01,1.288442e-01,3.825125e-01,1.439470e-01,-7.000000e-03,-2.000000e-02,1.600268e-02,7.760000e+01,1.830000e+01,-1.096096e-01,9.157310e-03,-2.134220e-02,9.504112e-03,8.042846e+01,3.192062e+02,2.478334e+01,6.239203e+01,8.350127e+01,3.209741e-01,2.021381e+00
2.639000e+03,7.759318e+01,1.808302e+01,-1.283038e-01,1.256185e-01,4.025125e-01,1.636844e-01,-3.225702e-03,2.000000e-02,1.973738e-02,7.760000e+01,1.830000e+01,-1.096096e-01,6.824978e-03,2.169789e-01,1.869419e-02,8.043529e+01,3.194232e+02,2.480203e+01,6.239208e+01,8.354835e+01,3.213236e-01,2.022181e+00
2.640000e+03,7.758483e+01,1.806375e+01,-1.218216e-01,1.326185e-01,4.225125e-01,1.444512e-01,7.000000e-03,2.000000e-02,-1.923323e-02,7.760000e+01,1.830000e+01,-1.096096e-01,1.517181e-02,2.362480e-01,1.221202e-02,8.045046e+01,3.196594e+02,2.481424e+01,6.239231e+01,8.360416e+01,3.214727e-01,2.023000e+00
2.641000e+03,7.758087e+01,1.824134e+01,-1.124942e-01,1.391860e-01,4.025125e-01,1.246583e-01,6.567532e-03,-2.000000e-02,-1.979291e-02,7.760000e+01,1.830000e+01,-1.096096e-01,1.913367e-02,5.866416e-02,2.884615e-03,8.046959e+01,3.197181e+02,2.481713e+01,6.239267e+01,8.360760e+01,3.214810e-01,2.023835e+00
2.642000e+03,7.759060e+01,1.820592e+01,-1.180267e-01,1.321860e-01,4.225125e-01,1.416671e-01,-7.000000e-03,2.000000e-02,1.700883e-02,7.760000e+01,1.830000e+01,-1.096096e-01,9.398521e-03,9.408395e-02,8.417059e-03,8.047899e+01,3.198122e+02,2.482554e+01,6.239276e+01,8.361645e+01,3.215519e-01,2.024574e+00
2.643000e+03,7.758666e+01,1.836945e+01,-1.127775e-01,1.333889e-01,4.025125e-01,1.268561e-01,1.202851e-03,-2.000000e-02,-1.481095e-02,7.760000e+01,1.830000e+01,-1.096096e-01,1.334050e-02,-6.944954e-02,3.167903e-03,8.049233e+01,3.198816e+02,2.482871e+01,6.239294e+01,8.362128e+01,3.215619e-01,2.025194e+00
2.644000e+03,7.759084e+01,1.832137e+01,-1.197335e-01,1.275846e-01,3.825125e-01,1.456502e-01,-5.804276e-03,-2.000000e-02,1.879409e-02,7.760000e+01,1.830000e+01,-1.096096e-01,9.160599e-03,-2.136865e-02,1.012392e-02,8.050149e+01,3.199030e+02,2.483884e+01,6.239302e+01,8.362173e+01,3.216644e-01,2.025981e+00
2.645000e+03,7.759178e+01,1.808304e+01,-1.286472e-01,1.272887e-01,4.025125e-01,1.642607e-01,-2.958835e-04,2.000000e-02,1.861042e-02,7.760000e+01,1.830000e+01,-1.096096e-01,8.217379e-03,2.169552e-01,1.903759e-02,8.050971e+01,3.201200e+02,2.485787e+01,6.239309e+01,8.366880e+01,3.220268e-01,2.026728e+00
2.646000e+03,7.758485e+01,1.806374e+01,-1.213978e-01,1.342887e-01,4.225125e-01,1.432967e-01,7.000000e-03,2.000000e-02,-2.096398e-02,7.760000e+01,1.830000e+01,-1.096096e-01,1.514549e-02,2.362627e-01,1.178821e-02,8.052486e+01,3.203562e+02,2.486966e+01,6.239332e+01,8.372462e+01,3.221658e-01,2.027616e+00
2.647000e+03,7.758257e+01,1.824132e+01,-1.120524e-01,1.371481e-01,4.025125e-01,1.237675e-01,2.859384e-03,-2.000000e-02,-1.952921e-02,7.760000e+01,1.830000e+01,-1.096096e-01,1.743102e-02,5.867670e-02,2.442813e-03,8.054229e+01,3.204149e+02,2.487210e+01,6.239362e+01,8.372807e+01,3.221718e-01,2.028406e+00
2.648000e+03,7.759060e+01,1.820595e+01,-1.185413e-01,1.301481e-01,4.225125e-01,1.430788e-01,-7.000000e-03,2.000000e-02,1.931138e-02,7.760000e+01,1.830000e+01,-1.096096e-01,9.398767e-03,9.405107e-02,8.931656e-03,8.055168e+01,3.205090e+02,2.488104e+01,6.239371e+01,8.373691e+01,3.222515e-01,2.029228e+00
2.649000e+03,7.758461e+01,1.836948e+01,-1.133167e-01,1.358442e-01,4.025125e-01,1.279444e-01,5.696095e-03,-2.000000e-02,-1.513450e-02,7.760000e+01,1.830000e+01,-1.096096e-01,1.538664e-02,-6.947913e-02,3.707090e-03,8.056707e+01,3.205784e+02,2.488474e+01,6.239395e+01,8.374174e+01,3.222653e-01,2.029889e+00
2.650000e+03,7.759084e+01,1.832134e+01,-1.191137e-01,1.288442e-01,3.825125e-01,1.439470e-01,-7.000000e-03,-2.000000e-02,1.600268e-02,7.760000e+01,1.830000e+01,-1.096096e-01,9.157310e-03,-2.134220e-02,9.504112e-03,8.057623e+01,3.205998e+02,2.489425e+01,6.239403e+01,8.374219e+01,3.223556e-01,2.030594e+00
2.651000e+03,7.759318e+01,1.808302e+01,-1.283038e-01,1.256185e-01,4.025125e-01,1.636844e-01,-3.225702e-03,2.000000e-02,1.973738e-02,7.760000e+01,1.830000e+01,-1.096096e-01,6.824978e-03,2.169789e-01,1.869419e-02,8.058305e+01,3.208168e+02,2.491294e+01,6.239408e+01,8.378927e+01,3.227051e-01,2.031394e+00
2.652000e+03,7.758483e+01,1.806375e+01,-1.218216e-01,1.326185e-01,4.225125e-01,1.444512e-01,7.000000e-03,2.000000e-02,-1.923323e-02,7.760000e+01,1.830000e+01,-1.096096e-01,1.517181e-02,2.362480e-01,1.221202e-02,8.059823e+01,3.210530e+02,2.492515e+01,6.239431e+01,8.384509e+01,3.228542e-01,2.032213e+00
2.653000e+03,7.758087e+01,1.824134e+01,-1.124942e-01,1.391860e-01,4.025125e-01,1.246583e-01,6.567532e-03,-2.000000e-02,-1.979291e-02,7.760000e+01,1.830000e+01,-1.096096e-01,1.913367e-02,5.866416e-02,2.884615e-03,8.061736e+01,3.211117e+02,2.492804e+01,6.239467e+01,8.384853e+01,3.228625e-01,2.033048e+00
2.654000e+03,7.759060e+01,1.820592e+01,-1.180267e-01,1.321860e-01,4.225125e-01,1.416671e-01,-7.000000e-03,2.000000e-02,1.700883e-02,7.760000e+01,1.830000e+01,-1.096096e-01,9.398521e-03,9.408395e-02,8.417059e-03,8.062676e+01,3.212058e+02,2.493645e+01,6.239476e+01,8.385738e+01,3.229334e-01,2.033786e+00
2.655000e+03,7.758666e+01,1.836945e+01,-1.127775e-01,1.333889e-01,4.025125e-01,1.268561e-01,1.202851e-03,-2.000000e-02,-1.481095e-02,7.760000e+01,1.830000e+01,-1.096096e-01,1.334050e-02,-6.944954e-02,3.167903e-03,8.064010e+01,3.212752e+02,2.493962e+01,6.239494e+01,8.386220e+01,3.229434e-01,2.034407e+00
2.656000e+03,7.759084e+01,1.832137e+01,-1.197335e-01,1.275846e-01,3.825125e-01,1.456502e-01,-5.804276e-03,-2.000000e-02,1.879409e-02,7.760000e+01,1.830000e+01,-1.096096e-01,9.160599e-03,-2.136865e-02,1.012392e-02,8.064926e+01,3.212966e+02,2.494975e+01,6.239502e+01,8.386266e+01,3.230459e-01,2.035194e+00
2.657000e+03,7.759178e+01,1.808304e+01,-1.286472e-01,1.272887e-01,4.025125e-01,1.642607e-01,-2.958835e-04,2.000000e-02,1.861042e-02,7.760000e+01,1.830000e+01,-1.096096e-01,8.217379e-03,2.169552e-01,1.903759e-02,8.065748e+01,3.215135e+02,2.496878e+01,6.239509e+01,8.390973e+01,3.234083e-01,2.035940e+00
2.658000e+03,7.758485e+01,1.806374e+01,-1.213978e-01,1.342887e-01,4.225125e-01,1.432967e-01,7.000000e-03,2.000000e-02,-2.096398e-02,7.760000e+01,1.830000e+01,-1.096096e-01,1.514549e-02,2.362627e-01,1.178821e-02,8.067262e+01,3.217498e+02,2.498057e+01,6.239532e+01,8.396555e+01,3.235473e-01,2.036829e+00
2.659000e+03,7.758257e+01,1.824132e+01,-1.120524e-01,1.371481e-01,4.025125e-01,1.237675e-01,2.859384e-03,-2.000000e-02,-1.952921e-02,7.760000e+01,1.830000e+01,-1.096096e-01,1.743102e-02,5.867670e-02,2.442813e-03,8.069005e+01,3.218085e+02,2.498301e+01,6.239563e+01,8.396899e+01,3.235533e-01,2.037619e+00
2.660000e+03,7.759060e+01,1.820595e+01,-1.185413e-01,1.301481e-01,4.225125e-01,1.430788e-01,-7.000000e-03,2.000000e-02,1.931138e-02,7.760000e+01,1.830000e+01,-1.096096e-01,9.398767e-03,9.405107e-02,8.931656e-03,8.069945e+01,3.219025e+02,2.499195e+01,6.239571e+01,8.397784e+01,3.236331e-01,2.038440e+00
2.661000e+03,7.758461e+01,1.836948e+01,-1.133167e-01,1.358442e-01,4.025125e-01,1.279444e-01,5.696095e-03,-2.000000e-02,-1.513450e-02,7.760000e+01,1.830000e+01,-1.096096e-01,1.538664e-02,-6.947913e-02,3.707090e-03,8.071484e+01,3.219720e+02,2.499565e+01,6.239595e+01,8.398267e+01,3.236468e-01,2.039102e+00
2.662000e+03,7.759084e+01,1.832134e+01,-1.191137e-01,1.288442e-01,3.825125e-01,1.439470e-01,-7.000000e-03,-2.000000e-02,1.600268e-02,7.760000e+01,1.830000e+01,-1.096096e-01,9.157310e-03,-2.134220e-02,9.504112e-03,8.072400e+01,3.219933e+02,2.500516e+01,6.239603e+01,8.398312e+01,3.237371e-01,2.039807e+00
2.663000e+03,7.759318e+01,1.808302e+01,-1.283038e-01,1.256185e-01,4.025125e-01,1.636844e-01,-3.225702e-03,2.000000e-02,1.973738e-02,7.760000e+01,1.830000e+01,-1.096096e-01,6.824978e-03,2.169789e-01,1.869419e-02,8.073082e+01,3.222103e+02,2.502385e+01,6.239608e+01,8.403020e+01,3.240866e-01,2.040607e+00
2.664000e+03,7.758483e+01,1.806375e+01,-1.218216e-01,1.326185e-01,4.225125e-01,1.444512e-01,7.000000e-03,2.000000e-02,-1.923323e-02,7.760000e+01,1.830000e+01,-1.096096e-01,1.517181e-02,2.362480e-01,1.221202e-02,8.074599e+01,3.224466e+02,2.503606e+01,6.239631e+01,8.408601e+01,3.242357e-01,2.041426e+00
2.665000e+03,7.758087e+01,1.824134e+01,-1.124942e-01,1.391860e-01,4.025125e-01,1.246583e-01,6.567532e-03,-2.000000e-02,-1.979291e-02,7.760000e+01,1.830000e+01,-1.096096e-01,1.913367e-02,5.866416e-02,2.884615e-03,8.076513e+01,3.225052e+02,2.503895e+01,6.239668e+01,8.408946e+01,3.242441e-01,2.042261e+00
2.666000e+03,7.759060e+01,1.820592e+01,-1.180267e-01,1.321860e-01,4.225125e-01,1.416671e-01,-7.000000e-03,2.000000e-02,1.700883e-02,7.760000e+01,1.830000e+01,-1.096096e-01,9.398521e-03,9.408395e-02,8.417059e-03,8.077452e+01,3.225993e+02,2.504737e+01,6.239677e+01,8.409831e+01,3.243149e-01,2.042999e+00
2.667000e+03,7.758666e+01,1.836945e+01,-1.127775e-01,1.333889e-01,4.025125e-01,1.268561e-01,1.202851e-03,-2.000000e-02,-1.481095e-02,7.760000e+01,1.830000e+01,-1.096096e-01,1.334050e-02,-6.944954e-02,3.167903e-03,8.078787e+01,3.226688e+02,2.505053e+01,6.239694e+01,8.410313e+01,3.243249e-01,2.043620e+00
2.668000e+03,7.759084e+01,1.832137e+01,-1.197335e-01,1.275846e-01,3.825125e-01,1.456502e-01,-5.804276e-03,-2.000000e-02,1.879409e-02,7.760000e+01,1.830000e+01,-1.096096e-01,9.160599e-03,-2.136865e-02,1.012392e-02,8.079703e+01,3.226901e+02,2.506066e+01,6.239703e+01,8.410359e+01,3.244274e-01,2.044407e+00
2.669000e+03,7.759178e+01,1.808304e+01,-1.286472e-01,1.272887e-01,4.025125e-01,1.642607e-01,-2.958835e-04,2.000000e-02,1.861042e-02,7.760000e+01,1.830000e+01,-1.096096e-01,8.217379e-03,2.169552e-01,1.903759e-02,8.080524e+01,3.229071e+02,2.507970e+01,6.239710e+01,8.415066e+01,3.247899e-01,2.045153e+00
2.670000e+03,7.758485e+01,1.806374e+01,-1.213978e-01,1.342887e-01,4.225125e-01,1.432967e-01,7.000000e-03,2.000000e-02,-2.096398e-02,7.760000e+01,1.830000e+01,-1.096096e-01,1.514549e-02,2.362627e-01,1.178821e-02,8.082039e+01,3.231434e+02,2.509148e+01,6.239732e+01,8.420648e+01,3.249288e-01,2.046042e+00
2.671000e+03,7.758257e+01,1.824132e+01,-1.120524e-01,1.371481e-01,4.025125e-01,1.237675e-01,2.859384e-03,-2.000000e-02,-1.952921e-02,7.760000e+01,1.830000e+01,-1.096096e-01,1.743102e-02,5.867670e-02,2.442813e-03,8.083782e+01,3.232020e+02,2.509393e+01,6.239763e+01,8.420992e+01,3.249348e-01,2.046831e+00
2.672000e+03,7.759060e+01,1.820595e+01,-1.185413e-01,1.301481e-01,4.225125e-01,1.430788e-01,-7.000000e-03,2.000000e-02,1.931138e-02,7.760000e+01,1.830000e+01,-1.096096e-01,9.398767e-03,9.405107e-02,8.931656e-03,8.084722e+01,3.232961e+02,2.510286e+01,6.239772e+01,8.421877e+01,3.250146e-01,2.047653e+00
2.673000e+03,7.758461e+01,1.836948e+01,-1.133167e-01,1.358442e-01,4.025125e-01,1.279444e-01,5.696095e-03,-2.000000e-02,-1.513450e-02,7.760000e+01,1.830000e+01,-1.096096e-01,1.538664e-02,-6.947913e-02,3.707090e-03,8.086260e+01,3.233656e+02,2.510656e+01,6.239795e+01,8.422359e+01,3.250283e-01,2.048315e+00
2.674000e+03,7.759084e+01,1.832134e+01,-1.191137e-01,1.288442e-01,3.825125e-01,1.439470e-01,-7.000000e-03,-2.000000e-02,1.600268e-02,7.760000e+01,1.830000e+01,-1.096096e-01,9.157310e-03,-2.134220e-02,9.504112e-03,8.087176e+01,3.233869e+02,2.511607e+01,6.239804e+01,8.422405e+01,3.251186e-01,2.049020e+00
2.675000e+03,7.759318e+01,1.808302e+01,-1.283038e-01,1.256185e-01,4.025125e-01,1.636844e-01,-3.225702e-03,2.000000e-02,1.973738e-02,7.760000e+01,1.830000e+01,-1.096096e-01,6.824978e-03,2.169789e-01,1.869419e-02,8.087859e+01,3.236039e+02,2.513476e+01,6.239808e+01,8.427113e+01,3.254681e-01,2.049820e+00
2.676000e+03,7.758483e+01,1.806375e+01,-1.218216e-01,1.326185e-01,4.225125e-01,1.444512e-01,7.000000e-03,2.000000e-02,-1.923323e-02,7.760000e+01,1.830000e+01,-1.096096e-01,1.517181e-02,2.362480e-01,1.221202e-02,8.089376e+01,3.238401e+02,2.514698e+01,6.239831e+01,8.432694e+01,3.256172e-01,2.050639e+00
2.677000e+03,7.758087e+01,1.824134e+01,-1.124942e-01,1.391860e-01,4.025125e-01,1.246583e-01,6.567532e-03,-2.000000e-02,-1.979291e-02,7.760000e+01,1.830000e+01,-1.096096e-01,1.913367e-02,5.866416e-02,2.884615e-03,8.091289e+01,3.238988e+02,2.514986e+01,6.239868e+01,8.433038e+01,3.256256e-01,2.051474e+00
2.678000e+03,7.759060e+01,1.820592e+01,-1.180267e-01,1.321860e-01,4.225125e-01,1.416671e-01,-7.000000e-03,2.000000e-02,1.700883e-02,7.760000e+01,1.830000e+01,-1.096096e-01,9.398521e-03,9.408395e-02,8.417059e-03,8.092229e+01,3.239929e+02,2.515828e+01,6.239877e+01,8.433924e+01,3.256964e-01,2.052212e+00
2.679000e+03,7.758666e+01,1.836945e+01,-1.127775e-01,1.333889e-01,4.025125e-01,1.268561e-01,1.202851e-03,-2.000000e-02,-1.481095e-02,7.760000e+01,1.830000e+01,-1.096096e-01,1.334050e-02,-6.944954e-02,3.167903e-03,8.093563e+01,3.240623e+02,2.516144e+01,6.239895e+01,8.434406e+01,3.257064e-01,2.052833e+00
2.680000e+03,7.759084e+01,1.832137e+01,-1.197335e-01,1.275846e-01,3.825125e-01,1.456502e-01,-5.804276e-03,-2.000000e-02,1.879409e-02,7.760000e+01,1.830000e+01,-1.096096e-01,9.160599e-03,-2.136865e-02,1.012392e-02,8.094479e+01,3.240837e+02,2.517157e+01,6.239903e+01,8.434452e+01,3.258089e-01,2.053620e+00
2.681000e+03,7.759178e+01,1.808304e+01,-1.286472e-01,1.272887e-01,4.025125e-01,1.642607e-01,-2.958835e-04,2.000000e-02,1.861042e-02,7.760000e+01,1.830000e+01,-1.096096e-01,8.217379e-03,2.169552e-01,1.903759e-02,8.095301e+01,3.243006e+02,2.519061e+01,6.239910e+01,8.439158e+01,3.261714e-01,2.054366e+00
2.682000e+03,7.758485e+01,1.806374e+01,-1.213978e-01,1.342887e-01,4.225125e-01,1.432967e-01,7.000000e-03,2.000000e-02,-2.096398e-02,7.760000e+01,1.830000e+01,-1.096096e-01,1.514549e-02,2.362627e-01,1.178821e-02,8.096816e+01,3.245369e+02,2.520239e+01,6.239933e+01,8.444740e+01,3.263103e-01,2.055255e+00
2.683000e+03,7.758257e+01,1.824132e+01,-1.120524e-01,1.371481e-01,4.025125e-01,1.237675e-01,2.859384e-03,-2.000000e-02,-1.952921e-02,7.760000e+01,1.830000e+01,-1.096096e-01,1.743102e-02,5.867670e-02,2.442813e-03,8.098559e+01,3.245956e+02,2.520484e+01,6.239963e+01,8.445085e+01,3.263163e-01,2.056044e+00
2.684000e+03,7.759060e+01,1.820595e+01,-1.185413e-01,1.301481e-01,4.225125e-01,1.430788e-01,-7.000000e-03,2.000000e-02,1.931138e-02,7.760000e+01,1.830000e+01,-1.096096e-01,9.398767e-03,9.405107e-02,8.931656e-03,8.099498e+01,3.246896e+02,2.521377e+01,6.239972e+01,8.445969e+01,3.263961e-01,2.056866e+00
2.685000e+03,7.758461e+01,1.836948e+01,-1.133167e-01,1.358442e-01,4.025125e-01,1.279444e-01,5.696095e-03,-2.000000e-02,-1.513450e-02,7.760000e+01,1.830000e+01,-1.096096e-01,1.538664e-02,-6.947913e-02,3.707090e-03,8.101037e+01,3.247591e+02,2.521748e+01,6.239996e+01,8.446452e+01,3.264098e-01,2.057528e+00
2.686000e+03,7.759084e+01,1.832134e+01,-1.191137e-01,1.288442e-01,3.825125e-01,1.439470e-01,-7.000000e-03,-2.000000e-02,1.600268e-02,7.760000e+01,1.830000e+01,-1.096096e-01,9.157310e-03,-2.134220e-02,9.504112e-03,8.101953e+01,3.247805e+02,2.522698e+01,6.240004e+01,8.446498e+01,3.265001e-01,2.058233e+00
2.687000e+03,7.759318e+01,1.808302e+01,-1.283038e-01,1.256185e-01,4.025125e-01,1.636844e-01,-3.225702e-03,2.000000e-02,1.973738e-02,7.760000e+01,1.830000e+01,-1.096096e-01,6.824978e-03,2.169789e-01,1.869419e-02,8.102635e+01,3.249974e+02,2.524567e+01,6.240009e+01,8.451206e+01,3.268496e-01,2.059033e+00
2.688000e+03,7.758483e+01,1.806375e+01,-1.218216e-01,1.326185e-01,4.225125e-01,1.444512e-01,7.000000e-03,2.000000e-02,-1.923323e-02,7.760000e+01,1.830000e+01,-1.096096e-01,1.517181e-02,2.362480e-01,1.221202e-02,8.104153e+01,3.252337e+02,2.525789e+01,6.240032e+01,8.456787e+01,3.269987e-01,2.059852e+00
2.689000e+03,7.758087e+01,1.824134e+01,-1.124942e-01,1.391860e-01,4.025125e-01,1.246583e-01,6.567532e-03,-2.000000e-02,-1.979291e-02,7.760000e+01,1.830000e+01,-1.096096e-01,1.913367e-02,5.866416e-02,2.884615e-03,8.106066e+01,3.252924e+02,2.526077e+01,6.240068e+01,8.457131e+01,3.270071e-01,2.060686e+00
2.690000e+03,7.759060e+01,1.820592e+01,-1.180267e-01,1.321860e-01,4.225125e-01,1.416671e-01,-7.000000e-03,2.000000e-02,1.700883e-02,7.760000e+01,1.830000e+01,-1.096096e-01,9.398521e-03,9.408395e-02,8.417059e-03,8.107006e+01,3.253864e+02,2.526919e+01,6.240077e+01,8.458016e+01,3.270779e-01,2.061425e+00
2.691000e+03,7.758666e+01,1.836945e+01,-1.127775e-01,1.333889e-01,4.025125e-01,1.268561e-01,1.202851e-03,-2.000000e-02,-1.481095e-02,7.760000e+01,1.830000e+01,-1.096096e-01,1.334050e-02,-6.944954e-02,3.167903e-03,8.108340e+01,3.254559e+02,2.527236e+01,6.240095e+01,8.458499e+01,3.270879e-01,2.062046e+00
2.692000e+03,7.759084e+01,1.832137e+01,-1.197335e-01,1.275846e-01,3.825125e-01,1.456502e-01,-5.804276e-03,-2.000000e-02,1.879409e-02,7.760000e+01,1.830000e+01,-1.096096e-01,9.160599e-03,-2.136865e-02,1.012392e-02,8.109256e+01,3.254773e+02,2.528248e+01,6.240103e+01,8.458544e+01,3.271904e-01,2.062832e+00
2.693000e+03,7.759178e+01,1.808304e+01,-1.286472e-01,1.272887e-01,4.025125e-01,1.642607e-01,-2.958835e-04,2.000000e-02,1.861042e-02,7.760000e+01,1.830000e+01,-1.096096e-01,8.217379e-03,2.169552e-01,1.903759e-02,8.110078e+01,3.256942e+02,2.530152e+01,6.240110e+01,8.463251e+01,3.275529e-01,2.063579e+00
2.694000e+03,7.758485e+01,1.806374e+01,-1.213978e-01,1.342887e-01,4.225125e-01,1.432967e-01,7.000000e-03,2.000000e-02,-2.096398e-02,7.760000e+01,1.830000e+01,-1.096096e-01,1.514549e-02,2.362627e-01,1.178821e-02,8.111592e+01,3.259305e+02,2.531331e+01,6.240133e+01,8.468833e+01,3.276918e-01,2.064467e+00
2.695000e+03,7.758257e+01,1.824132e+01,-1.120524e-01,1.371481e-01,4.025125e-01,1.237675e-01,2.859384e-03,-2.000000e-02,-1.952921e-02,7.760000e+01,1.830000e+01,-1.096096e-01,1.743102e-02,5.867670e-02,2.442813e-03,8.113335e+01,3.259891e+02,2.531575e+01,6.240163e+01,8.469177e+01,3.276978e-01,2.065257e+00
2.696000e+03,7.759060e+01,1.820595e+01,-1.185413e-01,1.301481e-01,4.225125e-01,1.430788e-01,-7.000000e-03,2.000000e-02,1.931138e-02,7.760000e+01,1.830000e+01,-1.096096e-01,9.398767e-03,9.405107e-02,8.931656e-03,8.114275e+01,3.260832e+02,2.532468e+01,6.240172e+01,8.470062e+01,3.277776e-01,2.066079e+00
2.697000e+03,7.758461e+01,1.836948e+01,-1.133167e-01,1.358442e-01,4.025125e-01,1.279444e-01,5.696095e-03,-2.000000e-02,-1.513450e-02,7.760000e+01,1.830000e+01,-1.096096e-01,1.538664e-02,-6.947913e-02,3.707090e-03,8.115814e+01,3.261527e+02,2.532839e+01,6.240196e+01,8.470545e+01,3.277913e-01,2.066740e+00
2.698000e+03,7.759084e+01,1.832134e+01,-1.191137e-01,1.288442e-01,3.825125e-01,1.439470e-01,-7.000000e-03,-2.000000e-02,1.600268e-02,7.760000e+01,1.830000e+01,-1.096096e-01,9.157310e-03,-2.134220e-02,9.504112e-03,8.116730e+01,3.261740e+02,2.533789e+01,6.240204e+01,8.470590e+01,3.278816e-01,2.067445e+00
2.699000e+03,7.759318e+01,1.808302e+01,-1.283038e-01,1.256185e-01,4.025125e-01,1.636844e-01,-3.225702e-03,2.000000e-02,1.973738e-02,7.760000e+01,1.830000e+01,-1.096096e-01,6.824978e-03,2.169789e-01,1.869419e-02,8.117412e+01,3.263910e+02,2.535659e+01,6.240209e+01,8.475298e+01,3.282311e-01,2.068245e+00
2.700000e+03,7.758483e+01,1.806375e+01,-1.218216e-01,1.326185e-01,4.225125e-01,1.444512e-01,7.000000e-03,2.000000e-02,-1.923323e-02,7.760000e+01,1.830000e+01,-1.096096e-01,1.517181e-02,2.362480e-01,1.221202e-02,8.118929e+01,3.266272e+02,2.536880e+01,6.240232e+01,8.480880e+01,3.283803e-01,2.069064e+00
2.701000e+03,7.758087e+01,1.824134e+01,-1.124942e-01,1.391860e-01,4.025125e-01,1.246583e-01,6.567532e-03,-2.000000e-02,-1.979291e-02,7.760000e+01,1.830000e+01,-1.096096e-01,1.913367e-02,5.866416e-02,2.884615e-03,8.120843e+01,3.266859e+02,2.537168e+01,6.240269e+01,8.481224e+01,3.283886e-01,2.069899e+00
2.702000e+03,7.759060e+01,1.820592e+01,-1.180267e-01,1.321860e-01,4.225125e-01,1.416671e-01,-7.000000e-03,2.000000e-02,1.700883e-02,7.760000e+01,1.830000e+01,-1.096096e-01,9.398521e-03,9.408395e-02,8.417059e-03,8.121782e+01,3.267800e+02,2.538010e+01,6.240277e+01,8.482109e+01,3.284594e-01,2.070638e+00
2.703000e+03,7.758666e+01,1.836945e+01,-1.127775e-01,1.333889e-01,4.025125e-01,1.268561e-01,1.202851e-03,-2.000000e-02,-1.481095e-02,7.760000e+01,1.830000e+01,-1.096096e-01,1.334050e-02,-6.944954e-02,3.167903e-03,8.123117e+01,3.268494e+02,2.538327e+01,6.240295e+01,8.482591e+01,3.284695e-01,2.071258e+00
2.704000e+03,7.759084e+01,1.832137e+01,-1.197335e-01,1.275846e-01,3.825125e-01,1.456502e-01,-5.804276e-03,-2.000000e-02,1.879409e-02,7.760000e+01,1.830000e+01,-1.096096e-01,9.160599e-03,-2.136865e-02,1.012392e-02,8.124033e+01,3.268708e+02,2.539339e+01,6.240304e+01,8.482637e+01,3.285719e-01,2.072045e+00
2.705000e+03,7.759178e+01,1.808304e+01,-1.286472e-01,1.272887e-01,4.025125e-01,1.642607e-01,-2.958835e-04,2.000000e-02,1.861042e-02,7.760000e+01,1.830000e+01,-1.096096e-01,8.217379e-03,2.169552e-01,1.903759e-02,8.124854e+01,3.270878e+02,2.541243e+01,6.240310e+01,8.487344e+01,3.289344e-01,2.072792e+00
2.706000e+03,7.758485e+01,1.806374e+01,-1.213978e-01,1.342887e-01,4.225125e-01,1.432967e-01,7.000000e-03,2.000000e-02,-2.096398e-02,7.760000e+01,1.830000e+01,-1.096096e-01,1.514549e-02,2.362627e-01,1.178821e-02,8.126369e+01,3.273240e+02,2.542422e+01,6.240333e+01,8.492926e+01,3.290733e-01,2.073680e+00
2.707000e+03,7.758257e+01,1.824132e+01,-1.120524e-01,1.371481e-01,4.025125e-01,1.237675e-01,2.859384e-03,-2.000000e-02,-1.952921e-02,7.760000e+01,1.830000e+01,-1.096096e-01,1.743102e-02,5.867670e-02,2.442813e-03,8.128112e+01,3.273827e+02,2.542666e+01,6.240364e+01,8.493270e+01,3.290793e-01,2.074470e+00
2.708000e+03,7.759060e+01,1.820595e+01,-1.185413e-01,1.301481e-01,4.225125e-01,1.430788e-01,-7.000000e-03,2.000000e-02,1.931138e-02,7.760000e+01,1.830000e+01,-1.096096e-01,9.398767e-03,9.405107e-02,8.931656e-03,8.129052e+01,3.274768e+02,2.543559e+01,6.240373e+01,8.494155e+01,3.291591e-01,2.075292e+00
2.709000e+03,7.758461e+01,1.836948e+01,-1.133167e-01,1.358442e-01,4.025125e-01,1.279444e-01,5.696095e-03,-2.000000e-02,-1.513450e-02,7.760000e+01,1.830000e+01,-1.096096e-01,1.538664e-02,-6.947913e-02,3.707090e-03,8.130590e+01,3.275462e+02,2.543930e+01,6.240396e+01,8.494637e+01,3.291728e-01,2.075953e+00
2.710000e+03,7.759084e+01,1.832134e+01,-1.191137e-01,1.288442e-01,3.825125e-01,1.439470e-01,-7.000000e-03,-2.000000e-02,1.600268e-02,7.760000e+01,1.830000e+01,-1.096096e-01,9.157310e-03,-2.134220e-02,9.504112e-03,8.131506e+01,3.275676e+02,2.544880e+01,6.240405e+01,8.494683e+01,3.292632e-01,2.076658e+00
2.711000e+03,7.759318e+01,1.808302e+01,-1.283038e-01,1.256185e-01,4.025125e-01,1.636844e-01,-3.225702e-03,2.000000e-02,1.973738e-02,7.760000e+01,1.830000e+01,-1.096096e-01,6.824978e-03,2.169789e-01,1.869419e-02,8.132189e+01,3.277846e+02,2.546750e+01,6.240409e+01,8.499391e+01,3.296126e-01,2.077458e+00
2.712000e+03,7.758483e+01,1.806375e+01,-1.218216e-01,1.326185e-01,4.225125e-01,1.444512e-01,7.000000e-03,2.000000e-02,-1.923323e-02,7.760000e+01,1.830000e+01,-1.096096e-01,1.517181e-02,2.362480e-01,1.221202e-02,8.133706e+01,3.280208e+02,2.547971e+01,6.240432e+01,8.504972e+01,3.297618e-01,2.078277e+00
2.713000e+03,7.758087e+01,1.824134e+01,-1.124942e-01,1.391860e-01,4.025125e-01,1.246583e-01,6.567532e-03,-2.000000e-02,-1.979291e-02,7.760000e+01,1.830000e+01,-1.096096e-01,1.913367e-02,5.866416e-02,2.884615e-03,8.135619e+01,3.280795e+02,2.548259e+01,6.240469e+01,8.505316e+01,3.297701e-01,2.079112e+00
2.714000e+03,7.759060e+01,1.820592e+01,-1.180267e-01,1.321860e-01,4.225125e-01,1.416671e-01,-7.000000e-03,2.000000e-02,1.700883e-02,7.760000e+01,1.830000e+01,-1.096096e-01,9.398521e-03,9.408395e-02,8.417059e-03,8.136559e+01,3.281736e+02,2.549101e+01,6.240478e+01,8.506202e+01,3.298409e-01,2.079850e+00
2.715000e+03,7.758666e+01,1.836945e+01,-1.127775e-01,1.333889e-01,4.025125e-01,1.268561e-01,1.202851e-03,-2.000000e-02,-1.481095e-02,7.760000e+01,1.830000e+01,-1.096096e-01,1.334050e-02,-6.944954e-02,3.167903e-03,8.137893e+01,3.282430e+02,2.549418e+01,6.240495e+01,8.506684e+01,3.298510e-01,2.080471e+00
2.716000e+03,7.759084e+01,1.832137e+01,-1.197335e-01,1.275846e-01,3.825125e-01,1.456502e-01,-5.804276e-03,-2.000000e-02,1.879409e-02,7.760000e+01,1.830000e+01,-1.096096e-01,9.160599e-03,-2.136865e-02,1.012392e-02,8.138809e+01,3.282644e+02,2.550430e+01,6.240504e+01,8.506730e+01,3.299535e-01,2.081258e+00
2.717000e+03,7.759178e+01,1.808304e+01,-1.286472e-01,1.272887e-01,4.025125e-01,1.642607e-01,-2.958835e-04,2.000000e-02,1.861042e-02,7.760000e+01,1.830000e+01,-1.096096e-01,8.217379e-03,2.169552e-01,1.903759e-02,8.139631e+01,3.284813e+02,2.552334e+01,6.240511e+01,8.511437e+01,3.303159e-01,2.082004e+00
2.718000e+03,7.758485e+01,1.806374e+01,-1.213978e-01,1.342887e-01,4.225125e-01,1.432967e-01,7.000000e-03,2.000000e-02,-2.096398e-02,7.760000e+01,1.830000e+01,-1.096096e-01,1.514549e-02,2.362627e-01,1.178821e-02,8.141146e+01,3.287176e+02,2.553513e+01,6.240534e+01,8.517019e+01,3.304548e-01,2.082893e+00
2.719000e+03,7.758257e+01,1.824132e+01,-1.120524e-01,1.371481e-01,4.025125e-01,1.237675e-01,2.859384e-03,-2.000000e-02,-1.952921e-02,7.760000e+01,1.830000e+01,-1.096096e-01,1.743102e-02,5.867670e-02,2.442813e-03,8.142889e+01,3.287763e+02,2.553757e+01,6.240564e+01,8.517363e+01,3.304608e-01,2.083683e+00
2.720000e+03,7.759060e+01,1.820595e+01,-1.185413e-01,1.301481e-01,4.225125e-01,1.430788e-01,-7.000000e-03,2.000000e-02,1.931138e-02,7.760000e+01,1.830000e+01,-1.096096e-01,9.398767e-03,9.405107e-02,8.931656e-03,8.143829e+01,3.288703e+02,2.554650e+01,6.240573e+01,8.518247e+01,3.305406e-01,2.084504e+00
2.721000e+03,7.758461e+01,1.836948e+01,-1.133167e-01,1.358442e-01,4.025125e-01,1.279444e-01,5.696095e-03,-2.000000e-02,-1.513450e-02,7.760000e+01,1.830000e+01,-1.096096e-01,1.538664e-02,-6.947913e-02,3.707090e-03,8.145367e+01,3.289398e+02,2.555021e+01,6.240596e+01,8.518730e+01,3.305543e-01,2.085166e+00
2.722000e+03,7.759084e+01,1.832134e+01,-1.191137e-01,1.288442e-01,3.825125e-01,1.439470e-01,-7.000000e-03,-2.000000e-02,1.600268e-02,7.760000e+01,1.830000e+01,-1.096096e-01,9.157310e-03,-2.134220e-02,9.504112e-03,8.146283e+01,3.289611e+02,2.555971e+01,6.240605e+01,8.518776e+01,3.306447e-01,2.085871e+00
2.723000e+03,7.759318e+01,1.808302e+01,-1.283038e-01,1.256185e-01,4.025125e-01,1.636844e-01,-3.225702e-03,2.000000e-02,1.973738e-02,7.760000e+01,1.830000e+01,-1.096096e-01,6.824978e-03,2.169789e-01,1.869419e-02,8.146965e+01,3.291781e+02,2.557841e+01,6.240609e+01,8.523484e+01,3.309941e-01,2.086671e+00
2.724000e+03,7.758483e+01,1.806375e+01,-1.218216e-01,1.326185e-01,4.225125e-01,1.444512e-01,7.000000e-03,2.000000e-02,-1.923323e-02,7.760000e+01,1.830000e+01,-1.096096e-01,1.517181e-02,2.362480e-01,1.221202e-02,8.148483e+01,3.294144e+02,2.559062e+01,6.240633e+01,8.529065e+01,3.311433e-01,2.087490e+00
2.725000e+03,7.758087e+01,1.824134e+01,-1.124942e-01,1.391860e-01,4.025125e-01,1.246583e-01,6.567532e-03,-2.000000e-02,-1.979291e-02,7.760000e+01,1.830000e+01,-1.096096e-01,1.913367e-02,5.866416e-02,2.884615e-03,8.150396e+01,3.294730e+02,2.559350e+01,6.240669e+01,8.529409e+01,3.311516e-01,2.088325e+00
2.726000e+03,7.759060e+01,1.820592e+01,-1.180267e-01,1.321860e-01,4.225125e-01,1.416671e-01,-7.000000e-03,2.000000e-02,1.700883e-02,7.760000e+01,1.830000e+01,-1.096096e-01,9.398521e-03,9.408395e-02,8.417059e-03,8.151336e+01,3.295671e+02,2.560192e+01,6.240678e+01,8.530294e+01,3.312224e-01,2.089063e+00
2.727000e+03,7.758666e+01,1.836945e+01,-1.127775e-01,1.333889e-01,4.025125e-01,1.268561e-01,1.202851e-03,-2.000000e-02,-1.481095e-02,7.760000e+01,1.830000e+01,-1.096096e-01,1.334050e-02,-6.944954e-02,3.167903e-03,8.152670e+01,3.296366e+02,2.560509e+01,6.240696e+01,8.530777e+01,3.312325e-01,2.089684e+00
2.728000e+03,7.759084e+01,1.832137e+01,-1.197335e-01,1.275846e-01,3.825125e-01,1.456502e-01,-5.804276e-03,-2.000000e-02,1.879409e-02,7.760000e+01,1.830000e+01,-1.096096e-01,9.160599e-03,-2.136865e-02,1.012392e-02,8.153586e+01,3.296579e+02,2.561521e+01,6.240704e+01,8.530822e+01,3.313350e-01,2.090471e+00
2.729000e+03,7.759178e+01,1.808304e+01,-1.286472e-01,1.272887e-01,4.025125e-01,1.642607e-01,-2.958835e-04,2.000000e-02,1.861042e-02,7.760000e+01,1.830000e+01,-1.096096e-01,8.217379e-03,2.169552e-01,1.903759e-02,8.154408e+01,3.298749e+02,2.563425e+01,6.240711e+01,8.535529e+01,3.316974e-01,2.091217e+00
2.730000e+03,7.758485e+01,1.806374e+01,-1.213978e-01,1.342887e-01,4.225125e-01,1.432967e-01,7.000000e-03,2.000000e-02,-2.096398e-02,7.760000e+01,1.830000e+01,-1.096096e-01,1.514549e-02,2.362627e-01,1.178821e-02,8.155922e+01,3.301112e+02,2.564604e+01,6.240734e+01,8.541111e+01,3.318364e-01,2.092106e+00
2.731000e+03,7.758257e+01,1.824132e+01,-1.120524e-01,1.371481e-01,4.025125e-01,1.237675e-01,2.859384e-03,-2.000000e-02,-1.952921e-02,7.760000e+01,1.830000e+01,-1.096096e-01,1.743102e-02,5.867670e-02,2.442813e-03,8.157665e+01,3.301698e+02,2.564848e+01,6.240764e+01,8.541456e+01,3.318423e-01,2.092895e+00
2.732000e+03,7.759060e+01,1.820595e+01,-1.185413e-01,1.301481e-01,4.225125e-01,1.430788e-01,-7.000000e-03,2.000000e-02,1.931138e-02,7.760000e+01,1.830000e+01,-1.096096e-01,9.398767e-03,9.405107e-02,8.931656e-03,8.158605e+01,3.302639e+02,2.565741e+01,6.240773e+01,8.542340e+01,3.319221e-01,2.093717e+00
2.733000e+03,7.758461e+01,1.836948e+01,-1.133167e-01,1.358442e-01,4.025125e-01,1.279444e-01,5.696095e-03,-2.000000e-02,-1.513450e-02,7.760000e+01,1.830000e+01,-1.096096e-01,1.538664e-02,-6.947913e-02,3.707090e-03,8.160144e+01,3.303334e+02,2.566112e+01,6.240797e+01,8.542823e+01,3.319358e-01,2.094379e+00
2.734000e+03,7.759084e+01,1.832134e+01,-1.191137e-01,1.288442e-01,3.825125e-01,1.439470e-01,-7.000000e-03,-2.000000e-02,1.600268e-02,7.760000e+01,1.830000e+01,-1.096096e-01,9.157310e-03,-2.134220e-02,9.504112e-03,8.161060e+01,3.303547e+02,2.567062e+01,6.240805e+01,8.542868e+01,3.320262e-01,2.095084e+00
2.735000e+03,7.759318e+01,1.808302e+01,-1.283038e-01,1.256185e-01,4.025125e-01,1.636844e-01,-3.225702e-03,2.000000e-02,1.973738e-02,7.760000e+01,1.830000e+01,-1.096096e-01,6.824978e-03,2.169789e-01,1.869419e-02,8.161742e+01,3.305717e+02,2.568932e+01,6.240810e+01,8.547576e+01,3.323756e-01,2.095884e+00
2.736000e+03,7.758483e+01,1.806375e+01,-1.218216e-01,1.326185e-01,4.225125e-01,1.444512e-01,7.000000e-03,2.000000e-02,-1.923323e-02,7.760000e+01,1.830000e+01,-1.096096e-01,1.517181e-02,2.362480e-01,1.221202e-02,8.163259e+01,3.308079e+02,2.570153e+01,6.240833e+01,8.553158e+01,3.325248e-01,2.096703e+00
2.737000e+03,7.758087e+01,1.824134e+01,-1.124942e-01,1.391860e-01,4.025125e-01,1.246583e-01,6.567532e-03,-2.000000e-02,-1.979291e-02,7.760000e+01,1.830000e+01,-1.096096e-01,1.913367e-02,5.866416e-02,2.884615e-03,8.165173e+01,3.308666e+02,2.570442e+01,6.240869e+01,8.553502e+01,3.325331e-01,2.097538e+00
2.738000e+03,7.759060e+01,1.820592e+01,-1.180267e-01,1.321860e-01,4.225125e-01,1.416671e-01,-7.000000e-03,2.000000e-02,1.700883e-02,7.760000e+01,1.830000e+01,-1.096096e-01,9.398521e-03,9.408395e-02,8.417059e-03,8.166112e+01,3.309607e+02,2.571283e+01,6.240878e+01,8.554387e+01,3.326039e-01,2.098276e+00
2.739000e+03,7.758666e+01,1.836945e+01,-1.127775e-01,1.333889e-01,4.025125e-01,1.268561e-01,1.202851e-03,-2.000000e-02,-1.481095e-02,7.760000e+01,1.830000e+01,-1.096096e-01,1.334050e-02,-6.944954e-02,3.167903e-03,8.167447e+01,3.310301e+02,2.571600e+01,6.240896e+01,8.554869e+01,3.326140e-01,2.098897e+00
2.740000e+03,7.759084e+01,1.832137e+01,-1.197335e-01,1.275846e-01,3.825125e-01,1.456502e-01,-5.804276e-03,-2.000000e-02,1.879409e-02,7.760000e+01,1.830000e+01,-1.096096e-01,9.160599e-03,-2.136865e-02,1.012392e-02,8.168363e+01,3.310515e+02,2.572612e+01,6.240904e+01,8.554915e+01,3.327165e-01,2.099684e+00
2.741000e+03,7.759178e+01,1.808304e+01,-1.286472e-01,1.272887e-01,4.025125e-01,1.642607e-01,-2.958835e-04,2.000000e-02,1.861042e-02,7.760000e+01,1.830000e+01,-1.096096e-01,8.217379e-03,2.169552e-01,1.903759e-02,8.169184e+01,3.312685e+02,2.574516e+01,6.240911e+01,8.559622e+01,3.330789e-01,2.100430e+00
2.742000e+03,7.758485e+01,1.806374e+01,-1.213978e-01,1.342887e-01,4.225125e-01,1.432967e-01,7.000000e-03,2.000000e-02,-2.096398e-02,7.760000e+01,1.830000e+01,-1.096096e-01,1.514549e-02,2.362627e-01,1.178821e-02,8.170699e+01,3.315047e+02,2.575695e+01,6.240934e+01,8.565204e+01,3.332179e-01,2.101319e+00
2.743000e+03,7.758257e+01,1.824132e+01,-1.120524e-01,1.371481e-01,4.025125e-01,1.237675e-01,2.859384e-03,-2.000000e-02,-1.952921e-02,7.760000e+01,1.830000e+01,-1.096096e-01,1.743102e-02,5.867670e-02,2.442813e-03,8.172442e+01,3.315634e+02,2.575939e+01,6.240965e+01,8.565548e+01,3.332238e-01,2.102108e+00
2.744000e+03,7.759060e+01,1.820595e+01,-1.185413e-01,1.301481e-01,4.225125e-01,1.430788e-01,-7.000000e-03,2.000000e-02,1.931138e-02,7.760000e+01,1.830000e+01,-1.096096e-01,9.398767e-03,9.405107e-02,8.931656e-03,8.173382e+01,3.316574e+02,2.576832e+01,6.240973e+01,8.566433e+01,3.333036e-01,2.102930e+00
2.745000e+03,7.758461e+01,1.836948e+01,-1.133167e-01,1.358442e-01,4.025125e-01,1.279444e-01,5.696095e-03,-2.000000e-02,-1.513450e-02,7.760000e+01,1.830000e+01,-1.096096e-01,1.538664e-02,-6.947913e-02,3.707090e-03,8.174921e+01,3.317269e+02,2.577203e+01,6.240997e+01,8.566916e+01,3.333173e-01,2.103592e+00
2.746000e+03,7.759084e+01,1.832134e+01,-1.191137e-01,1.288442e-01,3.825125e-01,1.439470e-01,-7.000000e-03,-2.000000e-02,1.600268e-02,7.760000e+01,1.830000e+01,-1.096096e-01,9.157310e-03,-2.134220e-02,9.504112e-03,8.175836e+01,3.317483e+02,2.578154e+01,6.241005e+01,8.566961e+01,3.334077e-01,2.104297e+00
2.747000e+03,7.759318e+01,1.808302e+01,-1.283038e-01,1.256185e-01,4.025125e-01,1.636844e-01,-3.225702e-03,2.000000e-02,1.973738e-02,7.760000e+01,1.830000e+01,-1.096096e-01,6.824978e-03,2.169789e-01,1.869419e-02,8.176519e+01,3.319652e+02,2.580023e+01,6.241010e+01,8.571669e+01,3.337572e-01,2.105097e+00
2.748000e+03,7.758483e+01,1.806375e+01,-1.218216e-01,1.326185e-01,4.225125e-01,1.444512e-01,7.000000e-03,2.000000e-02,-1.923323e-02,7.760000e+01,1.830000e+01,-1.096096e-01,1.517181e-02,2.362480e-01,1.221202e-02,8.178036e+01,3.322015e+02,2.581244e+01,6.241033e+01,8.577250e+01,3.339063e-01,2.105916e+00
2.749000e+03,7.758087e+01,1.824134e+01,-1.124942e-01,1.391860e-01,4.025125e-01,1.246583e-01,6.567532e-03,-2.000000e-02,-1.979291e-02,7.760000e+01,1.830000e+01,-1.096096e-01,1.913367e-02,5.866416e-02,2.884615e-03,8.179949e+01,3.322602e+02,2.581533e+01,6.241070e+01,8.577595e+01,3.339146e-01,2.106750e+00
2.750000e+03,7.759060e+01,1.820592e+01,-1.180267e-01,1.321860e-01,4.225125e-01,1.416671e-01,-7.000000e-03,2.000000e-02,1.700883e-02,7.760000e+01,1.830000e+01,-1.096096e-01,9.398521e-03,9.408395e-02,8.417059e-03,8.180889e+01,3.323542e+02,2.582374e+01,6.241079e+01,8.578480e+01,3.339855e-01,2.107489e+00
2.751000e+03,7.758666e+01,1.836945e+01,-1.127775e-01,1.333889e-01,4.025125e-01,1.268561e-01,1.202851e-03,-2.000000e-02,-1.481095e-02,7.760000e+01,1.830000e+01,-1.096096e-01,1.334050e-02,-6.944954e-02,3.167903e-03,8.182223e+01,3.324237e+02,2.582691e+01,6.241096e+01,8.578962e+01,3.339955e-01,2.108110e+00
2.752000e+03,7.759084e+01,1.832137e+01,-1.197335e-01,1.275846e-01,3.825125e-01,1.456502e-01,-5.804276e-03,-2.000000e-02,1.879409e-02,7.760000e+01,1.830000e+01,-1.096096e-01,9.160599e-03,-2.136865e-02,1.012392e-02,8.183139e+01,3.324451e+02,2.583704e+01,6.241105e+01,8.579008e+01,3.340980e-01,2.108896e+00
2.753000e+03,7.759178e+01,1.808304e+01,-1.286472e-01,1.272887e-01,4.025125e-01,1.642607e-01,-2.958835e-04,2.000000e-02,1.861042e-02,7.760000e+01,1.830000e+01,-1.096096e-01,8.217379e-03,2.169552e-01,1.903759e-02,8.183961e+01,3.326620e+02,2.585607e+01,6.241111e+01,8.583715e+01,3.344604e-01,2.109643e+00
2.754000e+03,7.758485e+01,1.806374e+01,-1.213978e-01,1.342887e-01,4.225125e-01,1.432967e-01,7.000000e-03,2.000000e-02,-2.096398e-02,7.760000e+01,1.830000e+01,-1.096096e-01,1.514549e-02,2.362627e-01,1.178821e-02,8.185476e+01,3.328983e+02,2.586786e+01,6.241134e+01,8.589297e+01,3.345994e-01,2.110531e+00
2.755000e+03,7.758257e+01,1.824132e+01,-1.120524e-01,1.371481e-01,4.025125e-01,1.237675e-01,2.859384e-03,-2.000000e-02,-1.952921e-02,7.760000e+01,1.830000e+01,-1.096096e-01,1.743102e-02,5.867670e-02,2.442813e-03,8.187219e+01,3.329570e+02,2.587030e+01,6.241165e+01,8.589641e+01,3.346053e-01,2.111321e+00
2.756000e+03,7.759060e+01,1.820595e+01,-1.185413e-01,1.301481e-01,4.225125e-01,1.430788e-01,-7.000000e-03,2.000000e-02,1.931138e-02,7.760000e+01,1.830000e+01,-1.096096e-01,9.398767e-03,9.405107e-02,8.931656e-03,8.188159e+01,3.330510e+02,2.587924e+01,6.241174e+01,8.590526e+01,3.346851e-01,2.112143e+00
2.757000e+03,7.758461e+01,1.836948e+01,-1.133167e-01,1.358442e-01,4.025125e-01,1.279444e-01,5.696095e-03,-2.000000e-02,-1.513450e-02,7.760000e+01,1.830000e+01,-1.096096e-01,1.538664e-02,-6.947913e-02,3.707090e-03,8.189697e+01,3.331205e+02,2.588294e+01,6.241197e+01,8.591008e+01,3.346989e-01,2.112804e+00
2.758000e+03,7.759084e+01,1.832134e+01,-1.191137e-01,1.288442e-01,3.825125e-01,1.439470e-01,-7.000000e-03,-2.000000e-02,1.600268e-02,7.760000e+01,1.830000e+01,-1.096096e-01,9.157310e-03,-2.134220e-02,9.504112e-03,8.190613e+01,3.331418e+02,2.589245e+01,6.241206e+01,8.591054e+01,3.347892e-01,2.113509e+00
2.759000e+03,7.759318e+01,1.808302e+01,-1.283038e-01,1.256185e-01,4.025125e-01,1.636844e-01,-3.225702e-03,2.000000e-02,1.973738e-02,7.760000e+01,1.830000e+01,-1.096096e-01,6.824978e-03,2.169789e-01,1.869419e-02,8.191295e+01,3.333588e+02,2.591114e+01,6.241210e+01,8.595762e+01,3.351387e-01,2.114309e+00
2.760000e+03,7.758483e+01,1.806375e+01,-1.218216e-01,1.326185e-01,4.225125e-01,1.444512e-01,7.000000e-03,2.000000e-02,-1.923323e-02,7.760000e+01,1.830000e+01,-1.096096e-01,1.517181e-02,2.362480e-01,1.221202e-02,8.192813e+01,3.335950e+02,2.592335e+01,6.241233e+01,8.601343e+01,3.352878e-01,2.115128e+00
2.761000e+03,7.758087e+01,1.824134e+01,-1.124942e-01,1.391860e-01,4.025125e-01,1.246583e-01,6.567532e-03,-2.000000e-02,-1.979291e-02,7.760000e+01,1.830000e+01,-1.096096e-01,1.913367e-02,5.866416e-02,2.884615e-03,8.194726e+01,3.336537e+02,2.592624e+01,6.241270e+01,8.601687e+01,3.352961e-01,2.115963e+00
2.762000e+03,7.759060e+01,1.820592e+01,-1.180267e-01,1.321860e-01,4.225125e-01,1.416671e-01,-7.000000e-03,2.000000e-02,1.700883e-02,7.760000e+01,1.830000e+01,-1.096096e-01,9.398521e-03,9.408395e-02,8.417059e-03,8.195666e+01,3.337478e+02,2.593466e+01,6.241279e+01,8.602573e+01,3.353670e-01,2.116702e+00
2.763000e+03,7.758666e+01,1.836945e+01,-1.127775e-01,1.333889e-01,4.025125e-01,1.268561e-01,1.202851e-03,-2.000000e-02,-1.481095e-02,7.760000e+01,1.830000e+01,-1.096096e-01,1.334050e-02,-6.944954e-02,3.167903e-03,8.197000e+01,3.338172e+02,2.593782e+01,6.241297e+01,8.603055e+01,3.353770e-01,2.117322e+00
2.764000e+03,7.759084e+01,1.832137e+01,-1.197335e-01,1.275846e-01,3.825125e-01,1.456502e-01,-5.804276e-03,-2.000000e-02,1.879409e-02,7.760000e+01,1.830000e+01,-1.096096e-01,9.160599e-03,-2.136865e-02,1.012392e-02,8.197916e+01,3.338386e+02,2.594795e+01,6.241305e+01,8.603100e+01,3.354795e-01,2.118109e+00
2.765000e+03,7.759178e+01,1.808304e+01,-1.286472e-01,1.272887e-01,4.025125e-01,1.642607e-01,-2.958835e-04,2.000000e-02,1.861042e-02,7.760000e+01,1.830000e+01,-1.096096e-01,8.217379e-03,2.169552e-01,1.903759e-02,8.198738e+01,3.340556e+02,2.596698e+01,6.241312e+01,8.607807e+01,3.358419e-01,2.118856e+00
2.766000e+03,7.758485e+01,1.806374e+01,-1.213978e-01,1.342887e-01,4.225125e-01,1.432967e-01,7.000000e-03,2.000000e-02,-2.096398e-02,7.760000e+01,1.830000e+01,-1.096096e-01,1.514549e-02,2.362627e-01,1.178821e-02,8.200252e+01,3.342918e+02,2.597877e+01,6.241335e+01,8.613389e+01,3.359809e-01,2.119744e+00
2.767000e+03,7.758257e+01,1.824132e+01,-1.120524e-01,1.371481e-01,4.025125e-01,1.237675e-01,2.859384e-03,-2.000000e-02,-1.952921e-02,7.760000e+01,1.830000e+01,-1.096096e-01,1.743102e-02,5.867670e-02,2.442813e-03,8.201995e+01,3.343505e+02,2.598122e+01,6.241365e+01,8.613734e+01,3.359868e-01,2.120534e+00
2.768000e+03,7.759060e+01,1.820595e+01,-1.185413e-01,1.301481e-01,4.225125e-01,1.430788e-01,-7.000000e-03,2.000000e-02,1.931138e-02,7.760000e+01,1.830000e+01,-1.096096e-01,9.398767e-03,9.405107e-02,8.931656e-03,8.202935e+01,3.344446e+02,2.599015e+01,6.241374e+01,8.614618e+01,3.360666e-01,2.121356e+00
2.769000e+03,7.758461e+01,1.836948e+01,-1.133167e-01,1.358442e-01,4.025125e-01,1.279444e-01,5.696095e-03,-2.000000e-02,-1.513450e-02,7.760000e+01,1.830000e+01,-1.096096e-01,1.538664e-02,-6.947913e-02,3.707090e-03,8.204474e+01,3.345140e+02,2.599385e+01,6.241398e+01,8.615101e+01,3.360804e-01,2.122017e+00
2.770000e+03,7.759084e+01,1.832134e+01,-1.191137e-01,1.288442e-01,3.825125e-01,1.439470e-01,-7.000000e-03,-2.000000e-02,1.600268e-02,7.760000e+01,1.830000e+01,-1.096096e-01,9.157310e-03,-2.134220e-02,9.504112e-03,8.205390e+01,3.345354e+02,2.600336e+01,6.241406e+01,8.615147e+01,3.361707e-01,2.122722e+00
2.771000e+03,7.759318e+01,1.808302e+01,-1.283038e-01,1.256185e-01,4.025125e-01,1.636844e-01,-3.225702e-03,2.000000e-02,1.973738e-02,7.760000e+01,1.830000e+01,-1.096096e-01,6.824978e-03,2.169789e-01,1.869419e-02,8.206072e+01,3.347524e+02,2.602205e+01,6.241411e+01,8.619855e+01,3.365202e-01,2.123522e+00
2.772000e+03,7.758483e+01,1.806375e+01,-1.218216e-01,1.326185e-01,4.225125e-01,1.444512e-01,7.000000e-03,2.000000e-02,-1.923323e-02,7.760000e+01,1.830000e+01,-1.096096e-01,1.517181e-02,2.362480e-01,1.221202e-02,8.207589e+01,3.349886e+02,2.603426e+01,6.241434e+01,8.625436e+01,3.366693e-01,2.124341e+00
2.773000e+03,7.758087e+01,1.824134e+01,-1.124942e-01,1.391860e-01,4.025125e-01,1.246583e-01,6.567532e-03,-2.000000e-02,-1.979291e-02,7.760000e+01,1.830000e+01,-1.096096e-01,1.913367e-02,5.866416e-02,2.884615e-03,8.209503e+01,3.350473e+02,2.603715e+01,6.241470e+01,8.625780e+01,3.366776e-01,2.125176e+00
2.774000e+03,7.759060e+01,1.820592e+01,-1.180267e-01,1.321860e-01,4.225125e-01,1.416671e-01,-7.000000e-03,2.000000e-02,1.700883e-02,7.760000e+01,1.830000e+01,-1.096096e-01,9.398521e-03,9.408395e-02,8.417059e-03,8.210442e+01,3.351414e+02,2.604557e+01,6.241479e+01,8.626665e+01,3.367485e-01,2.125914e+00
2.775000e+03,7.758666e+01,1.836945e+01,-1.127775e-01,1.333889e-01,4.025125e-01,1.268561e-01,1.202851e-03,-2.000000e-02,-1.481095e-02,7.760000e+01,1.830000e+01,-1.096096e-01,1.334050e-02,-6.944954e-02,3.167903e-03,8.211777e+01,3.352108e+02,2.604873e+01,6.241497e+01,8.627148e+01,3.367585e-01,2.126535e+00
2.776000e+03,7.759084e+01,1.832137e+01,-1.197335e-01,1.275846e-01,3.825125e-01,1.456502e-01,-5.804276e-03,-2.000000e-02,1.879409e-02,7.760000e+01,1.830000e+01,-1.096096e-01,9.160599e-03,-2.136865e-02,1.012392e-02,8.212693e+01,3.352322e+02,2.605886e+01,6.241505e+01,8.627193e+01,3.368610e-01,2.127322e+00
2.777000e+03,7.759178e+01,1.808304e+01,-1.286472e-01,1.272887e-01,4.025125e-01,1.642607e-01,-2.958835e-04,2.000000e-02,1.861042e-02,7.760000e+01,1.830000e+01,-1.096096e-01,8.217379e-03,2.169552e-01,1.903759e-02,8.213514e+01,3.354491e+02,2.607790e+01,6.241512e+01,8.631900e+01,3.372234e-01,2.128068e+00
2.778000e+03,7.758485e+01,1.806374e+01,-1.213978e-01,1.342887e-01,4.225125e-01,1.432967e-01,7.000000e-03,2.000000e-02,-2.096398e-02,7.760000e+01,1.830000e+01,-1.096096e-01,1.514549e-02,2.362627e-01,1.178821e-02,8.215029e+01,3.356854e+02,2.608968e+01,6.241535e+01,8.637482e+01,3.373624e-01,2.128957e+00
2.779000e+03,7.758257e+01,1.824132e+01,-1.120524e-01,1.371481e-01,4.025125e-01,1.237675e-01,2.859384e-03,-2.000000e-02,-1.952921e-02,7.760000e+01,1.830000e+01,-1.096096e-01,1.743102e-02,5.867670e-02,2.442813e-03,8.216772e+01,3.357441e+02,2.609213e+01,6.241565e+01,8.637826e+01,3.373684e-01,2.129747e+00
2.780000e+03,7.759060e+01,1.820595e+01,-1.185413e-01,1.301481e-01,4.225125e-01,1.430788e-01,-7.000000e-03,2.000000e-02,1.931138e-02,7.760000e+01,1.830000e+01,-1.096096e-01,9.398767e-03,9.405107e-02,8.931656e-03,8.217712e+01,3.358381e+02,2.610106e+01,6.241574e+01,8.638711e+01,3.374481e-01,2.130568e+00
2.781000e+03,7.758461e+01,1.836948e+01,-1.133167e-01,1.358442e-01,4.025125e-01,1.279444e-01,5.696095e-03,-2.000000e-02,-1.513450e-02,7.760000e+01,1.830000e+01,-1.096096e-01,1.538664e-02,-6.947913e-02,3.707090e-03,8.219251e+01,3.359076e+02,2.610477e+01,6.241598e+01,8.639194e+01,3.374619e-01,2.131230e+00
2.782000e+03,7.759084e+01,1.832134e+01,-1.191137e-01,1.288442e-01,3.825125e-01,1.439470e-01,-7.000000e-03,-2.000000e-02,1.600268e-02,7.760000e+01,1.830000e+01,-1.096096e-01,9.157310e-03,-2.134220e-02,9.504112e-03,8.220166e+01,3.359289e+02,2.611427e+01,6.241606e+01,8.639239e+01,3.375522e-01,2.131935e+00
2.783000e+03,7.759318e+01,1.808302e+01,-1.283038e-01,1.256185e-01,4.025125e-01,1.636844e-01,-3.225702e-03,2.000000e-02,1.973738e-02,7.760000e+01,1.830000e+01,-1.096096e-01,6.824978e-03,2.169789e-01,1.869419e-02,8.220849e+01,3.361459e+02,2.613296e+01,6.241611e+01,8.643947e+01,3.379017e-01,2.132735e+00
2.784000e+03,7.758483e+01,1.806375e+01,-1.218216e-01,1.326185e-01,4.225125e-01,1.444512e-01,7.000000e-03,2.000000e-02,-1.923323e-02,7.760000e+01,1.830000e+01,-1.096096e-01,1.517181e-02,2.362480e-01,1.221202e-02,8.222366e+01,3.363822e+02,2.614518e+01,6.241634e+01,8.649529e+01,3.380508e-01,2.133554e+00
2.785000e+03,7.758087e+01,1.824134e+01,-1.124942e-01,1.391860e-01,4.025125e-01,1.246583e-01,6.567532e-03,-2.000000e-02,-1.979291e-02,7.760000e+01,1.830000e+01,-1.096096e-01,1.913367e-02,5.866416e-02,2.884615e-03,8.224279e+01,3.364408e+02,2.614806e+01,6.241671e+01,8.649873e+01,3.380591e-01,2.134389e+00
2.786000e+03,7.759060e+01,1.820592e+01,-1.180267e-01,1.321860e-01,4.225125e-01,1.416671e-01,-7.000000e-03,2.000000e-02,1.700883e-02,7.760000e+01,1.830000e+01,-1.096096e-01,9.398521e-03,9.408395e-02,8.417059e-03,8.225219e+01,3.365349e+02,2.615648e+01,6.241679e+01,8.650758e+01,3.381300e-01,2.135127e+00
2.787000e+03,7.758666e+01,1.836945e+01,-1.127775e-01,1.333889e-01,4.025125e-01,1.268561e-01,1.202851e-03,-2.000000e-02,-1.481095e-02,7.760000e+01,1.830000e+01,-1.096096e-01,1.334050e-02,-6.944954e-02,3.167903e-03,8.226553e+01,3.366044e+02,2.615965e+01,6.241697e+01,8.651240e+01,3.381400e-01,2.135748e+00
2.788000e+03,7.759084e+01,1.832137e+01,-1.197335e-01,1.275846e-01,3.825125e-01,1.456502e-01,-5.804276e-03,-2.000000e-02,1.879409e-02,7.760000e+01,1.830000e+01,-1.096096e-01,9.160599e-03,-2.136865e-02,1.012392e-02,8.227469e+01,3.366257e+02,2.616977e+01,6.241706e+01,8.651286e+01,3.382425e-01,2.136535e+00
2.789000e+03,7.759178e+01,1.808304e+01,-1.286472e-01,1.272887e-01,4.025125e-01,1.642607e-01,-2.958835e-04,2.000000e-02,1.861042e-02,7.760000e+01,1.830000e+01,-1.096096e-01,8.217379e-03,2.169552e-01,1.903759e-02,8.228291e+01,3.368427e+02,2.618881e+01,6.241712e+01,8.655993e+01,3.386049e-01,2.137281e+00
2.790000e+03,7.758485e+01,1.806374e+01,-1.213978e-01,1.342887e-01,4.225125e-01,1.432967e-01,7.000000e-03,2.000000e-02,-2.096398e-02,7.760000e+01,1.830000e+01,-1.096096e-01,1.514549e-02,2.362627e-01,1.178821e-02,8.229806e+01,3.370790e+02,2.620060e+01,6.241735e+01,8.661575e+01,3.387439e-01,2.138170e+00
2.791000e+03,7.758257e+01,1.824132e+01,-1.120524e-01,1.371481e-01,4.025125e-01,1.237675e-01,2.859384e-03,-2.000000e-02,-1.952921e-02,7.760000e+01,1.830000e+01,-1.096096e-01,1.743102e-02,5.867670e-02,2.442813e-03,8.231549e+01,3.371376e+02,2.620304e+01,6.241766e+01,8.661919e+01,3.387499e-01,2.138959e+00
2.792000e+03,7.759060e+01,1.820595e+01,-1.185413e-01,1.301481e-01,4.225125e-01,1.430788e-01,-7.000000e-03,2.000000e-02,1.931138e-02,7.760000e+01,1.830000e+01,-1.096096e-01,9.398767e-03,9.405107e-02,8.931656e-03,8.232489e+01,3.372317e+02,2.621197e+01,6.241774e+01,8.662804e+01,3.388296e-01,2.139781e+00
2.793000e+03,7.758461e+01,1.836948e+01,-1.133167e-01,1.358442e-01,4.025125e-01,1.279444e-01,5.696095e-03,-2.000000e-02,-1.513450e-02,7.760000e+01,1.830000e+01,-1.096096e-01,1.538664e-02,-6.947913e-02,3.707090e-03,8.234027e+01,3.373012e+02,2.621568e+01,6.241798e+01,8.663286e+01,3.388434e-01,2.140443e+00
2.794000e+03,7.759084e+01,1.832134e+01,-1.191137e-01,1.288442e-01,3.825125e-01,1.439470e-01,-7.000000e-03,-2.000000e-02,1.600268e-02,7.760000e+01,1.830000e+01,-1.096096e-01,9.157310e-03,-2.134220e-02,9.504112e-03,8.234943e+01,3.373225e+02,2.622518e+01,6.241807e+01,8.663332e+01,3.389337e-01,2.141148e+00
2.795000e+03,7.759318e+01,1.808302e+01,-1.283038e-01,1.256185e-01,4.025125e-01,1.636844e-01,-3.225702e-03,2.000000e-02,1.973738e-02,7.760000e+01,1.830000e+01,-1.096096e-01,6.824978e-03,2.169789e-01,1.869419e-02,8.235625e+01,3.375395e+02,2.624387e+01,6.241811e+01,8.668040e+01,3.392832e-01,2.141948e+00
2.796000e+03,7.758483e+01,1.806375e+01,-1.218216e-01,1.326185e-01,4.225125e-01,1.444512e-01,7.000000e-03,2.000000e-02,-1.923323e-02,7.760000e+01,1.830000e+01,-1.096096e-01,1.517181e-02,2.362480e-01,1.221202e-02,8.237143e+01,3.377757e+02,2.625609e+01,6.241834e+01,8.673621e+01,3.394323e-01,2.142767e+00
2.797000e+03,7.758087e+01,1.824134e+01,-1.124942e-01,1.391860e-01,4.025125e-01,1.246583e-01,6.567532e-03,-2.000000e-02,-1.979291e-02,7.760000e+01,1.830000e+01,-1.096096e-01,1.913367e-02,5.866416e-02,2.884615e-03,8.239056e+01,3.378344e+02,2.625897e+01,6.241871e+01,8.673965e+01,3.394406e-01,2.143602e+00
2.798000e+03,7.759060e+01,1.820592e+01,-1.180267e-01,1.321860e-01,4.225125e-01,1.416671e-01,-7.000000e-03,2.000000e-02,1.700883e-02,7.760000e+01,1.830000e+01,-1.096096e-01,9.398521e-03,9.408395e-02,8.417059e-03,8.239996e+01,3.379285e+02,2.626739e+01,6.241880e+01,8.674851e+01,3.395115e-01,2.144340e+00
2.799000e+03,7.758666e+01,1.836945e+01,-1.127775e-01,1.333889e-01,4.025125e-01,1.268561e-01,1.202851e-03,-2.000000e-02,-1.481095e-02,7.760000e+01,1.830000e+01,-1.096096e-01,1.334050e-02,-6.944954e-02,3.167903e-03,8.241330e+01,3.379979e+02,2.627056e+01,6.241897e+01,8.675333e+01,3.395215e-01,2.144961e+00
2.800000e+03,7.759084e+01,1.832137e+01,-1.197335e-01,1.275846e-01,3.825125e-01,1.456502e-01,-5.804276e-03,-2.000000e-02,1.879409e-02,7.760000e+01,1.830000e+01,-1.096096e-01,9.160599e-03,-2.136865e-02,1.012392e-02,8.242246e+01,3.380193e+02,2.628068e+01,6.241906e+01,8.675379e+01,3.396240e-01,2.145748e+00
2.801000e+03,7.759178e+01,1.808304e+01,-1.286472e-01,1.272887e-01,4.025125e-01,1.642607e-01,-2.958835e-04,2.000000e-02,1.861042e-02,7.760000e+01,1.830000e+01,-1.096096e-01,8.217379e-03,2.169552e-01,1.903759e-02,8.243068e+01,3.382363e+02,2.629972e+01,6.241913e+01,8.680086e+01,3.399864e-01,2.146494e+00
2.802000e+03,7.758485e+01,1.806374e+01,-1.213978e-01,1.342887e-01,4.225125e-01,1.432967e-01,7.000000e-03,2.000000e-02,-2.096398e-02,7.760000e+01,1.830000e+01,-1.096096e-01,1.514549e-02,2.362627e-01,1.178821e-02,8.244582e+01,3.384725e+02,2.631151e+01,6.241936e+01,8.685668e+01,3.401254e-01,2.147383e+00
2.803000e+03,7.758257e+01,1.824132e+01,-1.120524e-01,1.371481e-01,4.025125e-01,1.237675e-01,2.859384e-03,-2.000000e-02,-1.952921e-02,7.760000e+01,1.830000e+01,-1.096096e-01,1.743102e-02,5.867670e-02,2.442813e-03,8.246325e+01,3.385312e+02,2.631395e+01,6.241966e+01,8.686012e+01,3.401314e-01,2.148172e+00
2.804000e+03,7.759060e+01,1.820595e+01,-1.185413e-01,1.301481e-01,4.225125e-01,1.430788e-01,-7.000000e-03,2.000000e-02,1.931138e-02,7.760000e+01,1.830000e+01,-1.096096e-01,9.398767e-03,9.405107e-02,8.931656e-03,8.247265e+01,3.386252e+02,2.632288e+01,6.241975e+01,8.686896e+01,3.402111e-01,2.148994e+00
2.805000e+03,7.758461e+01,1.836948e+01,-1.133167e-01,1.358442e-01,4.025125e-01,1.279444e-01,5.696095e-03,-2.000000e-02,-1.513450e-02,7.760000e+01,1.830000e+01,-1.096096e-01,1.538664e-02,-6.947913e-02,3.707090e-03,8.248804e+01,3.386947e+02,2.632659e+01,6.241998e+01,8.687379e+01,3.402249e-01,2.149656e+00
2.806000e+03,7.759084e+01,1.832134e+01,-1.191137e-01,1.288442e-01,3.825125e-01,1.439470e-01,-7.000000e-03,-2.000000e-02,1.600268e-02,7.760000e+01,1.830000e+01,-1.096096e-01,9.157310e-03,-2.134220e-02,9.504112e-03,8.249720e+01,3.387161e+02,2.633609e+01,6.242007e+01,8.687425e+01,3.403152e-01,2.150361e+00
2.807000e+03,7.759318e+01,1.808302e+01,-1.283038e-01,1.256185e-01,4.025125e-01,1.636844e-01,-3.225702e-03,2.000000e-02,1.973738e-02,7.760000e+01,1.830000e+01,-1.096096e-01,6.824978e-03,2.169789e-01,1.869419e-02,8.250402e+01,3.389330e+02,2.635479e+01,6.242011e+01,8.692133e+01,3.406647e-01,2.151161e+00
2.808000e+03,7.758483e+01,1.806375e+01,-1.218216e-01,1.326185e-01,4.225125e-01,1.444512e-01,7.000000e-03,2.000000e-02,-1.923323e-02,7.760000e+01,1.830000e+01,-1.096096e-01,1.517181e-02,2.362480e-01,1.221202e-02,8.251919e+01,3.391693e+02,2.636700e+01,6.242034e+01,8.697714e+01,3.408138e-01,2.151980e+00
2.809000e+03,7.758087e+01,1.824134e+01,-1.124942e-01,1.391860e-01,4.025125e-01,1.246583e-01,6.567532e-03,-2.000000e-02,-1.979291e-02,7.760000e+01,1.830000e+01,-1.096096e-01,1.913367e-02,5.866416e-02,2.884615e-03,8.253833e+01,3.392280e+02,2.636988e+01,6.242071e+01,8.698058e+01,3.408221e-01,2.152814e+00
2.810000e+03,7.759060e+01,1.820592e+01,-1.180267e-01,1.321860e-01,4.225125e-01,1.416671e-01,-7.000000e-03,2.000000e-02,1.700883e-02,7.760000e+01,1.830000e+01,-1.096096e-01,9.398521e-03,9.408395e-02,8.417059e-03,8.254772e+01,3.393220e+02,2.637830e+01,6.242080e+01,8.698943e+01,3.408930e-01,2.153553e+00
2.811000e+03,7.758666e+01,1.836945e+01,-1.127775e-01,1.333889e-01,4.025125e-01,1.268561e-01,1.202851e-03,-2.000000e-02,-1.481095e-02,7.760000e+01,1.830000e+01,-1.096096e-01,1.334050e-02,-6.944954e-02,3.167903e-03,8.256107e+01,3.393915e+02,2.638147e+01,6.242098e+01,8.699426e+01,3.409030e-01,2.154174e+00
2.812000e+03,7.759084e+01,1.832137e+01,-1.197335e-01,1.275846e-01,3.825125e-01,1.456502e-01,-5.804276e-03,-2.000000e-02,1.879409e-02,7.760000e+01,1.830000e+01,-1.096096e-01,9.160599e-03,-2.136865e-02,1.012392e-02,8.257023e+01,3.394129e+02,2.639159e+01,6.242106e+01,8.699471e+01,3.410055e-01,2.154960e+00
2.813000e+03,7.759178e+01,1.808304e+01,-1.286472e-01,1.272887e-01,4.025125e-01,1.642607e-01,-2.958835e-04,2.000000e-02,1.861042e-02,7.760000e+01,1.830000e+01,-1.096096e-01,8.217379e-03,2.169552e-01,1.903759e-02,8.257844e+01,3.396298e+02,2.641063e+01,6.242113e+01,8.704178e+01,3.413679e-01,2.155707e+00
2.814000e+03,7.758485e+01,1.806374e+01,-1.213978e-01,1.342887e-01,4.225125e-01,1.432967e-01,7.000000e-03,2.000000e-02,-2.096398e-02,7.760000e+01,1.830000e+01,-1.096096e-01,1.514549e-02,2.362627e-01,1.178821e-02,8.259359e+01,3.398661e+02,2.642242e+01,6.242136e+01,8.709760e+01,3.415069e-01,2.156595e+00
2.815000e+03,7.758257e+01,1.824132e+01,-1.120524e-01,1.371481e-01,4.025125e-01,1.237675e-01,2.859384e-03,-2.000000e-02,-1.952921e-02,7.760000e+01,1.830000e+01,-1.096096e-01,1.743102e-02,5.867670e-02,2.442813e-03,8.261102e+01,3.399248e+02,2.642486e+01,6.242166e+01,8.710105e+01,3.415129e-01,2.157385e+00
2.816000e+03,7.759060e+01,1.820595e+01,-1.185413e-01,1.301481e-01,4.225125e-01,1.430788e-01,-7.000000e-03,2.000000e-02,1.931138e-02,7.760000e+01,1.830000e+01,-1.096096e-01,9.398767e-03,9.405107e-02,8.931656e-03,8.262042e+01,3.400188e+02,2.643379e+01,6.242175e+01,8.710989e+01,3.415927e-01,2.158207e+00
2.817000e+03,7.758461e+01,1.836948e+01,-1.133167e-01,1.358442e-01,4.025125e-01,1.279444e-01,5.696095e-03,-2.000000e-02,-1.513450e-02,7.760000e+01,1.830000e+01,-1.096096e-01,1.538664e-02,-6.947913e-02,3.707090e-03,8.263581e+01,3.400883e+02,2.643750e+01,6.242199e+01,8.711472e+01,3.416064e-01,2.158868e+00
2.818000e+03,7.759084e+01,1.832134e+01,-1.191137e-01,1.288442e-01,3.825125e-01,1.439470e-01,-7.000000e-03,-2.000000e-02,1.600268e-02,7.760000e+01,1.830000e+01,-1.096096e-01,9.157310e-03,-2.134220e-02,9.504112e-03,8.264496e+01,3.401096e+02,2.644700e+01,6.242207e+01,8.711517e+01,3.416967e-01,2.159573e+00
2.819000e+03,7.759318e+01,1.808302e+01,-1.283038e-01,1.256185e-01,4.025125e-01,1.636844e-01,-3.225702e-03,2.000000e-02,1.973738e-02,7.760000e+01,1.830000e+01,-1.096096e-01,6.824978e-03,2.169789e-01,1.869419e-02,8.265179e+01,3.403266e+02,2.646570e+01,6.242212e+01,8.716225e+01,3.420462e-01,2.160373e+00
2.820000e+03,7.758483e+01,1.806375e+01,-1.218216e-01,1.326185e-01,4.225125e-01,1.444512e-01,7.000000e-03,2.000000e-02,-1.923323e-02,7.760000e+01,1.830000e+01,-1.096096e-01,1.517181e-02,2.362480e-01,1.221202e-02,8.266696e+01,3.405629e+02,2.647791e+01,6.242235e+01,8.721807e+01,3.421953e-01,2.161192e+00
2.821000e+03,7.758087e+01,1.824134e+01,-1.124942e-01,1.391860e-01,4.025125e-01,1.246583e-01,6.567532e-03,-2.000000e-02,-1.979291e-02,7.760000e+01,1.830000e+01,-1.096096e-01,1.913367e-02,5.866416e-02,2.884615e-03,8.268609e+01,3.406215e+02,2.648079e+01,6.242271e+01,8.722151e+01,3.422037e-01,2.162027e+00
2.822000e+03,7.759060e+01,1.820592e+01,-1.180267e-01,1.321860e-01,4.225125e-01,1.416671e-01,-7.000000e-03,2.000000e-02,1.700883e-02,7.760000e+01,1.830000e+01,-1.096096e-01,9.398521e-03,9.408395e-02,8.417059e-03,8.269549e+01,3.407156e+02,2.648921e+01,6.242280e+01,8.723036e+01,3.422745e-01,2.162766e+00
2.823000e+03,7.758666e+01,1.836945e+01,-1.127775e-01,1.333889e-01,4.025125e-01,1.268561e-01,1.202851e-03,-2.000000e-02,-1.481095e-02,7.760000e+01,1.830000e+01,-1.096096e-01,1.334050e-02,-6.944954e-02,3.167903e-03,8.270883e+01,3.407850e+02,2.649238e+01,6.242298e+01,8.723518e+01,3.422845e-01,2.163386e+00
2.824000e+03,7.759084e+01,1.832137e+01,-1.197335e-01,1.275846e-01,3.825125e-01,1.456502e-01,-5.804276e-03,-2.000000e-02,1.879409e-02,7.760000e+01,1.830000e+01,-1.096096e-01,9.160599e-03,-2.136865e-02,1.012392e-02,8.271799e+01,3.408064e+02,2.650250e+01,6.242306e+01,8.723564e+01,3.423870e-01,2.164173e+00
2.825000e+03,7.759178e+01,1.808304e+01,-1.286472e-01,1.272887e-01,4.025125e-01,1.642607e-01,-2.958835e-04,2.000000e-02,1.861042e-02,7.760000e+01,1.830000e+01,-1.096096e-01,8.217379e-03,2.169552e-01,1.903759e-02,8.272621e+01,3.410234e+02,2.652154e+01,6.242313e+01,8.728271e+01,3.427495e-01,2.164920e+00
2.826000e+03,7.758485e+01,1.806374e+01,-1.213978e-01,1.342887e-01,4.225125e-01,1.432967e-01,7.000000e-03,2.000000e-02,-2.096398e-02,7.760000e+01,1.830000e+01,-1.096096e-01,1.514549e-02,2.362627e-01,1.178821e-02,8.274136e+01,3.412596e+02,2.653333e+01,6.242336e+01,8.733853e+01,3.428884e-01,2.165808e+00
2.827000e+03,7.758257e+01,1.824132e+01,-1.120524e-01,1.371481e-01,4.025125e-01,1.237675e-01,2.859384e-03,-2.000000e-02,-1.952921e-02,7.760000e+01,1.830000e+01,-1.096096e-01,1.743102e-02,5.867670e-02,2.442813e-03,8.275879e+01,3.413183e+02,2.653577e+01,6.242366e+01,8.734197e+01,3.428944e-01,2.166598e+00
2.828000e+03,7.759060e+01,1.820595e+01,-1.185413e-01,1.301481e-01,4.225125e-01,1.430788e-01,-7.000000e-03,2.000000e-02,1.931138e-02,7.760000e+01,1.830000e+01,-1.096096e-01,9.398767e-03,9.405107e-02,8.931656e-03,8.276819e+01,3.414124e+02,2.654470e+01,6.242375e+01,8.735082e+01,3.429742e-01,2.167420e+00
2.829000e+03,7.758461e+01,1.836948e+01,-1.133167e-01,1.358442e-01,4.025125e-01,1.279444e-01,5.696095e-03,-2.000000e-02,-1.513450e-02,7.760000e+01,1.830000e+01,-1.096096e-01,1.538664e-02,-6.947913e-02,3.707090e-03,8.278357e+01,3.414818e+02,2.654841e+01,6.242399e+01,8.735565e+01,3.429879e-01,2.168081e+00
2.830000e+03,7.759084e+01,1.832134e+01,-1.191137e-01,1.288442e-01,3.825125e-01,1.439470e-01,-7.000000e-03,-2.000000e-02,1.600268e-02,7.760000e+01,1.830000e+01,-1.096096e-01,9.157310e-03,-2.134220e-02,9.504112e-03,8.279273e+01,3.415032e+02,2.655791e+01,6.242407e+01,8.735610e+01,3.430782e-01,2.168786e+00
2.831000e+03,7.759318e+01,1.808302e+01,-1.283038e-01,1.256185e-01,4.025125e-01,1.636844e-01,-3.225702e-03,2.000000e-02,1.973738e-02,7.760000e+01,1.830000e+01,-1.096096e-01,6.824978e-03,2.169789e-01,1.869419e-02,8.279955e+01,3.417202e+02,2.657661e+01,6.242412e+01,8.740318e+01,3.434277e-01,2.169586e+00
2.832000e+03,7.758483e+01,1.806375e+01,-1.218216e-01,1.326185e-01,4.225125e-01,1.444512e-01,7.000000e-03,2.000000e-02,-1.923323e-02,7.760000e+01,1.830000e+01,-1.096096e-01,1.517181e-02,2.362480e-01,1.221202e-02,8.281473e+01,3.419564e+02,2.658882e+01,6.242435e+01,8.745899e+01,3.435768e-01,2.170405e+00
2.833000e+03,7.758087e+01,1.824134e+01,-1.124942e-01,1.391860e-01,4.025125e-01,1.246583e-01,6.567532e-03,-2.000000e-02,-1.979291e-02,7.760000e+01,1.830000e+01,-1.096096e-01,1.913367e-02,5.866416e-02,2.884615e-03,8.283386e+01,3.420151e+02,2.659171e+01,6.242472e+01,8.746244e+01,3.435852e-01,2.171240e+00
2.834000e+03,7.759060e+01,1.820592e+01,-1.180267e-01,1.321860e-01,4.225125e-01,1.416671e-01,-7.000000e-03,2.000000e-02,1.700883e-02,7.760000e+01,1.830000e+01,-1.096096e-01,9.398521e-03,9.408395e-02,8.417059e-03,8.284326e+01,3.421092e+02,2.660012e+01,6.242480e+01,8.747129e+01,3.436560e-01,2.171978e+00
2.835000e+03,7.758666e+01,1.836945e+01,-1.127775e-01,1.333889e-01,4.025125e-01,1.268561e-01,1.202851e-03,-2.000000e-02,-1.481095e-02,7.760000e+01,1.830000e+01,-1.096096e-01,1.334050e-02,-6.944954e-02,3.167903e-03,8.285660e+01,3.421786e+02,2.660329e+01,6.242498e+01,8.747611e+01,3.436660e-01,2.172599e+00
2.836000e+03,7.759084e+01,1.832137e+01,-1.197335e-01,1.275846e-01,3.825125e-01,1.456502e-01,-5.804276e-03,-2.000000e-02,1.879409e-02,7.760000e+01,1.830000e+01,-1.096096e-01,9.160599e-03,-2.136865e-02,1.012392e-02,8.286576e+01,3.422000e+02,2.661341e+01,6.242507e+01,8.747657e+01,3.437685e-01,2.173386e+00
2.837000e+03,7.759178e+01,1.808304e+01,-1.286472e-01,1.272887e-01,4.025125e-01,1.642607e-01,-2.958835e-04,2.000000e-02,1.861042e-02,7.760000e+01,1.830000e+01,-1.096096e-01,8.217379e-03,2.169552e-01,1.903759e-02,8.287398e+01,3.424169e+02,2.663245e+01,6.242513e+01,8.752364e+01,3.441310e-01,2.174132e+00
2.838000e+03,7.758485e+01,1.806374e+01,-1.213978e-01,1.342887e-01,4.225125e-01,1.432967e-01,7.000000e-03,2.000000e-02,-2.096398e-02,7.760000e+01,1.830000e+01,-1.096096e-01,1.514549e-02,2.362627e-01,1.178821e-02,8.288912e+01,3.426532e+02,2.664424e+01,6.242536e+01,8.757946e+01,3.442699e-01,2.175021e+00
2.839000e+03,7.758257e+01,1.824132e+01,-1.120524e-01,1.371481e-01,4.025125e-01,1.237675e-01,2.859384e-03,-2.000000e-02,-1.952921e-02,7.760000e+01,1.830000e+01,-1.096096e-01,1.743102e-02,5.867670e-02,2.442813e-03,8.290655e+01,3.427119e+02,2.664668e+01,6.242567e+01,8.758290e+01,3.442759e-01,2.175811e+00
2.840000e+03,7.759060e+01,1.820595e+01,-1.185413e-01,1.301481e-01,4.225125e-01,1.430788e-01,-7.000000e-03,2.000000e-02,1.931138e-02,7.760000e+01,1.830000e+01,-1.096096e-01,9.398767e-03,9.405107e-02,8.931656e-03,8.291595e+01,3.428059e+02,2.665561e+01,6.242576e+01,8.759175e+01,3.443557e-01,2.176632e+00
2.841000e+03,7.758461e+01,1.836948e+01,-1.133167e-01,1.358442e-01,4.025125e-01,1.279444e-01,5.696095e-03,-2.000000e-02,-1.513450e-02,7.760000e+01,1.830000e+01,-1.096096e-01,1.538664e-02,-6.947913e-02,3.707090e-03,8.293134e+01,3.428754e+02,2.665932e+01,6.242599e+01,8.759657e+01,3.443694e-01,2.177294e+00
2.842000e+03,7.759084e+01,1.832134e+01,-1.191137e-01,1.288442e-01,3.825125e-01,1.439470e-01,-7.000000e-03,-2.000000e-02,1.600268e-02,7.760000e+01,1.830000e+01,-1.096096e-01,9.157310e-03,-2.134220e-02,9.504112e-03,8.294050e+01,3.428967e+02,2.666883e+01,6.242608e+01,8.759703e+01,3.444597e-01,2.177999e+00
2.843000e+03,7.759318e+01,1.808302e+01,-1.283038e-01,1.256185e-01,4.025125e-01,1.636844e-01,-3.225702e-03,2.000000e-02,1.973738e-02,7.760000e+01,1.830000e+01,-1.096096e-01,6.824978e-03,2.169789e-01,1.869419e-02,8.294732e+01,3.431137e+02,2.668752e+01,6.242612e+01,8.764411e+01,3.448092e-01,2.178799e+00
2.844000e+03,7.758483e+01,1.806375e+01,-1.218216e-01,1.326185e-01,4.225125e-01,1.444512e-01,7.000000e-03,2.000000e-02,-1.923323e-02,7.760000e+01,1.830000e+01,-1.096096e-01,1.517181e-02,2.362480e-01,1.221202e-02,8.296249e+01,3.433500e+02,2.669973e+01,6.242635e+01,8.769992e+01,3.449583e-01,2.179618e+00
2.845000e+03,7.758087e+01,1.824134e+01,-1.124942e-01,1.391860e-01,4.025125e-01,1.246583e-01,6.567532e-03,-2.000000e-02,-1.979291e-02,7.760000e+01,1.830000e+01,-1.096096e-01,1.913367e-02,5.866416e-02,2.884615e-03,8.298163e+01,3.434086e+02,2.670262e+01,6.242672e+01,8.770336e+01,3.449667e-01,2.180453e+00
2.846000e+03,7.759060e+01,1.820592e+01,-1.180267e-01,1.321860e-01,4.225125e-01,1.416671e-01,-7.000000e-03,2.000000e-02,1.700883e-02,7.760000e+01,1.830000e+01,-1.096096e-01,9.398521e-03,9.408395e-02,8.417059e-03,8.299102e+01,3.435027e+02,2.671103e+01,6.242681e+01,8.771221e+01,3.450375e-01,2.181191e+00
2.847000e+03,7.758666e+01,1.836945e+01,-1.127775e-01,1.333889e-01,4.025125e-01,1.268561e-01,1.202851e-03,-2.000000e-02,-1.481095e-02,7.760000e+01,1.830000e+01,-1.096096e-01,1.334050e-02,-6.944954e-02,3.167903e-03,8.300437e+01,3.435722e+02,2.671420e+01,6.242699e+01,8.771704e+01,3.450475e-01,2.181812e+00
2.848000e+03,7.759084e+01,1.832137e+01,-1.197335e-01,1.275846e-01,3.825125e-01,1.456502e-01,-5.804276e-03,-2.000000e-02,1.879409e-02,7.760000e+01,1.830000e+01,-1.096096e-01,9.160599e-03,-2.136865e-02,1.012392e-02,8.301353e+01,3.435935e+02,2.672433e+01,6.242707e+01,8.771749e+01,3.451500e-01,2.182599e+00
2.849000e+03,7.759178e+01,1.808304e+01,-1.286472e-01,1.272887e-01,4.025125e-01,1.642607e-01,-2.958835e-04,2.000000e-02,1.861042e-02,7.760000e+01,1.830000e+01,-1.096096e-01,8.217379e-03,2.169552e-01,1.903759e-02,8.302174e+01,3.438105e+02,2.674336e+01,6.242714e+01,8.776456e+01,3.455125e-01,2.183345e+00
2.850000e+03,7.758485e+01,1.806374e+01,-1.213978e-01,1.342887e-01,4.225125e-01,1.432967e-01,7.000000e-03,2.000000e-02,-2.096398e-02,7.760000e+01,1.830000e+01,-1.096096e-01,1.514549e-02,2.362627e-01,1.178821e-02,8.303689e+01,3.440468e+02,2.675515e+01,6.242737e+01,8.782038e+01,3.456514e-01,2.184234e+00
2.851000e+03,7.758257e+01,1.824132e+01,-1.120524e-01,1.371481e-01,4.025125e-01,1.237675e-01,2.859384e-03,-2.000000e-02,-1.952921e-02,7.760000e+01,1.830000e+01,-1.096096e-01,1.743102e-02,5.867670e-02,2.442813e-03,8.305432e+01,3.441054e+02,2.675759e+01,6.242767e+01,8.782383e+01,3.456574e-01,2.185023e+00
2.852000e+03,7.759060e+01,1.820595e+01,-1.185413e-01,1.301481e-01,4.225125e-01,1.430788e-01,-7.000000e-03,2.000000e-02,1.931138e-02,7.760000e+01,1.830000e+01,-1.096096e-01,9.398767e-03,9.405107e-02,8.931656e-03,8.306372e+01,3.441995e+02,2.676653e+01,6.242776e+01,8.783267e+01,3.457372e-01,2.185845e+00
2.853000e+03,7.758461e+01,1.836948e+01,-1.133167e-01,1.358442e-01,4.025125e-01,1.279444e-01,5.696095e-03,-2.000000e-02,-1.513450e-02,7.760000e+01,1.830000e+01,-1.096096e-01,1.538664e-02,-6.947913e-02,3.707090e-03,8.307911e+01,3.442690e+02,2.677023e+01,6.242800e+01,8.783750e+01,3.457509e-01,2.186507e+00
2.854000e+03,7.759084e+01,1.832134e+01,-1.191137e-01,1.288442e-01,3.825125e-01,1.439470e-01,-7.000000e-03,-2.000000e-02,1.600268e-02,7.760000e+01,1.830000e+01,-1.096096e-01,9.157310e-03,-2.134220e-02,9.504112e-03,8.308826e+01,3.442903e+02,2.677974e+01,6.242808e+01,8.783796e+01,3.458412e-01,2.187212e+00
2.855000e+03,7.759318e+01,1.808302e+01,-1.283038e-01,1.256185e-01,4.025125e-01,1.636844e-01,-3.225702e-03,2.000000e-02,1.973738e-02,7.760000e+01,1.830000e+01,-1.096096e-01,6.824978e-03,2.169789e-01,1.869419e-02,8.309509e+01,3.445073e+02,2.679843e+01,6.242813e+01,8.788504e+01,3.461907e-01,2.188012e+00
2.856000e+03,7.758483e+01,1.806375e+01,-1.218216e-01,1.326185e-01,4.225125e-01,1.444512e-01,7.000000e-03,2.000000e-02,-1.923323e-02,7.760000e+01,1.830000e+01,-1.096096e-01,1.517181e-02,2.362480e-01,1.221202e-02,8.311026e+01,3.447435e+02,2.681064e+01,6.242836e+01,8.794085e+01,3.463399e-01,2.188831e+00
2.857000e+03,7.758087e+01,1.824134e+01,-1.124942e-01,1.391860e-01,4.025125e-01,1.246583e-01,6.567532e-03,-2.000000e-02,-1.979291e-02,7.760000e+01,1.830000e+01,-1.096096e-01,1.913367e-02,5.866416e-02,2.884615e-03,8.312939e+01,3.448022e+02,2.681353e+01,6.242872e+01,8.794429e+01,3.463482e-01,2.189666e+00
2.858000e+03,7.759060e+01,1.820592e+01,-1.180267e-01,1.321860e-01,4.225125e-01,1.416671e-01,-7.000000e-03,2.000000e-02,1.700883e-02,7.760000e+01,1.830000e+01,-1.096096e-01,9.398521e-03,9.408395e-02,8.417059e-03,8.313879e+01,3.448963e+02,2.682194e+01,6.242881e+01,8.795314e+01,3.464190e-01,2.190404e+00
2.859000e+03,7.758666e+01,1.836945e+01,-1.127775e-01,1.333889e-01,4.025125e-01,1.268561e-01,1.202851e-03,-2.000000e-02,-1.481095e-02,7.760000e+01,1.830000e+01,-1.096096e-01,1.334050e-02,-6.944954e-02,3.167903e-03,8.315213e+01,3.449657e+02,2.682511e+01,6.242899e+01,8.795797e+01,3.464291e-01,2.191025e+00
2.860000e+03,7.759084e+01,1.832137e+01,-1.197335e-01,1.275846e-01,3.825125e-01,1.456502e-01,-5.804276e-03,-2.000000e-02,1.879409e-02,7.760000e+01,1.830000e+01,-1.096096e-01,9.160599e-03,-2.136865e-02,1.012392e-02,8.316129e+01,3.449871e+02,2.683524e+01,6.242907e+01,8.795842e+01,3.465316e-01,2.191812e+00
2.861000e+03,7.759178e+01,1.808304e+01,-1.286472e-01,1.272887e-01,4.025125e-01,1.642607e-01,-2.958835e-04,2.000000e-02,1.861042e-02,7.760000e+01,1.830000e+01,-1.096096e-01,8.217379e-03,2.169552e-01,1.903759e-02,8.316951e+01,3.452041e+02,2.685427e+01,6.242914e+01,8.800549e+01,3.468940e-01,2.192558e+00
2.862000e+03,7.758485e+01,1.806374e+01,-1.213978e-01,1.342887e-01,4.225125e-01,1.432967e-01,7.000000e-03,2.000000e-02,-2.096398e-02,7.760000e+01,1.830000e+01,-1.096096e-01,1.514549e-02,2.362627e-01,1.178821e-02,8.318466e+01,3.454403e+02,2.686606e+01,6.242937e+01,8.806131e+01,3.470329e-01,2.193447e+00
2.863000e+03,7.758257e+01,1.824132e+01,-1.120524e-01,1.371481e-01,4.025125e-01,1.237675e-01,2.859384e-03,-2.000000e-02,-1.952921e-02,7.760000e+01,1.830000e+01,-1.096096e-01,1.743102e-02,5.867670e-02,2.442813e-03,8.320209e+01,3.454990e+02,2.686850e+01,6.242967e+01,8.806475e+01,3.470389e-01,2.194236e+00
2.864000e+03,7.759060e+01,1.820595e+01,-1.185413e-01,1.301481e-01,4.225125e-01,1.430788e-01,-7.000000e-03,2.000000e-02,1.931138e-02,7.760000e+01,1.830000e+01,-1.096096e-01,9.398767e-03,9.405107e-02,8.931656e-03,8.321149e+01,3.455930e+02,2.687744e+01,6.242976e+01,8.807360e+01,3.471187e-01,2.195058e+00
2.865000e+03,7.758461e+01,1.836948e+01,-1.133167e-01,1.358442e-01,4.025125e-01,1.279444e-01,5.696095e-03,-2.000000e-02,-1.513450e-02,7.760000e+01,1.830000e+01,-1.096096e-01,1.538664e-02,-6.947913e-02,3.707090e-03,8.322687e+01,3.456625e+02,2.688114e+01,6.243000e+01,8.807843e+01,3.471324e-01,2.195720e+00
2.866000e+03,7.759084e+01,1.832134e+01,-1.191137e-01,1.288442e-01,3.825125e-01,1.439470e-01,-7.000000e-03,-2.000000e-02,1.600268e-02,7.760000e+01,1.830000e+01,-1.096096e-01,9.157310e-03,-2.134220e-02,9.504112e-03,8.323603e+01,3.456839e+02,2.689065e+01,6.243008e+01,8.807888e+01,3.472228e-01,2.196425e+00
2.867000e+03,7.759318e+01,1.808302e+01,-1.283038e-01,1.256185e-01,4.025125e-01,1.636844e-01,-3.225702e-03,2.000000e-02,1.973738e-02,7.760000e+01,1.830000e+01,-1.096096e-01,6.824978e-03,2.169789e-01,1.869419e-02,8.324285e+01,3.459008e+02,2.690934e+01,6.243013e+01,8.812596e+01,3.475722e-01,2.197225e+00
2.868000e+03,7.758483e+01,1.806375e+01,-1.218216e-01,1.326185e-01,4.225125e-01,1.444512e-01,7.000000e-03,2.000000e-02,-1.923323e-02,7.760000e+01,1.830000e+01,-1.096096e-01,1.517181e-02,2.362480e-01,1.221202e-02,8.325803e+01,3.461371e+02,2.692155e+01,6.243036e+01,8.818178e+01,3.477214e-01,2.198044e+00
2.869000e+03,7.758087e+01,1.824134e+01,-1.124942e-01,1.391860e-01,4.025125e-01,1.246583e-01,6.567532e-03,-2.000000e-02,-1.979291e-02,7.760000e+01,1.830000e+01,-1.096096e-01,1.913367e-02,5.866416e-02,2.884615e-03,8.327716e+01,3.461958e+02,2.692444e+01,6.243072e+01,8.818522e+01,3.477297e-01,2.198878e+00
2.870000e+03,7.759060e+01,1.820592e+01,-1.180267e-01,1.321860e-01,4.225125e-01,1.416671e-01,-7.000000e-03,2.000000e-02,1.700883e-02,7.760000e+01,1.830000e+01,-1.096096e-01,9.398521e-03,9.408395e-02,8.417059e-03,8.328656e+01,3.462898e+02,2.693286e+01,6.243081e+01,8.819407e+01,3.478005e-01,2.199617e+00
2.871000e+03,7.758666e+01,1.836945e+01,-1.127775e-01,1.333889e-01,4.025125e-01,1.268561e-01,1.202851e-03,-2.000000e-02,-1.481095e-02,7.760000e+01,1.830000e+01,-1.096096e-01,1.334050e-02,-6.944954e-02,3.167903e-03,8.329990e+01,3.463593e+02,2.693602e+01,6.243099e+01,8.819889e+01,3.478106e-01,2.200238e+00
2.872000e+03,7.759084e+01,1.832137e+01,-1.197335e-01,1.275846e-01,3.825125e-01,1.456502e-01,-5.804276e-03,-2.000000e-02,1.879409e-02,7.760000e+01,1.830000e+01,-1.096096e-01,9.160599e-03,-2.136865e-02,1.012392e-02,8.330906e+01,3.463807e+02,2.694615e+01,6.243107e+01,8.819935e+01,3.479131e-01,2.201024e+00
2.873000e+03,7.759178e+01,1.808304e+01,-1.286472e-01,1.272887e-01,4.025125e-01,1.642607e-01,-2.958835e-04,2.000000e-02,1.861042e-02,7.760000e+01,1.830000e+01,-1.096096e-01,8.217379e-03,2.169552e-01,1.903759e-02,8.331728e+01,3.465976e+02,2.696519e+01,6.243114e+01,8.824642e+01,3.482755e-01,2.201771e+00
2.874000e+03,7.758485e+01,1.806374e+01,-1.213978e-01,1.342887e-01,4.225125e-01,1.432967e-01,7.000000e-03,2.000000e-02,-2.096398e-02,7.760000e+01,1.830000e+01,-1.096096e-01,1.514549e-02,2.362627e-01,1.178821e-02,8.333242e+01,3.468339e+02,2.697697e+01,6.243137e+01,8.830224e+01,3.484145e-01,2.202659e+00
2.875000e+03,7.758257e+01,1.824132e+01,-1.120524e-01,1.371481e-01,4.025125e-01,1.237675e-01,2.859384e-03,-2.000000e-02,-1.952921e-02,7.760000e+01,1.830000e+01,-1.096096e-01,1.743102e-02,5.867670e-02,2.442813e-03,8.334985e+01,3.468926e+02,2.697942e+01,6.243168e+01,8.830568e+01,3.484204e-01,2.203449e+00
2.876000e+03,7.759060e+01,1.820595e+01,-1.185413e-01,1.301481e-01,4.225125e-01,1.430788e-01,-7.000000e-03,2.000000e-02,1.931138e-02,7.760000e+01,1.830000e+01,-1.096096e-01,9.398767e-03,9.405107e-02,8.931656e-03,8.335925e+01,3.469866e+02,2.698835e+01,6.243176e+01,8.831453e+01,3.485002e-01,2.204271e+00
2.877000e+03,7.758461e+01,1.836948e+01,-1.133167e-01,1.358442e-01,4.025125e-01,1.279444e-01,5.696095e-03,-2.000000e-02,-1.513450e-02,7.760000e+01,1.830000e+01,-1.096096e-01,1.538664e-02,-6.947913e-02,3.707090e-03,8.337464e+01,3.470561e+02,2.699205e+01,6.243200e+01,8.831935e+01,3.485139e-01,2.204932e+00
2.878000e+03,7.759084e+01,1.832134e+01,-1.191137e-01,1.288442e-01,3.825125e-01,1.439470e-01,-7.000000e-03,-2.000000e-02,1.600268e-02,7.760000e+01,1.830000e+01,-1.096096e-01,9.157310e-03,-2.134220e-02,9.504112e-03,8.338380e+01,3.470774e+02,2.700156e+01,6.243208e+01,8.831981e+01,3.486043e-01,2.205637e+00
2.879000e+03,7.759318e+01,1.808302e+01,-1.283038e-01,1.256185e-01,4.025125e-01,1.636844e-01,-3.225702e-03,2.000000e-02,1.973738e-02,7.760000e+01,1.830000e+01,-1.096096e-01,6.824978e-03,2.169789e-01,1.869419e-02,8.339062e+01,3.472944e+02,2.702025e+01,6.243213e+01,8.836689e+01,3.489537e-01,2.206437e+00
2.880000e+03,7.758483e+01,1.806375e+01,-1.218216e-01,1.326185e-01,4.225125e-01,1.444512e-01,7.000000e-03,2.000000e-02,-1.923323e-02,7.760000e+01,1.830000e+01,-1.096096e-01,1.517181e-02,2.362480e-01,1.221202e-02,8.340579e+01,3.475307e+02,2.703247e+01,6.243236e+01,8.842270e+01,3.491029e-01,2.207256e+00
2.881000e+03,7.758087e+01,1.824134e+01,-1.124942e-01,1.391860e-01,4.025125e-01,1.246583e-01,6.567532e-03,-2.000000e-02,-1.979291e-02,7.760000e+01,1.830000e+01,-1.096096e-01,1.913367e-02,5.866416e-02,2.884615e-03,8.342493e+01,3.475893e+02,2.703535e+01,6.243273e+01,8.842614e+01,3.491112e-01,2.208091e+00
2.882000e+03,7.759060e+01,1.820592e+01,-1.180267e-01,1.321860e-01,4.225125e-01,1.416671e-01,-7.000000e-03,2.000000e-02,1.700883e-02,7.760000e+01,1.830000e+01,-1.096096e-01,9.398521e-03,9.408395e-02,8.417059e-03,8.343432e+01,3.476834e+02,2.704377e+01,6.243282e+01,8.843500e+01,3.491820e-01,2.208830e+00
2.883000e+03,7.758666e+01,1.836945e+01,-1.127775e-01,1.333889e-01,4.025125e-01,1.268561e-01,1.202851e-03,-2.000000e-02,-1.481095e-02,7.760000e+01,1.830000e+01,-1.096096e-01,1.334050e-02,-6.944954e-02,3.167903e-03,8.344767e+01,3.477528e+02,2.704693e+01,6.243299e+01,8.843982e+01,3.491921e-01,2.209450e+00
2.884000e+03,7.759084e+01,1.832137e+01,-1.197335e-01,1.275846e-01,3.825125e-01,1.456502e-01,-5.804276e-03,-2.000000e-02,1.879409e-02,7.760000e+01,1.830000e+01,-1.096096e-01,9.160599e-03,-2.136865e-02,1.012392e-02,8.345683e+01,3.477742e+02,2.705706e+01,6.243308e+01,8.844028e+01,3.492946e-01,2.210237e+00
2.885000e+03,7.759178e+01,1.808304e+01,-1.286472e-01,1.272887e-01,4.025125e-01,1.642607e-01,-2.958835e-04,2.000000e-02,1.861042e-02,7.760000e+01,1.830000e+01,-1.096096e-01,8.217379e-03,2.169552e-01,1.903759e-02,8.346504e+01,3.479912e+02,2.707610e+01,6.243315e+01,8.848735e+01,3.496570e-01,2.210984e+00
2.886000e+03,7.758485e+01,1.806374e+01,-1.213978e-01,1.342887e-01,4.225125e-01,1.432967e-01,7.000000e-03,2.000000e-02,-2.096398e-02,7.760000e+01,1.830000e+01,-1.096096e-01,1.514549e-02,2.362627e-01,1.178821e-02,8.348019e+01,3.482274e+02,2.708788e+01,6.243337e+01,8.854317e+01,3.497960e-01,2.211872e+00
2.887000e+03,7.758257e+01,1.824132e+01,-1.120524e-01,1.371481e-01,4.025125e-01,1.237675e-01,2.859384e-03,-2.000000e-02,-1.952921e-02,7.760000e+01,1.830000e+01,-1.096096e-01,1.743102e-02,5.867670e-02,2.442813e-03,8.349762e+01,3.482861e+02,2.709033e+01,6.243368e+01,8.854661e+01,3.498019e-01,2.212662e+00
2.888000e+03,7.759060e+01,1.820595e+01,-1.185413e-01,1.301481e-01,4.225125e-01,1.430788e-01,-7.000000e-03,2.000000e-02,1.931138e-02,7.760000e+01,1.830000e+01,-1.096096e-01,9.398767e-03,9.405107e-02,8.931656e-03,8.350702e+01,3.483802e+02,2.709926e+01,6.243377e+01,8.855545e+01,3.498817e-01,2.213484e+00
2.889000e+03,7.758461e+01,1.836948e+01,-1.133167e-01,1.358442e-01,4.025125e-01,1.279444e-01,5.696095e-03,-2.000000e-02,-1.513450e-02,7.760000e+01,1.830000e+01,-1.096096e-01,1.538664e-02,-6.947913e-02,3.707090e-03,8.352241e+01,3.484496e+02,2.710297e+01,6.243400e+01,8.856028e+01,3.498954e-01,2.214145e+00
2.890000e+03,7.759084e+01,1.832134e+01,-1.191137e-01,1.288442e-01,3.825125e-01,1.439470e-01,-7.000000e-03,-2.000000e-02,1.600268e-02,7.760000e+01,1.830000e+01,-1.096096e-01,9.157310e-03,-2.134220e-02,9.504112e-03,8.353156e+01,3.484710e+02,2.711247e+01,6.243409e+01,8.856074e+01,3.499858e-01,2.214850e+00
2.891000e+03,7.759318e+01,1.808302e+01,-1.283038e-01,1.256185e-01,4.025125e-01,1.636844e-01,-3.225702e-03,2.000000e-02,1.973738e-02,7.760000e+01,1.830000e+01,-1.096096e-01,6.824978e-03,2.169789e-01,1.869419e-02,8.353839e+01,3.486880e+02,2.713116e+01,6.243413e+01,8.860782e+01,3.503352e-01,2.215650e+00
2.892000e+03,7.758483e+01,1.806375e+01,-1.218216e-01,1.326185e-01,4.225125e-01,1.444512e-01,7.000000e-03,2.000000e-02,-1.923323e-02,7.760000e+01,1.830000e+01,-1.096096e-01,1.517181e-02,2.362480e-01,1.221202e-02,8.355356e+01,3.489242e+02,2.714338e+01,6.243436e+01,8.866363e+01,3.504844e-01,2.216469e+00
2.893000e+03,7.758087e+01,1.824134e+01,-1.124942e-01,1.391860e-01,4.025125e-01,1.246583e-01,6.567532e-03,-2.000000e-02,-1.979291e-02,7.760000e+01,1.830000e+01,-1.096096e-01,1.913367e-02,5.866416e-02,2.884615e-03,8.357269e+01,3.489829e+02,2.714626e+01,6.243473e+01,8.866707e+01,3.504927e-01,2.217304e+00
2.894000e+03,7.759060e+01,1.820592e+01,-1.180267e-01,1.321860e-01,4.225125e-01,1.416671e-01,-7.000000e-03,2.000000e-02,1.700883e-02,7.760000e+01,1.830000e+01,-1.096096e-01,9.398521e-03,9.408395e-02,8.417059e-03,8.358209e+01,3.490770e+02,2.715468e+01,6.243482e+01,8.867592e+01,3.505635e-01,2.218042e+00
2.895000e+03,7.758666e+01,1.836945e+01,-1.127775e-01,1.333889e-01,4.025125e-01,1.268561e-01,1.202851e-03,-2.000000e-02,-1.481095e-02,7.760000e+01,1.830000e+01,-1.096096e-01,1.334050e-02,-6.944954e-02,3.167903e-03,8.359543e+01,3.491464e+02,2.715785e+01,6.243500e+01,8.868075e+01,3.505736e-01,2.218663e+00
2.896000e+03,7.759084e+01,1.832137e+01,-1.197335e-01,1.275846e-01,3.825125e-01,1.456502e-01,-5.804276e-03,-2.000000e-02,1.879409e-02,7.760000e+01,1.830000e+01,-1.096096e-01,9.160599e-03,-2.136865e-02,1.012392e-02,8.360459e+01,3.491678e+02,2.716797e+01,6.243508e+01,8.868120e+01,3.506761e-01,2.219450e+00
2.897000e+03,7.759178e+01,1.808304e+01,-1.286472e-01,1.272887e-01,4.025125e-01,1.642607e-01,-2.958835e-04,2.000000e-02,1.861042e-02,7.760000e+01,1.830000e+01,-1.096096e-01,8.217379e-03,2.169552e-01,1.903759e-02,8.361281e+01,3.493847e+02,2.718701e+01,6.243515e+01,8.872827e+01,3.510385e-01,2.220196e+00
2.898000e+03,7.758485e+01,1.806374e+01,-1.213978e-01,1.342887e-01,4.225125e-01,1.432967e-01,7.000000e-03,2.000000e-02,-2.096398e-02,7.760000e+01,1.830000e+01,-1.096096e-01,1.514549e-02,2.362627e-01,1.178821e-02,8.362796e+01,3.496210e+02,2.719880e+01,6.243538e+01,8.878409e+01,3.511775e-01,2.221085e+00
2.899000e+03,7.758257e+01,1.824132e+01,-1.120524e-01,1.371481e-01,4.025125e-01,1.237675e-01,2.859384e-03,-2.000000e-02,-1.952921e-02,7.760000e+01,1.830000e+01,-1.096096e-01,1.743102e-02,5.867670e-02,2.442813e-03,8.364539e+01,3.496797e+02,2.720124e+01,6.243568e+01,8.878754e+01,3.511834e-01,2.221875e+00
2.900000e+03,7.759060e+01,1.820595e+01,-1.185413e-01,1.301481e-01,4.225125e-01,1.430788e-01,-7.000000e-03,2.000000e-02,1.931138e-02,7.760000e+01,1.830000e+01,-1.096096e-01,9.398767e-03,9.405107e-02,8.931656e-03,8.365479e+01,3.497737e+02,2.721017e+01,6.243577e+01,8.879638e+01,3.512632e-01,2.222696e+00
2.901000e+03,7.758461e+01,1.836948e+01,-1.133167e-01,1.358442e-01,4.025125e-01,1.279444e-01,5.696095e-03,-2.000000e-02,-1.513450e-02,7.760000e+01,1.830000e+01,-1.096096e-01,1.538664e-02,-6.947913e-02,3.707090e-03,8.367017e+01,3.498432e+02,2.721388e+01,6.243601e+01,8.880121e+01,3.512770e-01,2.223358e+00
2.902000e+03,7.759084e+01,1.832134e+01,-1.191137e-01,1.288442e-01,3.825125e-01,1.439470e-01,-7.000000e-03,-2.000000e-02,1.600268e-02,7.760000e+01,1.830000e+01,-1.096096e-01,9.157310e-03,-2.134220e-02,9.504112e-03,8.367933e+01,3.498645e+02,2.722338e+01,6.243609e+01,8.880166e+01,3.513673e-01,2.224063e+00
2.903000e+03,7.759318e+01,1.808302e+01,-1.283038e-01,1.256185e-01,4.025125e-01,1.636844e-01,-3.225702e-03,2.000000e-02,1.973738e-02,7.760000e+01,1.830000e+01,-1.096096e-01,6.824978e-03,2.169789e-01,1.869419e-02,8.368615e+01,3.500815e+02,2.724208e+01,6.243614e+01,8.884874e+01,3.517168e-01,2.224863e+00
2.904000e+03,7.758483e+01,1.806375e+01,-1.218216e-01,1.326185e-01,4.225125e-01,1.444512e-01,7.000000e-03,2.000000e-02,-1.923323e-02,7.760000e+01,1.830000e+01,-1.096096e-01,1.517181e-02,2.362480e-01,1.221202e-02,8.370133e+01,3.503178e+02,2.725429e+01,6.243637e+01,8.890456e+01,3.518659e-01,2.225682e+00
2.905000e+03,7.758087e+01,1.824134e+01,-1.124942e-01,1.391860e-01,4.025125e-01,1.246583e-01,6.567532e-03,-2.000000e-02,-1.979291e-02,7.760000e+01,1.830000e+01,-1.096096e-01,1.913367e-02,5.866416e-02,2.884615e-03,8.372046e+01,3.503764e+02,2.725717e+01,6.243673e+01,8.890800e+01,3.518742e-01,2.226517e+00
2.906000e+03,7.759060e+01,1.820592e+01,-1.180267e-01,1.321860e-01,4.225125e-01,1.416671e-01,-7.000000e-03,2.000000e-02,1.700883e-02,7.760000e+01,1.830000e+01,-1.096096e-01,9.398521e-03,9.408395e-02,8.417059e-03,8.372986e+01,3.504705e+02,2.726559e+01,6.243682e+01,8.891685e+01,3.519451e-01,2.227255e+00
2.907000e+03,7.758666e+01,1.836945e+01,-1.127775e-01,1.333889e-01,4.025125e-01,1.268561e-01,1.202851e-03,-2.000000e-02,-1.481095e-02,7.760000e+01,1.830000e+01,-1.096096e-01,1.334050e-02,-6.944954e-02,3.167903e-03,8.374320e+01,3.505400e+02,2.726876e+01,6.243700e+01,8.892167e+01,3.519551e-01,2.227876e+00
2.908000e+03,7.759084e+01,1.832137e+01,-1.197335e-01,1.275846e-01,3.825125e-01,1.456502e-01,-5.804276e-03,-2.000000e-02,1.879409e-02,7.760000e+01,1.830000e+01,-1.096096e-01,9.160599e-03,-2.136865e-02,1.012392e-02,8.375236e+01,3.505613e+02,2.727888e+01,6.243708e+01,8.892213e+01,3.520576e-01,2.228663e+00
2.909000e+03,7.759178e+01,1.808304e+01,-1.286472e-01,1.272887e-01,4.025125e-01,1.642607e-01,-2.958835e-04,2.000000e-02,1.861042e-02,7.760000e+01,1.830000e+01,-1.096096e-01,8.217379e-03,2.169552e-01,1.903759e-02,8.376058e+01,3.507783e+02,2.729792e+01,6.243715e+01,8.896920e+01,3.524200e-01,2.229409e+00
2.910000e+03,7.758485e+01,1.806374e+01,-1.213978e-01,1.342887e-01,4.225125e-01,1.432967e-01,7.000000e-03,2.000000e-02,-2.096398e-02,7.760000e+01,1.830000e+01,-1.096096e-01,1.514549e-02,2.362627e-01,1.178821e-02,8.377572e+01,3.510146e+02,2.730971e+01,6.243738e+01,8.902502e+01,3.525590e-01,2.230298e+00
2.911000e+03,7.758257e+01,1.824132e+01,-1.120524e-01,1.371481e-01,4.025125e-01,1.237675e-01,2.859384e-03,-2.000000e-02,-1.952921e-02,7.760000e+01,1.830000e+01,-1.096096e-01,1.743102e-02,5.867670e-02,2.442813e-03,8.379315e+01,3.510732e+02,2.731215e+01,6.243768e+01,8.902846e+01,3.525649e-01,2.231087e+00
2.912000e+03,7.759060e+01,1.820595e+01,-1.185413e-01,1.301481e-01,4.225125e-01,1.430788e-01,-7.000000e-03,2.000000e-02,1.931138e-02,7.760000e+01,1.830000e+01,-1.096096e-01,9.398767e-03,9.405107e-02,8.931656e-03,8.380255e+01,3.511673e+02,2.732108e+01,6.243777e+01,8.903731e+01,3.526447e-01,2.231909e+00
2.913000e+03,7.758461e+01,1.836948e+01,-1.133167e-01,1.358442e-01,4.025125e-01,1.279444e-01,5.696095e-03,-2.000000e-02,-1.513450e-02,7.760000e+01,1.830000e+01,-1.096096e-01,1.538664e-02,-6.947913e-02,3.707090e-03,8.381794e+01,3.512368e+02,2.732479e+01,6.243801e+01,8.904214e+01,3.526585e-01,2.232571e+00
2.914000e+03,7.759084e+01,1.832134e+01,-1.191137e-01,1.288442e-01,3.825125e-01,1.439470e-01,-7.000000e-03,-2.000000e-02,1.600268e-02,7.760000e+01,1.830000e+01,-1.096096e-01,9.157310e-03,-2.134220e-02,9.504112e-03,8.382710e+01,3.512581e+02,2.733429e+01,6.243809e+01,8.904259e+01,3.527488e-01,2.233276e+00
2.915000e+03,7.759318e+01,1.808302e+01,-1.283038e-01,1.256185e-01,4.025125e-01,1.636844e-01,-3.225702e-03,2.000000e-02,1.973738e-02,7.760000e+01,1.830000e+01,-1.096096e-01,6.824978e-03,2.169789e-01,1.869419e-02,8.383392e+01,3.514751e+02,2.735299e+01,6.243814e+01,8.908967e+01,3.530983e-01,2.234076e+00
2.916000e+03,7.758483e+01,1.806375e+01,-1.218216e-01,1.326185e-01,4.225125e-01,1.444512e-01,7.000000e-03,2.000000e-02,-1.923323e-02,7.760000e+01,1.830000e+01,-1.096096e-01,1.517181e-02,2.362480e-01,1.221202e-02,8.384909e+01,3.517113e+02,2.736520e+01,6.243837e+01,8.914548e+01,3.532474e-01,2.234895e+00
2.917000e+03,7.758087e+01,1.824134e+01,-1.124942e-01,1.391860e-01,4.025125e-01,1.246583e-01,6.567532e-03,-2.000000e-02,-1.979291e-02,7.760000e+01,1.830000e+01,-1.096096e-01,1.913367e-02,5.866416e-02,2.884615e-03,8.386823e+01,3.517700e+02,2.736808e+01,6.243874e+01,8.914893e+01,3.532557e-01,2.235730e+00
2.918000e+03,7.759060e+01,1.820592e+01,-1.180267e-01,1.321860e-01,4.225125e-01,1.416671e-01,-7.000000e-03,2.000000e-02,1.700883e-02,7.760000e+01,1.830000e+01,-1.096096e-01,9.398521e-03,9.408395e-02,8.417059e-03,8.387762e+01,3.518641e+02,2.737650e+01,6.243882e+01,8.915778e+01,3.533266e-01,2.236468e+00
2.919000e+03,7.758666e+01,1.836945e+01,-1.127775e-01,1.333889e-01,4.025125e-01,1.268561e-01,1.202851e-03,-2.000000e-02,-1.481095e-02,7.760000e+01,1.830000e+01,-1.096096e-01,1.334050e-02,-6.944954e-02,3.167903e-03,8.389097e+01,3.519335e+02,2.737967e+01,6.243900e+01,8.916260e+01,3.533366e-01,2.237089e+00
2.920000e+03,7.759084e+01,1.832137e+01,-1.197335e-01,1.275846e-01,3.825125e-01,1.456502e-01,-5.804276e-03,-2.000000e-02,1.879409e-02,7.760000e+01,1.830000e+01,-1.096096e-01,9.160599e-03,-2.136865e-02,1.012392e-02,8.390013e+01,3.519549e+02,2.738979e+01,6.243909e+01,8.916306e+01,3.534391e-01,2.237876e+00
2.921000e+03,7.759178e+01,1.808304e+01,-1.286472e-01,1.272887e-01,4.025125e-01,1.642607e-01,-2.958835e-04,2.000000e-02,1.861042e-02,7.760000e+01,1.830000e+01,-1.096096e-01,8.217379e-03,2.169552e-01,1.903759e-02,8.390834e+01,3.521719e+02,2.740883e+01,6.243915e+01,8.921013e+01,3.538015e-01,2.238622e+00
2.922000e+03,7.758485e+01,1.806374e+01,-1.213978e-01,1.342887e-01,4.225125e-01,1.432967e-01,7.000000e-03,2.000000e-02,-2.096398e-02,7.760000e+01,1.830000e+01,-1.096096e-01,1.514549e-02,2.362627e-01,1.178821e-02,8.392349e+01,3.524081e+02,2.742062e+01,6.243938e+01,8.926595e+01,3.539405e-01,2.239511e+00
2.923000e+03,7.758257e+01,1.824132e+01,-1.120524e-01,1.371481e-01,4.025125e-01,1.237675e-01,2.859384e-03,-2.000000e-02,-1.952921e-02,7.760000e+01,1.830000e+01,-1.096096e-01,1.743102e-02,5.867670e-02,2.442813e-03,8.394092e+01,3.524668e+02,2.742306e+01,6.243969e+01,8.926939e+01,3.539464e-01,2.240300e+00
2.924000e+03,7.759060e+01,1.820595e+01,-1.185413e-01,1.301481e-01,4.225125e-01,1.430788e-01,-7.000000e-03,2.000000e-02,1.931138e-02,7.760000e+01,1.830000e+01,-1.096096e-01,9.398767e-03,9.405107e-02,8.931656e-03,8.395032e+01,3.525608e+02,2.743199e+01,6.243977e+01,8.927824e+01,3.540262e-01,2.241122e+00
2.925000e+03,7.758461e+01,1.836948e+01,-1.133167e-01,1.358442e-01,4.025125e-01,1.279444e-01,5.696095e-03,-2.000000e-02,-1.513450e-02,7.760000e+01,1.830000e+01,-1.096096e-01,1.538664e-02,-6.947913e-02,3.707090e-03,8.396571e+01,3.526303e+02,2.743570e+01,6.244001e+01,8.928306e+01,3.540400e-01,2.241784e+00
2.926000e+03,7.759084e+01,1.832134e+01,-1.191137e-01,1.288442e-01,3.825125e-01,1.439470e-01,-7.000000e-03,-2.000000e-02,1.600268e-02,7.760000e+01,1.830000e+01,-1.096096e-01,9.157310e-03,-2.134220e-02,9.504112e-03,8.397486e+01,3.526517e+02,2.744520e+01,6.244010e+01,8.928352e+01,3.541303e-01,2.242489e+00
2.927000e+03,7.759318e+01,1.808302e+01,-1.283038e-01,1.256185e-01,4.025125e-01,1.636844e-01,-3.225702e-03,2.000000e-02,1.973738e-02,7.760000e+01,1.830000e+01,-1.096096e-01,6.824978e-03,2.169789e-01,1.869419e-02,8.398169e+01,3.528686e+02,2.746390e+01,6.244014e+01,8.933060e+01,3.544798e-01,2.243289e+00
2.928000e+03,7.758483e+01,1.806375e+01,-1.218216e-01,1.326185e-01,4.225125e-01,1.444512e-01,7.000000e-03,2.000000e-02,-1.923323e-02,7.760000e+01,1.830000e+01,-1.096096e-01,1.517181e-02,2.362480e-01,1.221202e-02,8.399686e+01,3.531049e+02,2.747611e+01,6.244037e+01,8.938641e+01,3.546289e-01,2.244108e+00
2.929000e+03,7.758087e+01,1.824134e+01,-1.124942e-01,1.391860e-01,4.025125e-01,1.246583e-01,6.567532e-03,-2.000000e-02,-1.979291e-02,7.760000e+01,1.830000e+01,-1.096096e-01,1.913367e-02,5.866416e-02,2.884615e-03,8.401599e+01,3.531636e+02,2.747899e+01,6.244074e+01,8.938985e+01,3.546372e-01,2.244942e+00
2.930000e+03,7.759060e+01,1.820592e+01,-1.180267e-01,1.321860e-01,4.225125e-01,1.416671e-01,-7.000000e-03,2.000000e-02,1.700883e-02,7.760000e+01,1.830000e+01,-1.096096e-01,9.398521e-03,9.408395e-02,8.417059e-03,8.402539e+01,3.532576e+02,2.748741e+01,6.244083e+01,8.939870e+01,3.547081e-01,2.245681e+00
2.931000e+03,7.758666e+01,1.836945e+01,-1.127775e-01,1.333889e-01,4.025125e-01,1.268561e-01,1.202851e-03,-2.000000e-02,-1.481095e-02,7.760000e+01,1.830000e+01,-1.096096e-01,1.334050e-02,-6.944954e-02,3.167903e-03,8.403873e+01,3.533271e+02,2.749058e+01,6.244100e+01,8.940353e+01,3.547181e-01,2.246302e+00
2.932000e+03,7.759084e+01,1.832137e+01,-1.197335e-01,1.275846e-01,3.825125e-01,1.456502e-01,-5.804276e-03,-2.000000e-02,1.879409e-02,7.760000e+01,1.830000e+01,-1.096096e-01,9.160599e-03,-2.136865e-02,1.012392e-02,8.404789e+01,3.533485e+02,2.750070e+01,6.244109e+01,8.940398e+01,3.548206e-01,2.247088e+00
2.933000e+03,7.759178e+01,1.808304e+01,-1.286472e-01,1.272887e-01,4.025125e-01,1.642607e-01,-2.958835e-04,2.000000e-02,1.861042e-02,7.760000e+01,1.830000e+01,-1.096096e-01,8.217379e-03,2.169552e-01,1.903759e-02,8.405611e+01,3.535654e+02,2.751974e+01,6.244116e+01,8.945105e+01,3.551830e-01,2.247835e+00
2.934000e+03,7.758485e+01,1.806374e+01,-1.213978e-01,1.342887e-01,4.225125e-01,1.432967e-01,7.000000e-03,2.000000e-02,-2.096398e-02,7.760000e+01,1.830000e+01,-1.096096e-01,1.514549e-02,2.362627e-01,1.178821e-02,8.407126e+01,3.538017e+02,2.753153e+01,6.244139e+01,8.950687e+01,3.553220e-01,2.248723e+00
2.935000e+03,7.758257e+01,1.824132e+01,-1.120524e-01,1.371481e-01,4.025125e-01,1.237675e-01,2.859384e-03,-2.000000e-02,-1.952921e-02,7.760000e+01,1.830000e+01,-1.096096e-01,1.743102e-02,5.867670e-02,2.442813e-03,8.408869e+01,3.538604e+02,2.753397e+01,6.244169e+01,8.951032e+01,3.553280e-01,2.249513e+00
2.936000e+03,7.759060e+01,1.820595e+01,-1.185413e-01,1.301481e-01,4.225125e-01,1.430788e-01,-7.000000e-03,2.000000e-02,1.931138e-02,7.760000e+01,1.830000e+01,-1.096096e-01,9.398767e-03,9.405107e-02,8.931656e-03,8.409809e+01,3.539544e+02,2.754290e+01,6.244178e+01,8.951916e+01,3.554077e-01,2.250335e+00
2.937000e+03,7.758461e+01,1.836948e+01,-1.133167e-01,1.358442e-01,4.025125e-01,1.279444e-01,5.696095e-03,-2.000000e-02,-1.513450e-02,7.760000e+01,1.830000e+01,-1.096096e-01,1.538664e-02,-6.947913e-02,3.707090e-03,8.411347e+01,3.540239e+02,2.754661e+01,6.244201e+01,8.952399e+01,3.554215e-01,2.250996e+00
2.938000e+03,7.759084e+01,1.832134e+01,-1.191137e-01,1.288442e-01,3.825125e-01,1.439470e-01,-7.000000e-03,-2.000000e-02,1.600268e-02,7.760000e+01,1.830000e+01,-1.096096e-01,9.157310e-03,-2.134220e-02,9.504112e-03,8.412263e+01,3.540452e+02,2.755611e+01,6.244210e+01,8.952445e+01,3.555118e-01,2.251701e+00
2.939000e+03,7.759318e+01,1.808302e+01,-1.283038e-01,1.256185e-01,4.025125e-01,1.636844e-01,-3.225702e-03,2.000000e-02,1.973738e-02,7.760000e+01,1.830000e+01,-1.096096e-01,6.824978e-03,2.169789e-01,1.869419e-02,8.412945e+01,3.542622e+02,2.757481e+01,6.244214e+01,8.957153e+01,3.558613e-01,2.252501e+00
2.940000e+03,7.758483e+01,1.806375e+01,-1.218216e-01,1.326185e-01,4.225125e-01,1.444512e-01,7.000000e-03,2.000000e-02,-1.923323e-02,7.760000e+01,1.830000e+01,-1.096096e-01,1.517181e-02,2.362480e-01,1.221202e-02,8.414463e+01,3.544985e+02,2.758702e+01,6.244238e+01,8.962734e+01,3.560104e-01,2.253320e+00
2.941000e+03,7.758087e+01,1.824134e+01,-1.124942e-01,1.391860e-01,4.025125e-01,1.246583e-01,6.567532e-03,-2.000000e-02,-1.979291e-02,7.760000e+01,1.830000e+01,-1.096096e-01,1.913367e-02,5.866416e-02,2.884615e-03,8.416376e+01,3.545571e+02,2.758991e+01,6.244274e+01,8.963078e+01,3.560187e-01,2.254155e+00
2.942000e+03,7.759060e+01,1.820592e+01,-1.180267e-01,1.321860e-01,4.225125e-01,1.416671e-01,-7.000000e-03,2.000000e-02,1.700883e-02,7.760000e+01,1.830000e+01,-1.096096e-01,9.398521e-03,9.408395e-02,8.417059e-03,8.417316e+01,3.546512e+02,2.759832e+01,6.244283e+01,8.963963e+01,3.560896e-01,2.254894e+00
2.943000e+03,7.758666e+01,1.836945e+01,-1.127775e-01,1.333889e-01,4.025125e-01,1.268561e-01,1.202851e-03,-2.000000e-02,-1.481095e-02,7.760000e+01,1.830000e+01,-1.096096e-01,1.334050e-02,-6.944954e-02,3.167903e-03,8.418650e+01,3.547207e+02,2.760149e+01,6.244301e+01,8.964446e+01,3.560996e-01,2.255514e+00
2.944000e+03,7.759084e+01,1.832137e+01,-1.197335e-01,1.275846e-01,3.825125e-01,1.456502e-01,-5.804276e-03,-2.000000e-02,1.879409e-02,7.760000e+01,1.830000e+01,-1.096096e-01,9.160599e-03,-2.136865e-02,1.012392e-02,8.419566e+01,3.547420e+02,2.761161e+01,6.244309e+01,8.964491e+01,3.562021e-01,2.256301e+00
2.945000e+03,7.759178e+01,1.808304e+01,-1.286472e-01,1.272887e-01,4.025125e-01,1.642607e-01,-2.958835e-04,2.000000e-02,1.861042e-02,7.760000e+01,1.830000e+01,-1.096096e-01,8.217379e-03,2.169552e-01,1.903759e-02,8.420388e+01,3.549590e+02,2.763065e+01,6.244316e+01,8.969198e+01,3.565645e-01,2.257048e+00
2.946000e+03,7.758485e+01,1.806374e+01,-1.213978e-01,1.342887e-01,4.225125e-01,1.432967e-01,7.000000e-03,2.000000e-02,-2.096398e-02,7.760000e+01,1.830000e+01,-1.096096e-01,1.514549e-02,2.362627e-01,1.178821e-02,8.421902e+01,3.551952e+02,2.764244e+01,6.244339e+01,8.974780e+01,3.567035e-01,2.257936e+00
2.947000e+03,7.758257e+01,1.824132e+01,-1.120524e-01,1.371481e-01,4.025125e-01,1.237675e-01,2.859384e-03,-2.000000e-02,-1.952921e-02,7.760000e+01,1.830000e+01,-1.096096e-01,1.743102e-02,5.867670e-02,2.442813e-03,8.423645e+01,3.552539e+02,2.764488e+01,6.244369e+01,8.975124e+01,3.567095e-01,2.258726e+00
2.948000e+03,7.759060e+01,1.820595e+01,-1.185413e-01,1.301481e-01,4.225125e-01,1.430788e-01,-7.000000e-03,2.000000e-02,1.931138e-02,7.760000e+01,1.830000e+01,-1.096096e-01,9.398767e-03,9.405107e-02,8.931656e-03,8.424585e+01,3.553480e+02,2.765381e+01,6.244378e+01,8.976009e+01,3.567892e-01,2.259548e+00
2.949000e+03,7.758461e+01,1.836948e+01,-1.133167e-01,1.358442e-01,4.025125e-01,1.279444e-01,5.696095e-03,-2.000000e-02,-1.513450e-02,7.760000e+01,1.830000e+01,-1.096096e-01,1.538664e-02,-6.947913e-02,3.707090e-03,8.426124e+01,3.554174e+02,2.765752e+01,6.244402e+01,8.976492e+01,3.568030e-01,2.260209e+00
2.950000e+03,7.759084e+01,1.832134e+01,-1.191137e-01,1.288442e-01,3.825125e-01,1.439470e-01,-7.000000e-03,-2.000000e-02,1.600268e-02,7.760000e+01,1.830000e+01,-1.096096e-01,9.157310e-03,-2.134220e-02,9.504112e-03,8.427040e+01,3.554388e+02,2.766703e+01,6.244410e+01,8.976537e+01,3.568933e-01,2.260914e+00
2.951000e+03,7.759318e+01,1.808302e+01,-1.283038e-01,1.256185e-01,4.025125e-01,1.636844e-01,-3.225702e-03,2.000000e-02,1.973738e-02,7.760000e+01,1.830000e+01,-1.096096e-01,6.824978e-03,2.169789e-01,1.869419e-02,8.427722e+01,3.556558e+02,2.768572e+01,6.244415e+01,8.981245e+01,3.572428e-01,2.261714e+00
2.952000e+03,7.758483e+01,1.806375e+01,-1.218216e-01,1.326185e-01,4.225125e-01,1.444512e-01,7.000000e-03,2.000000e-02,-1.923323e-02,7.760000e+01,1.830000e+01,-1.096096e-01,1.517181e-02,2.362480e-01,1.221202e-02,8.429239e+01,3.558920e+02,2.769793e+01,6.244438e+01,8.986827e+01,3.573919e-01,2.262533e+00
2.953000e+03,7.758087e+01,1.824134e+01,-1.124942e-01,1.391860e-01,4.025125e-01,1.246583e-01,6.567532e-03,-2.000000e-02,-1.979291e-02,7.760000e+01,1.830000e+01,-1.096096e-01,1.913367e-02,5.866416e-02,2.884615e-03,8.431153e+01,3.559507e+02,2.770082e+01,6.244474e+01,8.987171e+01,3.574002e-01,2.263368e+00
2.954000e+03,7.759060e+01,1.820592e+01,-1.180267e-01,1.321860e-01,4.225125e-01,1.416671e-01,-7.000000e-03,2.000000e-02,1.700883e-02,7.760000e+01,1.830000e+01,-1.096096e-01,9.398521e-03,9.408395e-02,8.417059e-03,8.432092e+01,3.560448e+02,2.770923e+01,6.244483e+01,8.988056e+01,3.574711e-01,2.264106e+00
2.955000e+03,7.758666e+01,1.836945e+01,-1.127775e-01,1.333889e-01,4.025125e-01,1.268561e-01,1.202851e-03,-2.000000e-02,-1.481095e-02,7.760000e+01,1.830000e+01,-1.096096e-01,1.334050e-02,-6.944954e-02,3.167903e-03,8.433427e+01,3.561142e+02,2.771240e+01,6.244501e+01,8.988538e+01,3.574811e-01,2.264727e+00
2.956000e+03,7.759084e+01,1.832137e+01,-1.197335e-01,1.275846e-01,3.825125e-01,1.456502e-01,-5.804276e-03,-2.000000e-02,1.879409e-02,7.760000e+01,1.830000e+01,-1.096096e-01,9.160599e-03,-2.136865e-02,1.012392e-02,8.434343e+01,3.561356e+02,2.772253e+01,6.244509e+01,8.988584e+01,3.575836e-01,2.265514e+00
2.957000e+03,7.759178e+01,1.808304e+01,-1.286472e-01,1.272887e-01,4.025125e-01,1.642607e-01,-2.958835e-04,2.000000e-02,1.861042e-02,7.760000e+01,1.830000e+01,-1.096096e-01,8.217379e-03,2.169552e-01,1.903759e-02,8.435164e+01,3.563525e+02,2.774156e+01,6.244516e+01,8.993291e+01,3.579460e-01,2.266260e+00
2.958000e+03,7.758485e+01,1.806374e+01,-1.213978e-01,1.342887e-01,4.225125e-01,1.432967e-01,7.000000e-03,2.000000e-02,-2.096398e-02,7.760000e+01,1.830000e+01,-1.096096e-01,1.514549e-02,2.362627e-01,1.178821e-02,8.436679e+01,3.565888e+02,2.775335e+01,6.244539e+01,8.998873e+01,3.580850e-01,2.267149e+00
2.959000e+03,7.758257e+01,1.824132e+01,-1.120524e-01,1.371481e-01,4.025125e-01,1.237675e-01,2.859384e-03,-2.000000e-02,-1.952921e-02,7.760000e+01,1.830000e+01,-1.096096e-01,1.743102e-02,5.867670e-02,2.442813e-03,8.438422e+01,3.566475e+02,2.775579e+01,6.244569e+01,8.999217e+01,3.580910e-01,2.267939e+00
2.960000e+03,7.759060e+01,1.820595e+01,-1.185413e-01,1.301481e-01,4.225125e-01,1.430788e-01,-7.000000e-03,2.000000e-02,1.931138e-02,7.760000e+01,1.830000e+01,-1.096096e-01,9.398767e-03,9.405107e-02,8.931656e-03,8.439362e+01,3.567415e+02,2.776473e+01,6.244578e+01,9.000102e+01,3.581707e-01,2.268760e+00
2.961000e+03,7.758461e+01,1.836948e+01,-1.133167e-01,1.358442e-01,4.025125e-01,1.279444e-01,5.696095e-03,-2.000000e-02,-1.513450e-02,7.760000e+01,1.830000e+01,-1.096096e-01,1.538664e-02,-6.947913e-02,3.707090e-03,8.440901e+01,3.568110e+02,2.776843e+01,6.244602e+01,9.000584e+01,3.581845e-01,2.269422e+00
2.962000e+03,7.759084e+01,1.832134e+01,-1.191137e-01,1.288442e-01,3.825125e-01,1.439470e-01,-7.000000e-03,-2.000000e-02,1.600268e-02,7.760000e+01,1.830000e+01,-1.096096e-01,9.157310e-03,-2.134220e-02,9.504112e-03,8.441816e+01,3.568323e+02,2.777794e+01,6.244610e+01,9.000630e+01,3.582748e-01,2.270127e+00
2.963000e+03,7.759318e+01,1.808302e+01,-1.283038e-01,1.256185e-01,4.025125e-01,1.636844e-01,-3.225702e-03,2.000000e-02,1.973738e-02,7.760000e+01,1.830000e+01,-1.096096e-01,6.824978e-03,2.169789e-01,1.869419e-02,8.442499e+01,3.570493e+02,2.779663e+01,6.244615e+01,9.005338e+01,3.586243e-01,2.270927e+00
2.964000e+03,7.758483e+01,1.806375e+01,-1.218216e-01,1.326185e-01,4.225125e-01,1.444512e-01,7.000000e-03,2.000000e-02,-1.923323e-02,7.760000e+01,1.830000e+01,-1.096096e-01,1.517181e-02,2.362480e-01,1.221202e-02,8.444016e+01,3.572856e+02,2.780884e+01,6.244638e+01,9.010919e+01,3.587734e-01,2.271746e+00
2.965000e+03,7.758087e+01,1.824134e+01,-1.124942e-01,1.391860e-01,4.025125e-01,1.246583e-01,6.567532e-03,-2.000000e-02,-1.979291e-02,7.760000e+01,1.830000e+01,-1.096096e-01,1.913367e-02,5.866416e-02,2.884615e-03,8.445929e+01,3.573442e+02,2.781173e+01,6.244675e+01,9.011263e+01,3.587817e-01,2.272581e+00
2.966000e+03,7.759060e+01,1.820592e+01,-1.180267e-01,1.321860e-01,4.225125e-01,1.416671e-01,-7.000000e-03,2.000000e-02,1.700883e-02,7.760000e+01,1.830000e+01,-1.096096e-01,9.398521e-03,9.408395e-02,8.417059e-03,8.446869e+01,3.574383e+02,2.782015e+01,6.244684e+01,9.012149e+01,3.588526e-01,2.273319e+00
2.967000e+03,7.758666e+01,1.836945e+01,-1.127775e-01,1.333889e-01,4.025125e-01,1.268561e-01,1.202851e-03,-2.000000e-02,-1.481095e-02,7.760000e+01,1.830000e+01,-1.096096e-01,1.334050e-02,-6.944954e-02,3.167903e-03,8.448203e+01,3.575078e+02,2.782331e+01,6.244701e+01,9.012631e+01,3.588626e-01,2.273940e+00
2.968000e+03,7.759084e+01,1.832137e+01,-1.197335e-01,1.275846e-01,3.825125e-01,1.456502e-01,-5.804276e-03,-2.000000e-02,1.879409e-02,7.760000e+01,1.830000e+01,-1.096096e-01,9.160599e-03,-2.136865e-02,1.012392e-02,8.449119e+01,3.575291e+02,2.783344e+01,6.244710e+01,9.012677e+01,3.589651e-01,2.274727e+00
2.969000e+03,7.759178e+01,1.808304e+01,-1.286472e-01,1.272887e-01,4.025125e-01,1.642607e-01,-2.958835e-04,2.000000e-02,1.861042e-02,7.760000e+01,1.830000e+01,-1.096096e-01,8.217379e-03,2.169552e-01,1.903759e-02,8.449941e+01,3.577461e+02,2.785247e+01,6.244716e+01,9.017384e+01,3.593276e-01,2.275473e+00
2.970000e+03,7.758485e+01,1.806374e+01,-1.213978e-01,1.342887e-01,4.225125e-01,1.432967e-01,7.000000e-03,2.000000e-02,-2.096398e-02,7.760000e+01,1.830000e+01,-1.096096e-01,1.514549e-02,2.362627e-01,1.178821e-02,8.451456e+01,3.579824e+02,2.786426e+01,6.244739e+01,9.022966e+01,3.594665e-01,2.276362e+00
2.971000e+03,7.758257e+01,1.824132e+01,-1.120524e-01,1.371481e-01,4.025125e-01,1.237675e-01,2.859384e-03,-2.000000e-02,-1.952921e-02,7.760000e+01,1.830000e+01,-1.096096e-01,1.743102e-02,5.867670e-02,2.442813e-03,8.453199e+01,3.580410e+02,2.786671e+01,6.244770e+01,9.023310e+01,3.594725e-01,2.277151e+00
2.972000e+03,7.759060e+01,1.820595e+01,-1.185413e-01,1.301481e-01,4.225125e-01,1.430788e-01,-7.000000e-03,2.000000e-02,1.931138e-02,7.760000e+01,1.830000e+01,-1.096096e-01,9.398767e-03,9.405107e-02,8.931656e-03,8.454139e+01,3.581351e+02,2.787564e+01,6.244779e+01,9.024194e+01,3.595523e-01,2.277973e+00
2.973000e+03,7.758461e+01,1.836948e+01,-1.133167e-01,1.358442e-01,4.025125e-01,1.279444e-01,5.696095e-03,-2.000000e-02,-1.513450e-02,7.760000e+01,1.830000e+01,-1.096096e-01,1.538664e-02,-6.947913e-02,3.707090e-03,8.455677e+01,3.582046e+02,2.787934e+01,6.244802e+01,9.024677e+01,3.595660e-01,2.278635e+00
2.974000e+03,7.759084e+01,1.832134e+01,-1.191137e-01,1.288442e-01,3.825125e-01,1.439470e-01,-7.000000e-03,-2.000000e-02,1.600268e-02,7.760000e+01,1.830000e+01,-1.096096e-01,9.157310e-03,-2.134220e-02,9.504112e-03,8.456593e+01,3.582259e+02,2.788885e+01,6.244811e+01,9.024723e+01,3.596563e-01,2.279340e+00
2.975000e+03,7.759318e+01,1.808302e+01,-1.283038e-01,1.256185e-01,4.025125e-01,1.636844e-01,-3.225702e-03,2.000000e-02,1.973738e-02,7.760000e+01,1.830000e+01,-1.096096e-01,6.824978e-03,2.169789e-01,1.869419e-02,8.457275e+01,3.584429e+02,2.790754e+01,6.244815e+01,9.029431e+01,3.600058e-01,2.280140e+00
2.976000e+03,7.758483e+01,1.806375e+01,-1.218216e-01,1.326185e-01,4.225125e-01,1.444512e-01,7.000000e-03,2.000000e-02,-1.923323e-02,7.760000e+01,1.830000e+01,-1.096096e-01,1.517181e-02,2.362480e-01,1.221202e-02,8.458793e+01,3.586791e+02,2.791975e+01,6.244838e+01,9.035012e+01,3.601549e-01,2.280959e+00
2.977000e+03,7.758087e+01,1.824134e+01,-1.124942e-01,1.391860e-01,4.025125e-01,1.246583e-01,6.567532e-03,-2.000000e-02,-1.979291e-02,7.760000e+01,1.830000e+01,-1.096096e-01,1.913367e-02,5.866416e-02,2.884615e-03,8.460706e+01,3.587378e+02,2.792264e+01,6.244875e+01,9.035356e+01,3.601633e-01,2.281794e+00
2.978000e+03,7.759060e+01,1.820592e+01,-1.180267e-01,1.321860e-01,4.225125e-01,1.416671e-01,-7.000000e-03,2.000000e-02,1.700883e-02,7.760000e+01,1.830000e+01,-1.096096e-01,9.398521e-03,9.408395e-02,8.417059e-03,8.461646e+01,3.588319e+02,2.793106e+01,6.244884e+01,9.036241e+01,3.602341e-01,2.282532e+00
2.979000e+03,7.758666e+01,1.836945e+01,-1.127775e-01,1.333889e-01,4.025125e-01,1.268561e-01,1.202851e-03,-2.000000e-02,-1.481095e-02,7.760000e+01,1.830000e+01,-1.096096e-01,1.334050e-02,-6.944954e-02,3.167903e-03,8.462980e+01,3.589013e+02,2.793422e+01,6.244902e+01,9.036724e+01,3.602441e-01,2.283153e+00
2.980000e+03,7.759084e+01,1.832137e+01,-1.197335e-01,1.275846e-01,3.825125e-01,1.456502e-01,-5.804276e-03,-2.000000e-02,1.879409e-02,7.760000e+01,1.830000e+01,-1.096096e-01,9.160599e-03,-2.136865e-02,1.012392e-02,8.463896e+01,3.589227e+02,2.794435e+01,6.244910e+01,9.036769e+01,3.603466e-01,2.283940e+00
2.981000e+03,7.759178e+01,1.808304e+01,-1.286472e-01,1.272887e-01,4.025125e-01,1.642607e-01,-2.958835e-04,2.000000e-02,1.861042e-02,7.760000e+01,1.830000e+01,-1.096096e-01,8.217379e-03,2.169552e-01,1.903759e-02,8.464718e+01,3.591397e+02,2.796339e+01,6.244917e+01,9.041476e+01,3.607091e-01,2.284686e+00
2.982000e+03,7.758485e+01,1.806374e+01,-1.213978e-01,1.342887e-01,4.225125e-01,1.432967e-01,7.000000e-03,2.000000e-02,-2.096398e-02,7.760000e+01,1.830000e+01,-1.096096e-01,1.514549e-02,2.362627e-01,1.178821e-02,8.466232e+01,3.593759e+02,2.797517e+01,6.244940e+01,9.047058e+01,3.608480e-01,2.285575e+00
2.983000e+03,7.758257e+01,1.824132e+01,-1.120524e-01,1.371481e-01,4.025125e-01,1.237675e-01,2.859384e-03,-2.000000e-02,-1.952921e-02,7.760000e+01,1.830000e+01,-1.096096e-01,1.743102e-02,5.867670e-02,2.442813e-03,8.467975e+01,3.594346e+02,2.797762e+01,6.244970e+01,9.047403e+01,3.608540e-01,2.286364e+00
2.984000e+03,7.759060e+01,1.820595e+01,-1.185413e-01,1.301481e-01,4.225125e-01,1.430788e-01,-7.000000e-03,2.000000e-02,1.931138e-02,7.760000e+01,1.830000e+01,-1.096096e-01,9.398767e-03,9.405107e-02,8.931656e-03,8.468915e+01,3.595286e+02,2.798655e+01,6.244979e+01,9.048287e+01,3.609338e-01,2.287186e+00
2.985000e+03,7.758461e+01,1.836948e+01,-1.133167e-01,1.358442e-01,4.025125e-01,1.279444e-01,5.696095e-03,-2.000000e-02,-1.513450e-02,7.760000e+01,1.830000e+01,-1.096096e-01,1.538664e-02,-6.947913e-02,3.707090e-03,8.470454e+01,3.595981e+02,2.799026e+01,6.245003e+01,9.048770e+01,3.609475e-01,2.287848e+00
2.986000e+03,7.759084e+01,1.832134e+01,-1.191137e-01,1.288442e-01,3.825125e-01,1.439470e-01,-7.000000e-03,-2.000000e-02,1.600268e-02,7.760000e+01,1.830000e+01,-1.096096e-01,9.157310e-03,-2.134220e-02,9.504112e-03,8.471370e+01,3.596195e+02,2.799976e+01,6.245011e+01,9.048815e+01,3.610378e-01,2.288553e+00
2.987000e+03,7.759318e+01,1.808302e+01,-1.283038e-01,1.256185e-01,4.025125e-01,1.636844e-01,-3.225702e-03,2.000000e-02,1.973738e-02,7.760000e+01,1.830000e+01,-1.096096e-01,6.824978e-03,2.169789e-01,1.869419e-02,8.472052e+01,3.598364e+02,2.801845e+01,6.245016e+01,9.053523e+01,3.613873e-01,2.289353e+00
2.988000e+03,7.758483e+01,1.806375e+01,-1.218216e-01,1.326185e-01,4.225125e-01,1.444512e-01,7.000000e-03,2.000000e-02,-1.923323e-02,7.760000e+01,1.830000e+01,-1.096096e-01,1.517181e-02,2.362480e-01,1.221202e-02,8.473569e+01,3.600727e+02,2.803067e+01,6.245039e+01,9.059105e+01,3.615364e-01,2.290172e+00
2.989000e+03,7.758087e+01,1.824134e+01,-1.124942e-01,1.391860e-01,4.025125e-01,1.246583e-01,6.567532e-03,-2.000000e-02,-1.979291e-02,7.760000e+01,1.830000e+01,-1.096096e-01,1.913367e-02,5.866416e-02,2.884615e-03,8.475483e+01,3.601314e+02,2.803355e+01,6.245075e+01,9.059449e+01,3.615448e-01,2.291006e+00
2.990000e+03,7.759060e+01,1.820592e+01,-1.180267e-01,1.321860e-01,4.225125e-01,1.416671e-01,-7.000000e-03,2.000000e-02,1.700883e-02,7.760000e+01,1.830000e+01,-1.096096e-01,9.398521e-03,9.408395e-02,8.417059e-03,8.476423e+01,3.602254e+02,2.804197e+01,6.245084e+01,9.060334e+01,3.616156e-01,2.291745e+00
2.991000e+03,7.758666e+01,1.836945e+01,-1.127775e-01,1.333889e-01,4.025125e-01,1.268561e-01,1.202851e-03,-2.000000e-02,-1.481095e-02,7.760000e+01,1.830000e+01,-1.096096e-01,1.334050e-02,-6.944954e-02,3.167903e-03,8.477757e+01,3.602949e+02,2.804514e+01,6.245102e+01,9.060816e+01,3.616256e-01,2.292366e+00
2.992000e+03,7.759084e+01,1.832137e+01,-1.197335e-01,1.275846e-01,3.825125e-01,1.456502e-01,-5.804276e-03,-2.000000e-02,1.879409e-02,7.760000e+01,1.830000e+01,-1.096096e-01,9.160599e-03,-2.136865e-02,1.012392e-02,8.478673e+01,3.603163e+02,2.805526e+01,6.245110e+01,9.060862e+01,3.617281e-01,2.293152e+00
2.993000e+03,7.759178e+01,1.808304e+01,-1.286472e-01,1.272887e-01,4.025125e-01,1.642607e-01,-2.958835e-04,2.000000e-02,1.861042e-02,7.760000e+01,1.830000e+01,-1.096096e-01,8.217379e-03,2.169552e-01,1.903759e-02,8.479494e+01,3.605332e+02,2.807430e+01,6.245117e+01,9.065569e+01,3.620906e-01,2.293899e+00
2.994000e+03,7.758485e+01,1.806374e+01,-1.213978e-01,1.342887e-01,4.225125e-01,1.432967e-01,7.000000e-03,2.000000e-02,-2.096398e-02,7.760000e+01,1.830000e+01,-1.096096e-01,1.514549e-02,2.362627e-01,1.178821e-02,8.481009e+01,3.607695e+02,2.808609e+01,6.245140e+01,9.071151e+01,3.622295e-01,2.294787e+00
2.995000e+03,7.758257e+01,1.824132e+01,-1.120524e-01,1.371481e-01,4.025125e-01,1.237675e-01,2.859384e-03,-2.000000e-02,-1.952921e-02,7.760000e+01,1.830000e+01,-1.096096e-01,1.743102e-02,5.867670e-02,2.442813e-03,8.482752e+01,3.608282e+02,2.808853e+01,6.245170e+01,9.071495e+01,3.622355e-01,2.295577e+00
2.996000e+03,7.759060e+01,1.820595e+01,-1.185413e-01,1.301481e-01,4.225125e-01,1.430788e-01,-7.000000e-03,2.000000e-02,1.931138e-02,7.760000e+01,1.830000e+01,-1.096096e-01,9.398767e-03,9.405107e-02,8.931656e-03,8.483692e+01,3.609222e+02,2.809746e+01,6.245179e+01,9.072380e+01,3.623153e-01,2.296399e+00
2.997000e+03,7.758461e+01,1.836948e+01,-1.133167e-01,1.358442e-01,4.025125e-01,1.279444e-01,5.696095e-03,-2.000000e-02,-1.513450e-02,7.760000e+01,1.830000e+01,-1.096096e-01,1.538664e-02,-6.947913e-02,3.707090e-03,8.485231e+01,3.609917e+02,2.810117e+01,6.245203e+01,9.072863e+01,3.623290e-01,2.297060e+00
2.998000e+03,7.759084e+01,1.832134e+01,-1.191137e-01,1.288442e-01,3.825125e-01,1.439470e-01,-7.000000e-03,-2.000000e-02,1.600268e-02,7.760000e+01,1.830000e+01,-1.096096e-01,9.157310e-03,-2.134220e-02,9.504112e-03,8.486146e+01,3.610130e+02,2.811067e+01,6.245211e+01,9.072908e+01,3.624193e-01,2.297765e+00
2.999000e+03,7.759318e+01,1.808302e+01,-1.283038e-01,1.256185e-01,4.025125e-01,1.636844e-01,-3.225702e-03,2.000000e-02,1.973738e-02,7.760000e+01,1.830000e+01,-1.096096e-01,6.824978e-03,2.169789e-01,1.869419e-02,8.486829e+01,3.612300e+02,2.812937e+01,6.245216e+01,9.077616e+01,3.627688e-01,2.298565e+00
3.000000e+03,7.758483e+01,1.806375e+01,-1.218216e-01,1.326185e-01,4.225125e-01,1.444512e-01,7.000000e-03,2.000000e-02,-1.923323e-02,7.760000e+01,1.830000e+01,-1.096096e-01,1.517181e-02,2.362480e-01,1.221202e-02,8.488346e+01,3.614663e+02,2.814158e+01,6.245239e+01,9.083197e+01,3.629179e-01,2.299384e+00
3.001000e+03,7.758087e+01,1.824134e+01,-1.124942e-01,1.391860e-01,4.025125e-01,1.246583e-01,6.567532e-03,-2.000000e-02,-1.979291e-02,7.760000e+01,1.830000e+01,-1.096096e-01,1.913367e-02,5.866416e-02,2.884615e-03,8.490259e+01,3.615249e+02,2.814446e+01,6.245276e+01,9.083542e+01,3.629263e-01,2.300219e+00
3.002000e+03,7.759060e+01,1.820592e+01,-1.180267e-01,1.321860e-01,4.225125e-01,1.416671e-01,-7.000000e-03,2.000000e-02,1.700883e-02,7.760000e+01,1.830000e+01,-1.096096e-01,9.398521e-03,9.408395e-02,8.417059e-03,8.491199e+01,3.616190e+02,2.815288e+01,6.245284e+01,9.084427e+01,3.629971e-01,2.300958e+00
3.003000e+03,7.758666e+01,1.836945e+01,-1.127775e-01,1.333889e-01,4.025125e-01,1.268561e-01,1.202851e-03,-2.000000e-02,-1.481095e-02,7.760000e+01,1.830000e+01,-1.096096e-01,1.334050e-02,-6.944954e-02,3.167903e-03,8.492533e+01,3.616885e+02,2.815605e+01,6.245302e+01,9.084909e+01,3.630072e-01,2.301578e+00
3.004000e+03,7.759084e+01,1.832137e+01,-1.197335e-01,1.275846e-01,3.825125e-01,1.456502e-01,-5.804276e-03,-2.000000e-02,1.879409e-02,7.760000e+01,1.830000e+01,-1.096096e-01,9.160599e-03,-2.136865e-02,1.012392e-02,8.493449e+01,3.617098e+02,2.816617e+01,6.245311e+01,9.084955e+01,3.631096e-01,2.302365e+00
3.005000e+03,7.759178e+01,1.808304e+01,-1.286472e-01,1.272887e-01,4.025125e-01,1.642607e-01,-2.958835e-04,2.000000e-02,1.861042e-02,7.760000e+01,1.830000e+01,-1.096096e-01,8.217379e-03,2.169552e-01,1.903759e-02,8.494271e+01,3.619268e+02,2.818521e+01,6.245317e+01,9.089662e+01,3.634721e-01,2.303112e+00
3.006000e+03,7.758485e+01,1.806374e+01,-1.213978e-01,1.342887e-01,4.225125e-01,1.432967e-01,7.000000e-03,2.000000e-02,-2.096398e-02,7.760000e+01,1.830000e+01,-1.096096e-01,1.514549e-02,2.362627e-01,1.178821e-02,8.495786e+01,3.621630e+02,2.819700e+01,6.245340e+01,9.095244e+01,3.636110e-01,2.304000e+00
3.007000e+03,7.758257e+01,1.824132e+01,-1.120524e-01,1.371481e-01,4.025125e-01,1.237675e-01,2.859384e-03,-2.000000e-02,-1.952921e-02,7.760000e+01,1.830000e+01,-1.096096e-01,1.743102e-02,5.867670e-02,2.442813e-03,8.497529e+01,3.622217e+02,2.819944e+01,6.245371e+01,9.095588e+01,3.636170e-01,2.304790e+00
3.008000e+03,7.759060e+01,1.820595e+01,-1.185413e-01,1.301481e-01,4.225125e-01,1.430788e-01,-7.000000e-03,2.000000e-02,1.931138e-02,7.760000e+01,1.830000e+01,-1.096096e-01,9.398767e-03,9.405107e-02,8.931656e-03,8.498469e+01,3.623158e+02,2.820837e+01,6.245379e+01,9.096473e+01,3.636968e-01,2.305612e+00
3.009000e+03,7.758461e+01,1.836948e+01,-1.133167e-01,1.358442e-01,4.025125e-01,1.279444e-01,5.696095e-03,-2.000000e-02,-1.513450e-02,7.760000e+01,1.830000e+01,-1.096096e-01,1.538664e-02,-6.947913e-02,3.707090e-03,8.500007e+01,3.623852e+02,2.821208e+01,6.245403e+01,9.096955e+01,3.637105e-01,2.306273e+00
3.010000e+03,7.759084e+01,1.832134e+01,-1.191137e-01,1.288442e-01,3.825125e-01,1.439470e-01,-7.000000e-03,-2.000000e-02,1.600268e-02,7.760000e+01,1.830000e+01,-1.096096e-01,9.157310e-03,-2.134220e-02,9.504112e-03,8.500923e+01,3.624066e+02,2.822158e+01,6.245411e+01,9.097001e+01,3.638008e-01,2.306978e+00
3.011000e+03,7.759318e+01,1.808302e+01,-1.283038e-01,1.256185e-01,4.025125e-01,1.636844e-01,-3.225702e-03,2.000000e-02,1.973738e-02,7.760000e+01,1.830000e+01,-1.096096e-01,6.824978e-03,2.169789e-01,1.869419e-02,8.501605e+01,3.626236e+02,2.824028e+01,6.245416e+01,9.101709e+01,3.641503e-01,2.307778e+00
3.012000e+03,7.758483e+01,1.806375e+01,-1.218216e-01,1.326185e-01,4.225125e-01,1.444512e-01,7.000000e-03,2.000000e-02,-1.923323e-02,7.760000e+01,1.830000e+01,-1.096096e-01,1.517181e-02,2.362480e-01,1.221202e-02,8.503123e+01,3.628598e+02,2.825249e+01,6.245439e+01,9.107290e+01,3.642995e-01,2.308597e+00
3.013000e+03,7.758087e+01,1.824134e+01,-1.124942e-01,1.391860e-01,4.025125e-01,1.246583e-01,6.567532e-03,-2.000000e-02,-1.979291e-02,7.760000e+01,1.830000e+01,-1.096096e-01,1.913367e-02,5.866416e-02,2.884615e-03,8.505036e+01,3.629185e+02,2.825537e+01,6.245476e+01,9.107634e+01,3.643078e-01,2.309432e+00
3.014000e+03,7.759060e+01,1.820592e+01,-1.180267e-01,1.321860e-01,4.225125e-01,1.416671e-01,-7.000000e-03,2.000000e-02,1.700883e-02,7.760000e+01,1.830000e+01,-1.096096e-01,9.398521e-03,9.408395e-02,8.417059e-03,8.505976e+01,3.630126e+02,2.826379e+01,6.245485e+01,9.108519e+01,3.643786e-01,2.310170e+00
3.015000e+03,7.758666e+01,1.836945e+01,-1.127775e-01,1.333889e-01,4.025125e-01,1.268561e-01,1.202851e-03,-2.000000e-02,-1.481095e-02,7.760000e+01,1.830000e+01,-1.096096e-01,1.334050e-02,-6.944954e-02,3.167903e-03,8.507310e+01,3.630820e+02,2.826696e+01,6.245502e+01,9.109002e+01,3.643887e-01,2.310791e+00
3.016000e+03,7.759084e+01,1.832137e+01,-1.197335e-01,1.275846e-01,3.825125e-01,1.456502e-01,-5.804276e-03,-2.000000e-02,1.879409e-02,7.760000e+01,1.830000e+01,-1.096096e-01,9.160599e-03,-2.136865e-02,1.012392e-02,8.508226e+01,3.631034e+02,2.827708e+01,6.245511e+01,9.109047e+01,3.644912e-01,2.311578e+00
3.017000e+03,7.759178e+01,1.808304e+01,-1.286472e-01,1.272887e-01,4.025125e-01,1.642607e-01,-2.958835e-04,2.000000e-02,1.861042e-02,7.760000e+01,1.830000e+01,-1.096096e-01,8.217379e-03,2.169552e-01,1.903759e-02,8.509048e+01,3.633203e+02,2.829612e+01,6.245518e+01,9.113754e+01,3.648536e-01,2.312324e+00
3.018000e+03,7.758485e+01,1.806374e+01,-1.213978e-01,1.342887e-01,4.225125e-01,1.432967e-01,7.000000e-03,2.000000e-02,-2.096398e-02,7.760000e+01,1.830000e+01,-1.096096e-01,1.514549e-02,2.362627e-01,1.178821e-02,8.510562e+01,3.635566e+02,2.830791e+01,6.245540e+01,9.119336e+01,3.649925e-01,2.313213e+00
3.019000e+03,7.758257e+01,1.824132e+01,-1.120524e-01,1.371481e-01,4.025125e-01,1.237675e-01,2.859384e-03,-2.000000e-02,-1.952921e-02,7.760000e+01,1.830000e+01,-1.096096e-01,1.743102e-02,5.867670e-02,2.442813e-03,8.512305e+01,3.636153e+02,2.831035e+01,6.245571e+01,9.119681e+01,3.649985e-01,2.314003e+00
3.020000e+03,7.759060e+01,1.820595e+01,-1.185413e-01,1.301481e-01,4.225125e-01,1.430788e-01,-7.000000e-03,2.000000e-02,1.931138e-02,7.760000e+01,1.830000e+01,-1.096096e-01,9.398767e-03,9.405107e-02,8.931656e-03,8.513245e+01,3.637093e+02,2.831928e+01,6.245580e+01,9.120565e+01,3.650783e-01,2.314824e+00
3.021000e+03,7.758461e+01,1.836948e+01,-1.133167e-01,1.358442e-01,4.025125e-01,1.279444e-01,5.696095e-03,-2.000000e-02,-1.513450e-02,7.760000e+01,1.830000e+01,-1.096096e-01,1.538664e-02,-6.947913e-02,3.707090e-03,8.514784e+01,3.637788e+02,2.832299e+01,6.245603e+01,9.121048e+01,3.650920e-01,2.315486e+00
3.022000e+03,7.759084e+01,1.832134e+01,-1.191137e-01,1.288442e-01,3.825125e-01,1.439470e-01,-7.000000e-03,-2.000000e-02,1.600268e-02,7.760000e+01,1.830000e+01,-1.096096e-01,9.157310e-03,-2.134220e-02,9.504112e-03,8.515700e+01,3.638001e+02,2.833249e+01,6.245612e+01,9.121094e+01,3.651824e-01,2.316191e+00
3.023000e+03,7.759318e+01,1.808302e+01,-1.283038e-01,1.256185e-01,4.025125e-01,1.636844e-01,-3.225702e-03,2.000000e-02,1.973738e-02,7.760000e+01,1.830000e+01,-1.096096e-01,6.824978e-03,2.169789e-01,1.869419e-02,8.516382e+01,3.640171e+02,2.835119e+01,6.245616e+01,9.125802e+01,3.655318e-01,2.316991e+00
3.024000e+03,7.758483e+01,1.806375e+01,-1.218216e-01,1.326185e-01,4.225125e-01,1.444512e-01,7.000000e-03,2.000000e-02,-1.923323e-02,7.760000e+01,1.830000e+01,-1.096096e-01,1.517181e-02,2.362480e-01,1.221202e-02,8.517899e+01,3.642534e+02,2.836340e+01,6.245639e+01,9.131383e+01,3.656810e-01,2.317810e+00
3.025000e+03,7.758087e+01,1.824134e+01,-1.124942e-01,1.391860e-01,4.025125e-01,1.246583e-01,6.567532e-03,-2.000000e-02,-1.979291e-02,7.760000e+01,1.830000e+01,-1.096096e-01,1.913367e-02,5.866416e-02,2.884615e-03,8.519813e+01,3.643120e+02,2.836628e+01,6.245676e+01,9.131727e+01,3.656893e-01,2.318645e+00
3.026000e+03,7.759060e+01,1.820592e+01,-1.180267e-01,1.321860e-01,4.225125e-01,1.416671e-01,-7.000000e-03,2.000000e-02,1.700883e-02,7.760000e+01,1.830000e+01,-1.096096e-01,9.398521e-03,9.408395e-02,8.417059e-03,8.520753e+01,3.644061e+02,2.837470e+01,6.245685e+01,9.132612e+01,3.657601e-01,2.319383e+00
3.027000e+03,7.758666e+01,1.836945e+01,-1.127775e-01,1.333889e-01,4.025125e-01,1.268561e-01,1.202851e-03,-2.000000e-02,-1.481095e-02,7.760000e+01,1.830000e+01,-1.096096e-01,1.334050e-02,-6.944954e-02,3.167903e-03,8.522087e+01,3.644756e+02,2.837787e+01,6.245703e+01,9.133095e+01,3.657702e-01,2.320004e+00
3.028000e+03,7.759084e+01,1.832137e+01,-1.197335e-01,1.275846e-01,3.825125e-01,1.456502e-01,-5.804276e-03,-2.000000e-02,1.879409e-02,7.760000e+01,1.830000e+01,-1.096096e-01,9.160599e-03,-2.136865e-02,1.012392e-02,8.523003e+01,3.644969e+02,2.838799e+01,6.245711e+01,9.133140e+01,3.658727e-01,2.320791e+00
3.029000e+03,7.759178e+01,1.808304e+01,-1.286472e-01,1.272887e-01,4.025125e-01,1.642607e-01,-2.958835e-04,2.000000e-02,1.861042e-02,7.760000e+01,1.830000e+01,-1.096096e-01,8.217379e-03,2.169552e-01,1.903759e-02,8.523824e+01,3.647139e+02,2.840703e+01,6.245718e+01,9.137847e+01,3.662351e-01,2.321537e+00
3.030000e+03,7.758485e+01,1.806374e+01,-1.213978e-01,1.342887e-01,4.225125e-01,1.432967e-01,7.000000e-03,2.000000e-02,-2.096398e-02,7.760000e+01,1.830000e+01,-1.096096e-01,1.514549e-02,2.362627e-01,1.178821e-02,8.525339e+01,3.649502e+02,2.841882e+01,6.245741e+01,9.143429e+01,3.663741e-01,2.322426e+00
3.031000e+03,7.758257e+01,1.824132e+01,-1.120524e-01,1.371481e-01,4.025125e-01,1.237675e-01,2.859384e-03,-2.000000e-02,-1.952921e-02,7.760000e+01,1.830000e+01,-1.096096e-01,1.743102e-02,5.867670e-02,2.442813e-03,8.527082e+01,3.650088e+02,2.842126e+01,6.245771e+01,9.143773e+01,3.663800e-01,2.323215e+00
3.032000e+03,7.759060e+01,1.820595e+01,-1.185413e-01,1.301481e-01,4.225125e-01,1.430788e-01,-7.000000e-03,2.000000e-02,1.931138e-02,7.760000e+01,1.830000e+01,-1.096096e-01,9.398767e-03,9.405107e-02,8.931656e-03,8.528022e+01,3.651029e+02,2.843019e+01,6.245780e+01,9.144658e+01,3.664598e-01,2.324037e+00
3.033000e+03,7.758461e+01,1.836948e+01,-1.133167e-01,1.358442e-01,4.025125e-01,1.279444e-01,5.696095e-03,-2.000000e-02,-1.513450e-02,7.760000e+01,1.830000e+01,-1.096096e-01,1.538664e-02,-6.947913e-02,3.707090e-03,8.529561e+01,3.651724e+02,2.843390e+01,6.245804e+01,9.145141e+01,3.664735e-01,2.324699e+00
3.034000e+03,7.759084e+01,1.832134e+01,-1.191137e-01,1.288442e-01,3.825125e-01,1.439470e-01,-7.000000e-03,-2.000000e-02,1.600268e-02,7.760000e+01,1.830000e+01,-1.096096e-01,9.157310e-03,-2.134220e-02,9.504112e-03,8.530476e+01,3.651937e+02,2.844340e+01,6.245812e+01,9.145186e+01,3.665639e-01,2.325404e+00
3.035000e+03,7.759318e+01,1.808302e+01,-1.283038e-01,1.256185e-01,4.025125e-01,1.636844e-01,-3.225702e-03,2.000000e-02,1.973738e-02,7.760000e+01,1.830000e+01,-1.096096e-01,6.824978e-03,2.169789e-01,1.869419e-02,8.531159e+01,3.654107e+02,2.846210e+01,6.245817e+01,9.149894e+01,3.669133e-01,2.326204e+00
3.036000e+03,7.758483e+01,1.806375e+01,-1.218216e-01,1.326185e-01,4.225125e-01,1.444512e-01,7.000000e-03,2.000000e-02,-1.923323e-02,7.760000e+01,1.830000e+01,-1.096096e-01,1.517181e-02,2.362480e-01,1.221202e-02,8.532676e+01,3.656469e+02,2.847431e+01,6.245840e+01,9.155476e+01,3.670625e-01,2.327023e+00
3.037000e+03,7.758087e+01,1.824134e+01,-1.124942e-01,1.391860e-01,4.025125e-01,1.246583e-01,6.567532e-03,-2.000000e-02,-1.979291e-02,7.760000e+01,1.830000e+01,-1.096096e-01,1.913367e-02,5.866416e-02,2.884615e-03,8.534589e+01,3.657056e+02,2.847720e+01,6.245876e+01,9.155820e+01,3.670708e-01,2.327858e+00
3.038000e+03,7.759060e+01,1.820592e+01,-1.180267e-01,1.321860e-01,4.225125e-01,1.416671e-01,-7.000000e-03,2.000000e-02,1.700883e-02,7.760000e+01,1.830000e+01,-1.096096e-01,9.398521e-03,9.408395e-02,8.417059e-03,8.535529e+01,3.657997e+02,2.848561e+01,6.245885e+01,9.156705e+01,3.671416e-01,2.328596e+00
3.039000e+03,7.758666e+01,1.836945e+01,-1.127775e-01,1.333889e-01,4.025125e-01,1.268561e-01,1.202851e-03,-2.000000e-02,-1.481095e-02,7.760000e+01,1.830000e+01,-1.096096e-01,1.334050e-02,-6.944954e-02,3.167903e-03,8.536863e+01,3.658691e+02,2.848878e+01,6.245903e+01,9.157187e+01,3.671517e-01,2.329217e+00
3.040000e+03,7.759084e+01,1.832137e+01,-1.197335e-01,1.275846e-01,3.825125e-01,1.456502e-01,-5.804276e-03,-2.000000e-02,1.879409e-02,7.760000e+01,1.830000e+01,-1.096096e-01,9.160599e-03,-2.136865e-02,1.012392e-02,8.537779e+01,3.658905e+02,2.849890e+01,6.245911e+01,9.157233e+01,3.672542e-01,2.330004e+00
3.041000e+03,7.759178e+01,1.808304e+01,-1.286472e-01,1.272887e-01,4.025125e-01,1.642607e-01,-2.958835e-04,2.000000e-02,1.861042e-02,7.760000e+01,1.830000e+01,-1.096096e-01,8.217379e-03,2.169552e-01,1.903759e-02,8.538601e+01,3.661075e+02,2.851794e+01,6.245918e+01,9.161940e+01,3.676166e-01,2.330750e+00
3.042000e+03,7.758485e+01,1.806374e+01,-1.213978e-01,1.342887e-01,4.225125e-01,1.432967e-01,7.000000e-03,2.000000e-02,-2.096398e-02,7.760000e+01,1.830000e+01,-1.096096e-01,1.514549e-02,2.362627e-01,1.178821e-02,8.540116e+01,3.663437e+02,2.852973e+01,6.245941e+01,9.167522e+01,3.677556e-01,2.331639e+00
3.043000e+03,7.758257e+01,1.824132e+01,-1.120524e-01,1.371481e-01,4.025125e-01,1.237675e-01,2.859384e-03,-2.000000e-02,-1.952921e-02,7.760000e+01,1.830000e+01,-1.096096e-01,1.743102e-02,5.867670e-02,2.442813e-03,8.541859e+01,3.664024e+02,2.853217e+01,6.245971e+01,9.167866e+01,3.677615e-01,2.332428e+00
3.044000e+03,7.759060e+01,1.820595e+01,-1.185413e-01,1.301481e-01,4.225125e-01,1.430788e-01,-7.000000e-03,2.000000e-02,1.931138e-02,7.760000e+01,1.830000e+01,-1.096096e-01,9.398767e-03,9.405107e-02,8.931656e-03,8.542799e+01,3.664964e+02,2.854110e+01,6.245980e+01,9.168751e+01,3.678413e-01,2.333250e+00
3.045000e+03,7.758461e+01,1.836948e+01,-1.133167e-01,1.358442e-01,4.025125e-01,1.279444e-01,5.696095e-03,-2.000000e-02,-1.513450e-02,7.760000e+01,1.830000e+01,-1.096096e-01,1.538664e-02,-6.947913e-02,3.707090e-03,8.544337e+01,3.665659e+02,2.854481e+01,6.246004e+01,9.169233e+01,3.678550e-01,2.333912e+00
3.046000e+03,7.759084e+01,1.832134e+01,-1.191137e-01,1.288442e-01,3.825125e-01,1.439470e-01,-7.000000e-03,-2.000000e-02,1.600268e-02,7.760000e+01,1.830000e+01,-1.096096e-01,9.157310e-03,-2.134220e-02,9.504112e-03,8.545253e+01,3.665873e+02,2.855432e+01,6.246012e+01,9.169279e+01,3.679454e-01,2.334617e+00
3.047000e+03,7.759318e+01,1.808302e+01,-1.283038e-01,1.256185e-01,4.025125e-01,1.636844e-01,-3.225702e-03,2.000000e-02,1.973738e-02,7.760000e+01,1.830000e+01,-1.096096e-01,6.824978e-03,2.169789e-01,1.869419e-02,8.545935e+01,3.668042e+02,2.857301e+01,6.246017e+01,9.173987e+01,3.682948e-01,2.335417e+00
3.048000e+03,7.758483e+01,1.806375e+01,-1.218216e-01,1.326185e-01,4.225125e-01,1.444512e-01,7.000000e-03,2.000000e-02,-1.923323e-02,7.760000e+01,1.830000e+01,-1.096096e-01,1.517181e-02,2.362480e-01,1.221202e-02,8.547453e+01,3.670405e+02,2.858522e+01,6.246040e+01,9.179568e+01,3.684440e-01,2.336236e+00
3.049000e+03,7.758087e+01,1.824134e+01,-1.124942e-01,1.391860e-01,4.025125e-01,1.246583e-01,6.567532e-03,-2.000000e-02,-1.979291e-02,7.760000e+01,1.830000e+01,-1.096096e-01,1.913367e-02,5.866416e-02,2.884615e-03,8.549366e+01,3.670992e+02,2.858811e+01,6.246077e+01,9.179912e+01,3.684523e-01,2.337070e+00
3.050000e+03,7.759060e+01,1.820592e+01,-1.180267e-01,1.321860e-01,4.225125e-01,1.416671e-01,-7.000000e-03,2.000000e-02,1.700883e-02,7.760000e+01,1.830000e+01,-1.096096e-01,9.398521e-03,9.408395e-02,8.417059e-03,8.550306e+01,3.671932e+02,2.859652e+01,6.246085e+01,9.180798e+01,3.685231e-01,2.337809e+00
3.051000e+03,7.758666e+01,1.836945e+01,-1.127775e-01,1.333889e-01,4.025125e-01,1.268561e-01,1.202851e-03,-2.000000e-02,-1.481095e-02,7.760000e+01,1.830000e+01,-1.096096e-01,1.334050e-02,-6.944954e-02,3.167903e-03,8.551640e+01,3.672627e+02,2.859969e+01,6.246103e+01,9.181280e+01,3.685332e-01,2.338430e+00
3.052000e+03,7.759084e+01,1.832137e+01,-1.197335e-01,1.275846e-01,3.825125e-01,1.456502e-01,-5.804276e-03,-2.000000e-02,1.879409e-02,7.760000e+01,1.830000e+01,-1.096096e-01,9.160599e-03,-2.136865e-02,1.012392e-02,8.552556e+01,3.672841e+02,2.860982e+01,6.246112e+01,9.181326e+01,3.686357e-01,2.339216e+00
3.053000e+03,7.759178e+01,1.808304e+01,-1.286472e-01,1.272887e-01,4.025125e-01,1.642607e-01,-2.958835e-04,2.000000e-02,1.861042e-02,7.760000e+01,1.830000e+01,-1.096096e-01,8.217379e-03,2.169552e-01,1.903759e-02,8.553378e+01,3.675010e+02,2.862885e+01,6.246118e+01,9.186033e+01,3.689981e-01,2.339963e+00
3.054000e+03,7.758485e+01,1.806374e+01,-1.213978e-01,1.342887e-01,4.225125e-01,1.432967e-01,7.000000e-03,2.000000e-02,-2.096398e-02,7.760000e+01,1.830000e+01,-1.096096e-01,1.514549e-02,2.362627e-01,1.178821e-02,8.554892e+01,3.677373e+02,2.864064e+01,6.246141e+01,9.191615e+01,3.691371e-01,2.340851e+00
3.055000e+03,7.758257e+01,1.824132e+01,-1.120524e-01,1.371481e-01,4.025125e-01,1.237675e-01,2.859384e-03,-2.000000e-02,-1.952921e-02,7.760000e+01,1.830000e+01,-1.096096e-01,1.743102e-02,5.867670e-02,2.442813e-03,8.556635e+01,3.677960e+02,2.864308e+01,6.246172e+01,9.191959e+01,3.691430e-01,2.341641e+00
3.056000e+03,7.759060e+01,1.820595e+01,-1.185413e-01,1.301481e-01,4.225125e-01,1.430788e-01,-7.000000e-03,2.000000e-02,1.931138e-02,7.760000e+01,1.830000e+01,-1.096096e-01,9.398767e-03,9.405107e-02,8.931656e-03,8.557575e+01,3.678900e+02,2.865202e+01,6.246181e+01,9.192843e+01,3.692228e-01,2.342463e+00
3.057000e+03,7.758461e+01,1.836948e+01,-1.133167e-01,1.358442e-01,4.025125e-01,1.279444e-01,5.696095e-03,-2.000000e-02,-1.513450e-02,7.760000e+01,1.830000e+01,-1.096096e-01,1.538664e-02,-6.947913e-02,3.707090e-03,8.559114e+01,3.679595e+02,2.865572e+01,6.246204e+01,9.193326e+01,3.692366e-01,2.343124e+00
3.058000e+03,7.759084e+01,1.832134e+01,-1.191137e-01,1.288442e-01,3.825125e-01,1.439470e-01,-7.000000e-03,-2.000000e-02,1.600268e-02,7.760000e+01,1.830000e+01,-1.096096e-01,9.157310e-03,-2.134220e-02,9.504112e-03,8.560030e+01,3.679808e+02,2.866523e+01,6.246213e+01,9.193372e+01,3.693269e-01,2.343829e+00
3.059000e+03,7.759318e+01,1.808302e+01,-1.283038e-01,1.256185e-01,4.025125e-01,1.636844e-01,-3.225702e-03,2.000000e-02,1.973738e-02,7.760000e+01,1.830000e+01,-1.096096e-01,6.824978e-03,2.169789e-01,1.869419e-02,8.560712e+01,3.681978e+02,2.868392e+01,6.246217e+01,9.198080e+01,3.696764e-01,2.344629e+00
3.060000e+03,7.758483e+01,1.806375e+01,-1.218216e-01,1.326185e-01,4.225125e-01,1.444512e-01,7.000000e-03,2.000000e-02,-1.923323e-02,7.760000e+01,1.830000e+01,-1.096096e-01,1.517181e-02,2.362480e-01,1.221202e-02,8.562229e+01,3.684341e+02,2.869613e+01,6.246240e+01,9.203661e+01,3.698255e-01,2.345448e+00
3.061000e+03,7.758087e+01,1.824134e+01,-1.124942e-01,1.391860e-01,4.025125e-01,1.246583e-01,6.567532e-03,-2.000000e-02,-1.979291e-02,7.760000e+01,1.830000e+01,-1.096096e-01,1.913367e-02,5.866416e-02,2.884615e-03,8.564143e+01,3.684927e+02,2.869902e+01,6.246277e+01,9.204005e+01,3.698338e-01,2.346283e+00
3.062000e+03,7.759060e+01,1.820592e+01,-1.180267e-01,1.321860e-01,4.225125e-01,1.416671e-01,-7.000000e-03,2.000000e-02,1.700883e-02,7.760000e+01,1.830000e+01,-1.096096e-01,9.398521e-03,9.408395e-02,8.417059e-03,8.565083e+01,3.685868e+02,2.870743e+01,6.246286e+01,9.204890e+01,3.699047e-01,2.347022e+00
3.063000e+03,7.758666e+01,1.836945e+01,-1.127775e-01,1.333889e-01,4.025125e-01,1.268561e-01,1.202851e-03,-2.000000e-02,-1.481095e-02,7.760000e+01,1.830000e+01,-1.096096e-01,1.334050e-02,-6.944954e-02,3.167903e-03,8.566417e+01,3.686563e+02,2.871060e+01,6.246304e+01,9.205373e+01,3.699147e-01,2.347642e+00
3.064000e+03,7.759084e+01,1.832137e+01,-1.197335e-01,1.275846e-01,3.825125e-01,1.456502e-01,-5.804276e-03,-2.000000e-02,1.879409e-02,7.760000e+01,1.830000e+01,-1.096096e-01,9.160599e-03,-2.136865e-02,1.012392e-02,8.567333e+01,3.686776e+02,2.872073e+01,6.246312e+01,9.205418e+01,3.700172e-01,2.348429e+00
3.065000e+03,7.759178e+01,1.808304e+01,-1.286472e-01,1.272887e-01,4.025125e-01,1.642607e-01,-2.958835e-04,2.000000e-02,1.861042e-02,7.760000e+01,1.830000e+01,-1.096096e-01,8.217379e-03,2.169552e-01,1.903759e-02,8.568154e+01,3.688946e+02,2.873976e+01,6.246319e+01,9.210125e+01,3.703796e-01,2.349176e+00
3.066000e+03,7.758485e+01,1.806374e+01,-1.213978e-01,1.342887e-01,4.225125e-01,1.432967e-01,7.000000e-03,2.000000e-02,-2.096398e-02,7.760000e+01,1.830000e+01,-1.096096e-01,1.514549e-02,2.362627e-01,1.178821e-02,8.569669e+01,3.691308e+02,2.875155e+01,6.246342e+01,9.215707e+01,3.705186e-01,2.350064e+00
3.067000e+03,7.758257e+01,1.824132e+01,-1.120524e-01,1.371481e-01,4.025125e-01,1.237675e-01,2.859384e-03,-2.000000e-02,-1.952921e-02,7.760000e+01,1.830000e+01,-1.096096e-01,1.743102e-02,5.867670e-02,2.442813e-03,8.571412e+01,3.691895e+02,2.875400e+01,6.246372e+01,9.216052e+01,3.705245e-01,2.350854e+00
3.068000e+03,7.759060e+01,1.820595e+01,-1.185413e-01,1.301481e-01,4.225125e-01,1.430788e-01,-7.000000e-03,2.000000e-02,1.931138e-02,7.760000e+01,1.830000e+01,-1.096096e-01,9.398767e-03,9.405107e-02,8.931656e-03,8.572352e+01,3.692836e+02,2.876293e+01,6.246381e+01,9.216936e+01,3.706043e-01,2.351676e+00
3.069000e+03,7.758461e+01,1.836948e+01,-1.133167e-01,1.358442e-01,4.025125e-01,1.279444e-01,5.696095e-03,-2.000000e-02,-1.513450e-02,7.760000e+01,1.830000e+01,-1.096096e-01,1.538664e-02,-6.947913e-02,3.707090e-03,8.573891e+01,3.693530e+02,2.876663e+01,6.246404e+01,9.217419e+01,3.706181e-01,2.352337e+00
3.070000e+03,7.759084e+01,1.832134e+01,-1.191137e-01,1.288442e-01,3.825125e-01,1.439470e-01,-7.000000e-03,-2.000000e-02,1.600268e-02,7.760000e+01,1.830000e+01,-1.096096e-01,9.157310e-03,-2.134220e-02,9.504112e-03,8.574806e+01,3.693744e+02,2.877614e+01,6.246413e+01,9.217464e+01,3.707084e-01,2.353042e+00
3.071000e+03,7.759318e+01,1.808302e+01,-1.283038e-01,1.256185e-01,4.025125e-01,1.636844e-01,-3.225702e-03,2.000000e-02,1.973738e-02,7.760000e+01,1.830000e+01,-1.096096e-01,6.824978e-03,2.169789e-01,1.869419e-02,8.575489e+01,3.695914e+02,2.879483e+01,6.246418e+01,9.222172e+01,3.710579e-01,2.353842e+00
3.072000e+03,7.758483e+01,1.806375e+01,-1.218216e-01,1.326185e-01,4.225125e-01,1.444512e-01,7.000000e-03,2.000000e-02,-1.923323e-02,7.760000e+01,1.830000e+01,-1.096096e-01,1.517181e-02,2.362480e-01,1.221202e-02,8.577006e+01,3.698276e+02,2.880704e+01,6.246441e+01,9.227754e+01,3.712070e-01,2.354661e+00
3.073000e+03,7.758087e+01,1.824134e+01,-1.124942e-01,1.391860e-01,4.025125e-01,1.246583e-01,6.567532e-03,-2.000000e-02,-1.979291e-02,7.760000e+01,1.830000e+01,-1.096096e-01,1.913367e-02,5.866416e-02,2.884615e-03,8.578919e+01,3.698863e+02,2.880993e+01,6.246477e+01,9.228098e+01,3.712153e-01,2.355496e+00
3.074000e+03,7.759060e+01,1.820592e+01,-1.180267e-01,1.321860e-01,4.225125e-01,1.416671e-01,-7.000000e-03,2.000000e-02,1.700883e-02,7.760000e+01,1.830000e+01,-1.096096e-01,9.398521e-03,9.408395e-02,8.417059e-03,8.579859e+01,3.699804e+02,2.881835e+01,6.246486e+01,9.228983e+01,3.712862e-01,2.356234e+00
3.075000e+03,7.758666e+01,1.836945e+01,-1.127775e-01,1.333889e-01,4.025125e-01,1.268561e-01,1.202851e-03,-2.000000e-02,-1.481095e-02,7.760000e+01,1.830000e+01,-1.096096e-01,1.334050e-02,-6.944954e-02,3.167903e-03,8.581193e+01,3.700498e+02,2.882151e+01,6.246504e+01,9.229465e+01,3.712962e-01,2.356855e+00
3.076000e+03,7.759084e+01,1.832137e+01,-1.197335e-01,1.275846e-01,3.825125e-01,1.456502e-01,-5.804276e-03,-2.000000e-02,1.879409e-02,7.760000e+01,1.830000e+01,-1.096096e-01,9.160599e-03,-2.136865e-02,1.012392e-02,8.582109e+01,3.700712e+02,2.883164e+01,6.246512e+01,9.229511e+01,3.713987e-01,2.357642e+00
3.077000e+03,7.759178e+01,1.808304e+01,-1.286472e-01,1.272887e-01,4.025125e-01,1.642607e-01,-2.958835e-04,2.000000e-02,1.861042e-02,7.760000e+01,1.830000e+01,-1.096096e-01,8.217379e-03,2.169552e-01,1.903759e-02,8.582931e+01,3.702881e+02,2.885068e+01,6.246519e+01,9.234218e+01,3.717611e-01,2.358389e+00
3.078000e+03,7.758485e+01,1.806374e+01,-1.213978e-01,1.342887e-01,4.225125e-01,1.432967e-01,7.000000e-03,2.000000e-02,-2.096398e-02,7.760000e+01,1.830000e+01,-1.096096e-01,1.514549e-02,2.362627e-01,1.178821e-02,8.584446e+01,3.705244e+02,2.886246e+01,6.246542e+01,9.239800e+01,3.719001e-01,2.359277e+00
3.079000e+03,7.758257e+01,1.824132e+01,-1.120524e-01,1.371481e-01,4.025125e-01,1.237675e-01,2.859384e-03,-2.000000e-02,-1.952921e-02,7.760000e+01,1.830000e+01,-1.096096e-01,1.743102e-02,5.867670e-02,2.442813e-03,8.586189e+01,3.705831e+02,2.886491e+01,6.246572e+01,9.240144e+01,3.719061e-01,2.360067e+00
3.080000e+03,7.759060e+01,1.820595e+01,-1.185413e-01,1.301481e-01,4.225125e-01,1.430788e-01,-7.000000e-03,2.000000e-02,1.931138e-02,7.760000e+01,1.830000e+01,-1.096096e-01,9.398767e-03,9.405107e-02,8.931656e-03,8.587129e+01,3.706771e+02,2.887384e+01,6.246581e+01,9.241029e+01,3.719858e-01,2.360888e+00
3.081000e+03,7.758461e+01,1.836948e+01,-1.133167e-01,1.358442e-01,4.025125e-01,1.279444e-01,5.696095e-03,-2.000000e-02,-1.513450e-02,7.760000e+01,1.830000e+01,-1.096096e-01,1.538664e-02,-6.947913e-02,3.707090e-03,8.588667e+01,3.707466e+02,2.887755e+01,6.246605e+01,9.241512e+01,3.719996e-01,2.361550e+00
3.082000e+03,7.759084e+01,1.832134e+01,-1.191137e-01,1.288442e-01,3.825125e-01,1.439470e-01,-7.000000e-03,-2.000000e-02,1.600268e-02,7.760000e+01,1.830000e+01,-1.096096e-01,9.157310e-03,-2.134220e-02,9.504112e-03,8.589583e+01,3.707679e+02,2.888705e+01,6.246613e+01,9.241557e+01,3.720899e-01,2.362255e+00
3.083000e+03,7.759318e+01,1.808302e+01,-1.283038e-01,1.256185e-01,4.025125e-01,1.636844e-01,-3.225702e-03,2.000000e-02,1.973738e-02,7.760000e+01,1.830000e+01,-1.096096e-01,6.824978e-03,2.169789e-01,1.869419e-02,8.590265e+01,3.709849e+02,2.890574e+01,6.246618e+01,9.246265e+01,3.724394e-01,2.363055e+00
3.084000e+03,7.758483e+01,1.806375e+01,-1.218216e-01,1.326185e-01,4.225125e-01,1.444512e-01,7.000000e-03,2.000000e-02,-1.923323e-02,7.760000e+01,1.830000e+01,-1.096096e-01,1.517181e-02,2.362480e-01,1.221202e-02,8.591783e+01,3.712212e+02,2.891796e+01,6.246641e+01,9.251846e+01,3.725885e-01,2.363874e+00
3.085000e+03,7.758087e+01,1.824134e+01,-1.124942e-01,1.391860e-01,4.025125e-01,1.246583e-01,6.567532e-03,-2.000000e-02,-1.979291e-02,7.760000e+01,1.830000e+01,-1.096096e-01,1.913367e-02,5.866416e-02,2.884615e-03,8.593696e+01,3.712798e+02,2.892084e+01,6.246677e+01,9.252191e+01,3.725968e-01,2.364709e+00
3.086000e+03,7.759060e+01,1.820592e+01,-1.180267e-01,1.321860e-01,4.225125e-01,1.416671e-01,-7.000000e-03,2.000000e-02,1.700883e-02,7.760000e+01,1.830000e+01,-1.096096e-01,9.398521e-03,9.408395e-02,8.417059e-03,8.594636e+01,3.713739e+02,2.892926e+01,6.246686e+01,9.253076e+01,3.726677e-01,2.365447e+00
3.087000e+03,7.758666e+01,1.836945e+01,-1.127775e-01,1.333889e-01,4.025125e-01,1.268561e-01,1.202851e-03,-2.000000e-02,-1.481095e-02,7.760000e+01,1.830000e+01,-1.096096e-01,1.334050e-02,-6.944954e-02,3.167903e-03,8.595970e+01,3.714434e+02,2.893242e+01,6.246704e+01,9.253558e+01,3.726777e-01,2.366068e+00
3.088000e+03,7.759084e+01,1.832137e+01,-1.197335e-01,1.275846e-01,3.825125e-01,1.456502e-01,-5.804276e-03,-2.000000e-02,1.879409e-02,7.760000e+01,1.830000e+01,-1.096096e-01,9.160599e-03,-2.136865e-02,1.012392e-02,8.596886e+01,3.714647e+02,2.894255e+01,6.246712e+01,9.253604e+01,3.727802e-01,2.366855e+00
3.089000e+03,7.759178e+01,1.808304e+01,-1.286472e-01,1.272887e-01,4.025125e-01,1.642607e-01,-2.958835e-04,2.000000e-02,1.861042e-02,7.760000e+01,1.830000e+01,-1.096096e-01,8.217379e-03,2.169552e-01,1.903759e-02,8.597708e+01,3.716817e+02,2.896159e+01,6.246719e+01,9.258311e+01,3.731426e-01,2.367601e+00
3.090000e+03,7.758485e+01,1.806374e+01,-1.213978e-01,1.342887e-01,4.225125e-01,1.432967e-01,7.000000e-03,2.000000e-02,-2.096398e-02,7.760000e+01,1.830000e+01,-1.096096e-01,1.514549e-02,2.362627e-01,1.178821e-02,8.599222e+01,3.719180e+02,2.897337e+01,6.246742e+01,9.263893e+01,3.732816e-01,2.368490e+00
3.091000e+03,7.758257e+01,1.824132e+01,-1.120524e-01,1.371481e-01,4.025125e-01,1.237675e-01,2.859384e-03,-2.000000e-02,-1.952921e-02,7.760000e+01,1.830000e+01,-1.096096e-01,1.743102e-02,5.867670e-02,2.442813e-03,8.600965e+01,3.719766e+02,2.897582e+01,6.246773e+01,9.264237e+01,3.732876e-01,2.369279e+00
3.092000e+03,7.759060e+01,1.820595e+01,-1.185413e-01,1.301481e-01,4.225125e-01,1.430788e-01,-7.000000e-03,2.000000e-02,1.931138e-02,7.760000e+01,1.830000e+01,-1.096096e-01,9.398767e-03,9.405107e-02,8.931656e-03,8.601905e+01,3.720707e+02,2.898475e+01,6.246781e+01,9.265122e+01,3.733673e-01,2.370101e+00
3.093000e+03,7.758461e+01,1.836948e+01,-1.133167e-01,1.358442e-01,4.025125e-01,1.279444e-01,5.696095e-03,-2.000000e-02,-1.513450e-02,7.760000e+01,1.830000e+01,-1.096096e-01,1.538664e-02,-6.947913e-02,3.707090e-03,8.603444e+01,3.721402e+02,2.898846e+01,6.246805e+01,9.265604e+01,3.733811e-01,2.370763e+00
3.094000e+03,7.759084e+01,1.832134e+01,-1.191137e-01,1.288442e-01,3.825125e-01,1.439470e-01,-7.000000e-03,-2.000000e-02,1.600268e-02,7.760000e+01,1.830000e+01,-1.096096e-01,9.157310e-03,-2.134220e-02,9.504112e-03,8.604360e+01,3.721615e+02,2.899796e+01,6.246813e+01,9.265650e+01,3.734714e-01,2.371468e+00
3.095000e+03,7.759318e+01,1.808302e+01,-1.283038e-01,1.256185e-01,4.025125e-01,1.636844e-01,-3.225702e-03,2.000000e-02,1.973738e-02,7.760000e+01,1.830000e+01,-1.096096e-01,6.824978e-03,2.169789e-01,1.869419e-02,8.605042e+01,3.723785e+02,2.901665e+01,6.246818e+01,9.270358e+01,3.738209e-01,2.372268e+00
3.096000e+03,7.758483e+01,1.806375e+01,-1.218216e-01,1.326185e-01,4.225125e-01,1.444512e-01,7.000000e-03,2.000000e-02,-1.923323e-02,7.760000e+01,1.830000e+01,-1.096096e-01,1.517181e-02,2.362480e-01,1.221202e-02,8.606559e+01,3.726147e+02,2.902887e+01,6.246841e+01,9.275939e+01,3.739700e-01,2.373087e+00
3.097000e+03,7.758087e+01,1.824134e+01,-1.124942e-01,1.391860e-01,4.025125e-01,1.246583e-01,6.567532e-03,-2.000000e-02,-1.979291e-02,7.760000e+01,1.830000e+01,-1.096096e-01,1.913367e-02,5.866416e-02,2.884615e-03,8.608473e+01,3.726734e+02,2.903175e+01,6.246878e+01,9.276283e+01,3.739783e-01,2.373922e+00
3.098000e+03,7.759060e+01,1.820592e+01,-1.180267e-01,1.321860e-01,4.225125e-01,1.416671e-01,-7.000000e-03,2.000000e-02,1.700883e-02,7.760000e+01,1.830000e+01,-1.096096e-01,9.398521e-03,9.408395e-02,8.417059e-03,8.609413e+01,3.727675e+02,2.904017e+01,6.246887e+01,9.277168e+01,3.740492e-01,2.374660e+00
3.099000e+03,7.758666e+01,1.836945e+01,-1.127775e-01,1.333889e-01,4.025125e-01,1.268561e-01,1.202851e-03,-2.000000e-02,-1.481095e-02,7.760000e+01,1.830000e+01,-1.096096e-01,1.334050e-02,-6.944954e-02,3.167903e-03,8.610747e+01,3.728369e+02,2.904334e+01,6.246904e+01,9.277651e+01,3.740592e-01,2.375281e+00
3.100000e+03,7.759084e+01,1.832137e+01,-1.197335e-01,1.275846e-01,3.825125e-01,1.456502e-01,-5.804276e-03,-2.000000e-02,1.879409e-02,7.760000e+01,1.830000e+01,-1.096096e-01,9.160599e-03,-2.136865e-02,1.012392e-02,8.611663e+01,3.728583e+02,2.905346e+01,6.246913e+01,9.277696e+01,3.741617e-01,2.376068e+00
3.101000e+03,7.759178e+01,1.808304e+01,-1.286472e-01,1.272887e-01,4.025125e-01,1.642607e-01,-2.958835e-04,2.000000e-02,1.861042e-02,7.760000e+01,1.830000e+01,-1.096096e-01,8.217379e-03,2.169552e-01,1.903759e-02,8.612484e+01,3.730753e+02,2.907250e+01,6.246919e+01,9.282403e+01,3.745241e-01,2.376814e+00
3.102000e+03,7.758485e+01,1.806374e+01,-1.213978e-01,1.342887e-01,4.225125e-01,1.432967e-01,7.000000e-03,2.000000e-02,-2.096398e-02,7.760000e+01,1.830000e+01,-1.096096e-01,1.514549e-02,2.362627e-01,1.178821e-02,8.613999e+01,3.733115e+02,2.908429e+01,6.246942e+01,9.287985e+01,3.746631e-01,2.377703e+00
3.103000e+03,7.758257e+01,1.824132e+01,-1.120524e-01,1.371481e-01,4.025125e-01,1.237675e-01,2.859384e-03,-2.000000e-02,-1.952921e-02,7.760000e+01,1.830000e+01,-1.096096e-01,1.743102e-02,5.867670e-02,2.442813e-03,8.615742e+01,3.733702e+02,2.908673e+01,6.246973e+01,9.288330e+01,3.746691e-01,2.378492e+00
3.104000e+03,7.759060e+01,1.820595e+01,-1.185413e-01,1.301481e-01,4.225125e-01,1.430788e-01,-7.000000e-03,2.000000e-02,1.931138e-02,7.760000e+01,1.830000e+01,-1.096096e-01,9.398767e-03,9.405107e-02,8.931656e-03,8.616682e+01,3.734642e+02,2.909566e+01,6.246982e+01,9.289214e+01,3.747488e-01,2.379314e+00
3.105000e+03,7.758461e+01,1.836948e+01,-1.133167e-01,1.358442e-01,4.025125e-01,1.279444e-01,5.696095e-03,-2.000000e-02,-1.513450e-02,7.760000e+01,1.830000e+01,-1.096096e-01,1.538664e-02,-6.947913e-02,3.707090e-03,8.618221e+01,3.735337e+02,2.909937e+01,6.247005e+01,9.289697e+01,3.747626e-01,2.379976e+00
3.106000e+03,7.759084e+01,1.832134e+01,-1.191137e-01,1.288442e-01,3.825125e-01,1.439470e-01,-7.000000e-03,-2.000000e-02,1.600268e-02,7.760000e+01,1.830000e+01,-1.096096e-01,9.157310e-03,-2.134220e-02,9.504112e-03,8.619136e+01,3.735551e+02,2.910887e+01,6.247014e+01,9.289743e+01,3.748529e-01,2.380681e+00
3.107000e+03,7.759318e+01,1.808302e+01,-1.283038e-01,1.256185e-01,4.025125e-01,1.636844e-01,-3.225702e-03,2.000000e-02,1.973738e-02,7.760000e+01,1.830000e+01,-1.096096e-01,6.824978e-03,2.169789e-01,1.869419e-02,8.619819e+01,3.737720e+02,2.912757e+01,6.247018e+01,9.294451e+01,3.752024e-01,2.381481e+00
3.108000e+03,7.758483e+01,1.806375e+01,-1.218216e-01,1.326185e-01,4.225125e-01,1.444512e-01,7.000000e-03,2.000000e-02,-1.923323e-02,7.760000e+01,1.830000e+01,-1.096096e-01,1.517181e-02,2.362480e-01,1.221202e-02,8.621336e+01,3.740083e+02,2.913978e+01,6.247041e+01,9.300032e+01,3.753515e-01,2.382300e+00
3.109000e+03,7.758087e+01,1.824134e+01,-1.124942e-01,1.391860e-01,4.025125e-01,1.246583e-01,6.567532e-03,-2.000000e-02,-1.979291e-02,7.760000e+01,1.830000e+01,-1.096096e-01,1.913367e-02,5.866416e-02,2.884615e-03,8.623249e+01,3.740670e+02,2.914266e+01,6.247078e+01,9.300376e+01,3.753598e-01,2.383134e+00
3.110000e+03,7.759060e+01,1.820592e+01,-1.180267e-01,1.321860e-01,4.225125e-01,1.416671e-01,-7.000000e-03,2.000000e-02,1.700883e-02,7.760000e+01,1.830000e+01,-1.096096e-01,9.398521e-03,9.408395e-02,8.417059e-03,8.624189e+01,3.741610e+02,2.915108e+01,6.247087e+01,9.301261e+01,3.754307e-01,2.383873e+00
3.111000e+03,7.758666e+01,1.836945e+01,-1.127775e-01,1.333889e-01,4.025125e-01,1.268561e-01,1.202851e-03,-2.000000e-02,-1.481095e-02,7.760000e+01,1.830000e+01,-1.096096e-01,1.334050e-02,-6.944954e-02,3.167903e-03,8.625523e+01,3.742305e+02,2.915425e+01,6.247105e+01,9.301743e+01,3.754407e-01,2.384494e+00
3.112000e+03,7.759084e+01,1.832137e+01,-1.197335e-01,1.275846e-01,3.825125e-01,1.456502e-01,-5.804276e-03,-2.000000e-02,1.879409e-02,7.760000e+01,1.830000e+01,-1.096096e-01,9.160599e-03,-2.136865e-02,1.012392e-02,8.626439e+01,3.742519e+02,2.916437e+01,6.247113e+01,9.301789e+01,3.755432e-01,2.385280e+00
3.113000e+03,7.759178e+01,1.808304e+01,-1.286472e-01,1.272887e-01,4.025125e-01,1.642607e-01,-2.958835e-04,2.000000e-02,1.861042e-02,7.760000e+01,1.830000e+01,-1.096096e-01,8.217379e-03,2.169552e-01,1.903759e-02,8.627261e+01,3.744688e+02,2.918341e+01,6.247120e+01,9.306496e+01,3.759056e-01,2.386027e+00
3.114000e+03,7.758485e+01,1.806374e+01,-1.213978e-01,1.342887e-01,4.225125e-01,1.432967e-01,7.000000e-03,2.000000e-02,-2.096398e-02,7.760000e+01,1.830000e+01,-1.096096e-01,1.514549e-02,2.362627e-01,1.178821e-02,8.628776e+01,3.747051e+02,2.919520e+01,6.247143e+01,9.312078e+01,3.760446e-01,2.386915e+00
3.115000e+03,7.758257e+01,1.824132e+01,-1.120524e-01,1.371481e-01,4.025125e-01,1.237675e-01,2.859384e-03,-2.000000e-02,-1.952921e-02,7.760000e+01,1.830000e+01,-1.096096e-01,1.743102e-02,5.867670e-02,2.442813e-03,8.630519e+01,3.747638e+02,2.919764e+01,6.247173e+01,9.312422e+01,3.760506e-01,2.387705e+00
3.116000e+03,7.759060e+01,1.820595e+01,-1.185413e-01,1.301481e-01,4.225125e-01,1.430788e-01,-7.000000e-03,2.000000e-02,1.931138e-02,7.760000e+01,1.830000e+01,-1.096096e-01,9.398767e-03,9.405107e-02,8.931656e-03,8.631459e+01,3.748578e+02,2.920657e+01,6.247182e+01,9.313307e+01,3.761303e-01,2.388527e+00
3.117000e+03,7.758461e+01,1.836948e+01,-1.133167e-01,1.358442e-01,4.025125e-01,1.279444e-01,5.696095e-03,-2.000000e-02,-1.513450e-02,7.760000e+01,1.830000e+01,-1.096096e-01,1.538664e-02,-6.947913e-02,3.707090e-03,8.632997e+01,3.749273e+02,2.921028e+01,6.247206e+01,9.313790e+01,3.761441e-01,2.389188e+00
3.118000e+03,7.759084e+01,1.832134e+01,-1.191137e-01,1.288442e-01,3.825125e-01,1.439470e-01,-7.000000e-03,-2.000000e-02,1.600268e-02,7.760000e+01,1.830000e+01,-1.096096e-01,9.157310e-03,-2.134220e-02,9.504112e-03,8.633913e+01,3.749486e+02,2.921978e+01,6.247214e+01,9.313835e+01,3.762344e-01,2.389893e+00
3.119000e+03,7.759318e+01,1.808302e+01,-1.283038e-01,1.256185e-01,4.025125e-01,1.636844e-01,-3.225702e-03,2.000000e-02,1.973738e-02,7.760000e+01,1.830000e+01,-1.096096e-01,6.824978e-03,2.169789e-01,1.869419e-02,8.634595e+01,3.751656e+02,2.923848e+01,6.247219e+01,9.318543e+01,3.765839e-01,2.390693e+00
3.120000e+03,7.758483e+01,1.806375e+01,-1.218216e-01,1.326185e-01,4.225125e-01,1.444512e-01,7.000000e-03,2.000000e-02,-1.923323e-02,7.760000e+01,1.830000e+01,-1.096096e-01,1.517181e-02,2.362480e-01,1.221202e-02,8.636113e+01,3.754019e+02,2.925069e+01,6.247242e+01,9.324125e+01,3.767330e-01,2.391512e+00
3.121000e+03,7.758087e+01,1.824134e+01,-1.124942e-01,1.391860e-01,4.025125e-01,1.246583e-01,6.567532e-03,-2.000000e-02,-1.979291e-02,7.760000e+01,1.830000e+01,-1.096096e-01,1.913367e-02,5.866416e-02,2.884615e-03,8.638026e+01,3.754605e+02,2.925357e+01,6.247278e+01,9.324469e+01,3.767413e-01,2.392347e+00
3.122000e+03,7.759060e+01,1.820592e+01,-1.180267e-01,1.321860e-01,4.225125e-01,1.416671e-01,-7.000000e-03,2.000000e-02,1.700883e-02,7.760000e+01,1.830000e+01,-1.096096e-01,9.398521e-03,9.408395e-02,8.417059e-03,8.638966e+01,3.755546e+02,2.926199e+01,6.247287e+01,9.325354e+01,3.768122e-01,2.393086e+00
3.123000e+03,7.758666e+01,1.836945e+01,-1.127775e-01,1.333889e-01,4.025125e-01,1.268561e-01,1.202851e-03,-2.000000e-02,-1.481095e-02,7.760000e+01,1.830000e+01,-1.096096e-01,1.334050e-02,-6.944954e-02,3.167903e-03,8.640300e+01,3.756241e+02,2.926516e+01,6.247305e+01,9.325836e+01,3.768222e-01,2.393706e+00
3.124000e+03,7.759084e+01,1.832137e+01,-1.197335e-01,1.275846e-01,3.825125e-01,1.456502e-01,-5.804276e-03,-2.000000e-02,1.879409e-02,7.760000e+01,1.830000e+01,-1.096096e-01,9.160599e-03,-2.136865e-02,1.012392e-02,8.641216e+01,3.756454e+02,2.927528e+01,6.247313e+01,9.325882e+01,3.769247e-01,2.394493e+00
3.125000e+03,7.759178e+01,1.808304e+01,-1.286472e-01,1.272887e-01,4.025125e-01,1.642607e-01,-2.958835e-04,2.000000e-02,1.861042e-02,7.760000e+01,1.830000e+01,-1.096096e-01,8.217379e-03,2.169552e-01,1.903759e-02,8.642038e+01,3.758624e+02,2.929432e+01,6.247320e+01,9.330589e+01,3.772872e-01,2.395240e+00
3.126000e+03,7.758485e+01,1.806374e+01,-1.213978e-01,1.342887e-01,4.225125e-01,1.432967e-01,7.000000e-03,2.000000e-02,-2.096398e-02,7.760000e+01,1.830000e+01,-1.096096e-01,1.514549e-02,2.362627e-01,1.178821e-02,8.643552e+01,3.760986e+02,2.930611e+01,6.247343e+01,9.336171e+01,3.774261e-01,2.396128e+00
3.127000e+03,7.758257e+01,1.824132e+01,-1.120524e-01,1.371481e-01,4.025125e-01,1.237675e-01,2.859384e-03,-2.000000e-02,-1.952921e-02,7.760000e+01,1.830000e+01,-1.096096e-01,1.743102e-02,5.867670e-02,2.442813e-03,8.645295e+01,3.761573e+02,2.930855e+01,6.247373e+01,9.336515e+01,3.774321e-01,2.396918e+00
3.128000e+03,7.759060e+01,1.820595e+01,-1.185413e-01,1.301481e-01,4.225125e-01,1.430788e-01,-7.000000e-03,2.000000e-02,1.931138e-02,7.760000e+01,1.830000e+01,-1.096096e-01,9.398767e-03,9.405107e-02,8.931656e-03,8.646235e+01,3.762514e+02,2.931748e+01,6.247382e+01,9.337400e+01,3.775119e-01,2.397740e+00
3.129000e+03,7.758461e+01,1.836948e+01,-1.133167e-01,1.358442e-01,4.025125e-01,1.279444e-01,5.696095e-03,-2.000000e-02,-1.513450e-02,7.760000e+01,1.830000e+01,-1.096096e-01,1.538664e-02,-6.947913e-02,3.707090e-03,8.647774e+01,3.763208e+02,2.932119e+01,6.247406e+01,9.337882e+01,3.775256e-01,2.398401e+00
3.130000e+03,7.759084e+01,1.832134e+01,-1.191137e-01,1.288442e-01,3.825125e-01,1.439470e-01,-7.000000e-03,-2.000000e-02,1.600268e-02,7.760000e+01,1.830000e+01,-1.096096e-01,9.157310e-03,-2.134220e-02,9.504112e-03,8.648690e+01,3.763422e+02,2.933069e+01,6.247414e+01,9.337928e+01,3.776159e-01,2.399106e+00
3.131000e+03,7.759318e+01,1.808302e+01,-1.283038e-01,1.256185e-01,4.025125e-01,1.636844e-01,-3.225702e-03,2.000000e-02,1.973738e-02,7.760000e+01,1.830000e+01,-1.096096e-01,6.824978e-03,2.169789e-01,1.869419e-02,8.649372e+01,3.765592e+02,2.934939e+01,6.247419e+01,9.342636e+01,3.779654e-01,2.399906e+00
3.132000e+03,7.758483e+01,1.806375e+01,-1.218216e-01,1.326185e-01,4.225125e-01,1.444512e-01,7.000000e-03,2.000000e-02,-1.923323e-02,7.760000e+01,1.830000e+01,-1.096096e-01,1.517181e-02,2.362480e-01,1.221202e-02,8.650889e+01,3.767954e+02,2.936160e+01,6.247442e+01,9.348217e+01,3.781145e-01,2.400725e+00
3.133000e+03,7.758087e+01,1.824134e+01,-1.124942e-01,1.391860e-01,4.025125e-01,1.246583e-01,6.567532e-03,-2.000000e-02,-1.979291e-02,7.760000e+01,1.830000e+01,-1.096096e-01,1.913367e-02,5.866416e-02,2.884615e-03,8.652803e+01,3.768541e+02,2.936448e+01,6.247479e+01,9.348561e+01,3.781229e-01,2.401560e+00
3.134000e+03,7.759060e+01,1.820592e+01,-1.180267e-01,1.321860e-01,4.225125e-01,1.416671e-01,-7.000000e-03,2.000000e-02,1.700883e-02,7.760000e+01,1.830000e+01,-1.096096e-01,9.398521e-03,9.408395e-02,8.417059e-03,8.653743e+01,3.769482e+02,2.937290e+01,6.247487e+01,9.349447e+01,3.781937e-01,2.402298e+00
3.135000e+03,7.758666e+01,1.836945e+01,-1.127775e-01,1.333889e-01,4.025125e-01,1.268561e-01,1.202851e-03,-2.000000e-02,-1.481095e-02,7.760000e+01,1.830000e+01,-1.096096e-01,1.334050e-02,-6.944954e-02,3.167903e-03,8.655077e+01,3.770176e+02,2.937607e+01,6.247505e+01,9.349929e+01,3.782037e-01,2.402919e+00
3.136000e+03,7.759084e+01,1.832137e+01,-1.197335e-01,1.275846e-01,3.825125e-01,1.456502e-01,-5.804276e-03,-2.000000e-02,1.879409e-02,7.760000e+01,1.830000e+01,-1.096096e-01,9.160599e-03,-2.136865e-02,1.012392e-02,8.655993e+01,3.770390e+02,2.938619e+01,6.247514e+01,9.349975e+01,3.783062e-01,2.403706e+00
3.137000e+03,7.759178e+01,1.808304e+01,-1.286472e-01,1.272887e-01,4.025125e-01,1.642607e-01,-2.958835e-04,2.000000e-02,1.861042e-02,7.760000e+01,1.830000e+01,-1.096096e-01,8.217379e-03,2.169552e-01,1.903759e-02,8.656814e+01,3.772559e+02,2.940523e+01,6.247520e+01,9.354682e+01,3.786687e-01,2.404453e+00
3.138000e+03,7.758485e+01,1.806374e+01,-1.213978e-01,1.342887e-01,4.225125e-01,1.432967e-01,7.000000e-03,2.000000e-02,-2.096398e-02,7.760000e+01,1.830000e+01,-1.096096e-01,1.514549e-02,2.362627e-01,1.178821e-02,8.658329e+01,3.774922e+02,2.941702e+01,6.247543e+01,9.360264e+01,3.788076e-01,2.405341e+00
3.139000e+03,7.758257e+01,1.824132e+01,-1.120524e-01,1.371481e-01,4.025125e-01,1.237675e-01,2.859384e-03,-2.000000e-02,-1.952921e-02,7.760000e+01,1.830000e+01,-1.096096e-01,1.743102e-02,5.867670e-02,2.442813e-03,8.660072e+01,3.775509e+02,2.941946e+01,6.247574e+01,9.360608e+01,3.788136e-01,2.406131e+00
3.140000e+03,7.759060e+01,1.820595e+01,-1.185413e-01,1.301481e-01,4.225125e-01,1.430788e-01,-7.000000e-03,2.000000e-02,1.931138e-02,7.760000e+01,1.830000e+01,-1.096096e-01,9.398767e-03,9.405107e-02,8.931656e-03,8.661012e+01,3.776449e+02,2.942839e+01,6.247582e+01,9.361492e+01,3.788934e-01,2.406952e+00
3.141000e+03,7.758461e+01,1.836948e+01,-1.133167e-01,1.358442e-01,4.025125e-01,1.279444e-01,5.696095e-03,-2.000000e-02,-1.513450e-02,7.760000e+01,1.830000e+01,-1.096096e-01,1.538664e-02,-6.947913e-02,3.707090e-03,8.662551e+01,3.777144e+02,2.943210e+01,6.247606e+01,9.361975e+01,3.789071e-01,2.407614e+00
3.142000e+03,7.759084e+01,1.832134e+01,-1.191137e-01,1.288442e-01,3.825125e-01,1.439470e-01,-7.000000e-03,-2.000000e-02,1.600268e-02,7.760000e+01,1.830000e+01,-1.096096e-01,9.157310e-03,-2.134220e-02,9.504112e-03,8.663466e+01,3.777357e+02,2.944161e+01,6.247615e+01,9.362021e+01,3.789974e-01,2.408319e+00
3.143000e+03,7.759318e+01,1.808302e+01,-1.283038e-01,1.256185e-01,4.025125e-01,1.636844e-01,-3.225702e-03,2.000000e-02,1.973738e-02,7.760000e+01,1.830000e+01,-1.096096e-01,6.824978e-03,2.169789e-01,1.869419e-02,8.664149e+01,3.779527e+02,2.946030e+01,6.247619e+01,9.366729e+01,3.793469e-01,2.409119e+00
3.144000e+03,7.758483e+01,1.806375e+01,-1.218216e-01,1.326185e-01,4.225125e-01,1.444512e-01,7.000000e-03,2.000000e-02,-1.923323e-02,7.760000e+01,1.830000e+01,-1.096096e-01,1.517181e-02,2.362480e-01,1.221202e-02,8.665666e+01,3.781890e+02,2.947251e+01,6.247642e+01,9.372310e+01,3.794960e-01,2.409938e+00
3.145000e+03,7.758087e+01,1.824134e+01,-1.124942e-01,1.391860e-01,4.025125e-01,1.246583e-01,6.567532e-03,-2.000000e-02,-1.979291e-02,7.760000e+01,1.830000e+01,-1.096096e-01,1.913367e-02,5.866416e-02,2.884615e-03,8.667579e+01,3.782476e+02,2.947540e+01,6.247679e+01,9.372654e+01,3.795044e-01,2.410773e+00
3.146000e+03,7.759060e+01,1.820592e+01,-1.180267e-01,1.321860e-01,4.225125e-01,1.416671e-01,-7.000000e-03,2.000000e-02,1.700883e-02,7.760000e+01,1.830000e+01,-1.096096e-01,9.398521e-03,9.408395e-02,8.417059e-03,8.668519e+01,3.783417e+02,2.948381e+01,6.247688e+01,9.373539e+01,3.795752e-01,2.411511e+00
3.147000e+03,7.758666e+01,1.836945e+01,-1.127775e-01,1.333889e-01,4.025125e-01,1.268561e-01,1.202851e-03,-2.000000e-02,-1.481095e-02,7.760000e+01,1.830000e+01,-1.096096e-01,1.334050e-02,-6.944954e-02,3.167903e-03,8.669853e+01,3.784112e+02,2.948698e+01,6.247705e+01,9.374022e+01,3.795852e-01,2.412132e+00
3.148000e+03,7.759084e+01,1.832137e+01,-1.197335e-01,1.275846e-01,3.825125e-01,1.456502e-01,-5.804276e-03,-2.000000e-02,1.879409e-02,7.760000e+01,1.830000e+01,-1.096096e-01,9.160599e-03,-2.136865e-02,1.012392e-02,8.670769e+01,3.784325e+02,2.949710e+01,6.247714e+01,9.374067e+01,3.796877e-01,2.412919e+00
3.149000e+03,7.759178e+01,1.808304e+01,-1.286472e-01,1.272887e-01,4.025125e-01,1.642607e-01,-2.958835e-04,2.000000e-02,1.861042e-02,7.760000e+01,1.830000e+01,-1.096096e-01,8.217379e-03,2.169552e-01,1.903759e-02,8.671591e+01,3.786495e+02,2.951614e+01,6.247721e+01,9.378774e+01,3.800502e-01,2.413665e+00
3.150000e+03,7.758485e+01,1.806374e+01,-1.213978e-01,1.342887e-01,4.225125e-01,1.432967e-01,7.000000e-03,2.000000e-02,-2.096398e-02,7.760000e+01,1.830000e+01,-1.096096e-01,1.514549e-02,2.362627e-01,1.178821e-02,8.673106e+01,3.788858e+02,2.952793e+01,6.247744e+01,9.384356e+01,3.801891e-01,2.414554e+00
3.151000e+03,7.758257e+01,1.824132e+01,-1.120524e-01,1.371481e-01,4.025125e-01,1.237675e-01,2.859384e-03,-2.000000e-02,-1.952921e-02,7.760000e+01,1.830000e+01,-1.096096e-01,1.743102e-02,5.867670e-02,2.442813e-03,8.674849e+01,3.789444e+02,2.953037e+01,6.247774e+01,9.384701e+01,3.801951e-01,2.415343e+00
3.152000e+03,7.759060e+01,1.820595e+01,-1.185413e-01,1.301481e-01,4.225125e-01,1.430788e-01,-7.000000e-03,2.000000e-02,1.931138e-02,7.760000e+01,1.830000e+01,-1.096096e-01,9.398767e-03,9.405107e-02,8.931656e-03,8.675789e+01,3.790385e+02,2.953931e+01,6.247783e+01,9.385585e+01,3.802749e-01,2.416165e+00
3.153000e+03,7.758461e+01,1.836948e+01,-1.133167e-01,1.358442e-01,4.025125e-01,1.279444e-01,5.696095e-03,-2.000000e-02,-1.513450e-02,7.760000e+01,1.830000e+01,-1.096096e-01,1.538664e-02,-6.947913e-02,3.707090e-03,8.677327e+01,3.791080e+02,2.954301e+01,6.247806e+01,9.386068e+01,3.802886e-01,2.416827e+00
3.154000e+03,7.759084e+01,1.832134e+01,-1.191137e-01,1.288442e-01,3.825125e-01,1.439470e-01,-7.000000e-03,-2.000000e-02,1.600268e-02,7.760000e+01,1.830000e+01,-1.096096e-01,9.157310e-03,-2.134220e-02,9.504112e-03,8.678243e+01,3.791293e+02,2.955252e+01,6.247815e+01,9.386113e+01,3.803789e-01,2.417532e+00
3.155000e+03,7.759318e+01,1.808302e+01,-1.283038e-01,1.256185e-01,4.025125e-01,1.636844e-01,-3.225702e-03,2.000000e-02,1.973738e-02,7.760000e+01,1.830000e+01,-1.096096e-01,6.824978e-03,2.169789e-01,1.869419e-02,8.678925e+01,3.793463e+02,2.957121e+01,6.247819e+01,9.390821e+01,3.807284e-01,2.418332e+00
3.156000e+03,7.758483e+01,1.806375e+01,-1.218216e-01,1.326185e-01,4.225125e-01,1.444512e-01,7.000000e-03,2.000000e-02,-1.923323e-02,7.760000e+01,1.830000e+01,-1.096096e-01,1.517181e-02,2.362480e-01,1.221202e-02,8.680443e+01,3.795825e+02,2.958342e+01,6.247842e+01,9.396403e+01,3.808775e-01,2.419151e+00
3.157000e+03,7.758087e+01,1.824134e+01,-1.124942e-01,1.391860e-01,4.025125e-01,1.246583e-01,6.567532e-03,-2.000000e-02,-1.979291e-02,7.760000e+01,1.830000e+01,-1.096096e-01,1.913367e-02,5.866416e-02,2.884615e-03,8.682356e+01,3.796412e+02,2.958631e+01,6.247879e+01,9.396747e+01,3.808859e-01,2.419986e+00
3.158000e+03,7.759060e+01,1.820592e+01,-1.180267e-01,1.321860e-01,4.225125e-01,1.416671e-01,-7.000000e-03,2.000000e-02,1.700883e-02,7.760000e+01,1.830000e+01,-1.096096e-01,9.398521e-03,9.408395e-02,8.417059e-03,8.683296e+01,3.797353e+02,2.959472e+01,6.247888e+01,9.397632e+01,3.809567e-01,2.420724e+00
3.159000e+03,7.758666e+01,1.836945e+01,-1.127775e-01,1.333889e-01,4.025125e-01,1.268561e-01,1.202851e-03,-2.000000e-02,-1.481095e-02,7.760000e+01,1.830000e+01,-1.096096e-01,1.334050e-02,-6.944954e-02,3.167903e-03,8.684630e+01,3.798047e+02,2.959789e+01,6.247906e+01,9.398114e+01,3.809668e-01,2.421345e+00
3.160000e+03,7.759084e+01,1.832137e+01,-1.197335e-01,1.275846e-01,3.825125e-01,1.456502e-01,-5.804276e-03,-2.000000e-02,1.879409e-02,7.760000e+01,1.830000e+01,-1.096096e-01,9.160599e-03,-2.136865e-02,1.012392e-02,8.685546e+01,3.798261e+02,2.960802e+01,6.247914e+01,9.398160e+01,3.810692e-01,2.422132e+00
3.161000e+03,7.759178e+01,1.808304e+01,-1.286472e-01,1.272887e-01,4.025125e-01,1.642607e-01,-2.958835e-04,2.000000e-02,1.861042e-02,7.760000e+01,1.830000e+01,-1.096096e-01,8.217379e-03,2.169552e-01,1.903759e-02,8.686368e+01,3.800431e+02,2.962705e+01,6.247921e+01,9.402867e+01,3.814317e-01,2.422878e+00
3.162000e+03,7.758485e+01,1.806374e+01,-1.213978e-01,1.342887e-01,4.225125e-01,1.432967e-01,7.000000e-03,2.000000e-02,-2.096398e-02,7.760000e+01,1.830000e+01,-1.096096e-01,1.514549e-02,2.362627e-01,1.178821e-02,8.687882e+01,3.802793e+02,2.963884e+01,6.247944e+01,9.408449e+01,3.815706e-01,2.423767e+00
3.163000e+03,7.758257e+01,1.824132e+01,-1.120524e-01,1.371481e-01,4.025125e-01,1.237675e-01,2.859384e-03,-2.000000e-02,-1.952921e-02,7.760000e+01,1.830000e+01,-1.096096e-01,1.743102e-02,5.867670e-02,2.442813e-03,8.689625e+01,3.803380e+02,2.964128e+01,6.247974e+01,9.408793e+01,3.815766e-01,2.424556e+00
3.164000e+03,7.759060e+01,1.820595e+01,-1.185413e-01,1.301481e-01,4.225125e-01,1.430788e-01,-7.000000e-03,2.000000e-02,1.931138e-02,7.760000e+01,1.830000e+01,-1.096096e-01,9.398767e-03,9.405107e-02,8.931656e-03,8.690565e+01,3.804320e+02,2.965022e+01,6.247983e+01,9.409678e+01,3.816564e-01,2.425378e+00
3.165000e+03,7.758461e+01,1.836948e+01,-1.133167e-01,1.358442e-01,4.025125e-01,1.279444e-01,5.696095e-03,-2.000000e-02,-1.513450e-02,7.760000e+01,1.830000e+01,-1.096096e-01,1.538664e-02,-6.947913e-02,3.707090e-03,8.692104e+01,3.805015e+02,2.965392e+01,6.248007e+01,9.410161e+01,3.816701e-01,2.426040e+00
3.166000e+03,7.759084e+01,1.832134e+01,-1.191137e-01,1.288442e-01,3.825125e-01,1.439470e-01,-7.000000e-03,-2.000000e-02,1.600268e-02,7.760000e+01,1.830000e+01,-1.096096e-01,9.157310e-03,-2.134220e-02,9.504112e-03,8.693020e+01,3.805229e+02,2.966343e+01,6.248015e+01,9.410206e+01,3.817605e-01,2.426745e+00
3.167000e+03,7.759318e+01,1.808302e+01,-1.283038e-01,1.256185e-01,4.025125e-01,1.636844e-01,-3.225702e-03,2.000000e-02,1.973738e-02,7.760000e+01,1.830000e+01,-1.096096e-01,6.824978e-03,2.169789e-01,1.869419e-02,8.693702e+01,3.807398e+02,2.968212e+01,6.248020e+01,9.414914e+01,3.821099e-01,2.427545e+00
3.168000e+03,7.758483e+01,1.806375e+01,-1.218216e-01,1.326185e-01,4.225125e-01,1.444512e-01,7.000000e-03,2.000000e-02,-1.923323e-02,7.760000e+01,1.830000e+01,-1.096096e-01,1.517181e-02,2.362480e-01,1.221202e-02,8.695219e+01,3.809761e+02,2.969433e+01,6.248043e+01,9.420495e+01,3.822591e-01,2.428364e+00
3.169000e+03,7.758087e+01,1.824134e+01,-1.124942e-01,1.391860e-01,4.025125e-01,1.246583e-01,6.567532e-03,-2.000000e-02,-1.979291e-02,7.760000e+01,1.830000e+01,-1.096096e-01,1.913367e-02,5.866416e-02,2.884615e-03,8.697133e+01,3.810348e+02,2.969722e+01,6.248079e+01,9.420840e+01,3.822674e-01,2.429198e+00
3.170000e+03,7.759060e+01,1.820592e+01,-1.180267e-01,1.321860e-01,4.225125e-01,1.416671e-01,-7.000000e-03,2.000000e-02,1.700883e-02,7.760000e+01,1.830000e+01,-1.096096e-01,9.398521e-03,9.408395e-02,8.417059e-03,8.698073e+01,3.811288e+02,2.970564e+01,6.248088e+01,9.421725e+01,3.823382e-01,2.429937e+00
3.171000e+03,7.758666e+01,1.836945e+01,-1.127775e-01,1.333889e-01,4.025125e-01,1.268561e-01,1.202851e-03,-2.000000e-02,-1.481095e-02,7.760000e+01,1.830000e+01,-1.096096e-01,1.334050e-02,-6.944954e-02,3.167903e-03,8.699407e+01,3.811983e+02,2.970880e+01,6.248106e+01,9.422207e+01,3.823483e-01,2.430558e+00
3.172000e+03,7.759084e+01,1.832137e+01,-1.197335e-01,1.275846e-01,3.825125e-01,1.456502e-01,-5.804276e-03,-2.000000e-02,1.879409e-02,7.760000e+01,1.830000e+01,-1.096096e-01,9.160599e-03,-2.136865e-02,1.012392e-02,8.700323e+01,3.812197e+02,2.971893e+01,6.248114e+01,9.422253e+01,3.824508e-01,2.431344e+00
3.173000e+03,7.759178e+01,1.808304e+01,-1.286472e-01,1.272887e-01,4.025125e-01,1.642607e-01,-2.958835e-04,2.000000e-02,1.861042e-02,7.760000e+01,1.830000e+01,-1.096096e-01,8.217379e-03,2.169552e-01,1.903759e-02,8.701144e+01,3.814366e+02,2.973796e+01,6.248121e+01,9.426960e+01,3.828132e-01,2.432091e+00
3.174000e+03,7.758485e+01,1.806374e+01,-1.213978e-01,1.342887e-01,4.225125e-01,1.432967e-01,7.000000e-03,2.000000e-02,-2.096398e-02,7.760000e+01,1.830000e+01,-1.096096e-01,1.514549e-02,2.362627e-01,1.178821e-02,8.702659e+01,3.816729e+02,2.974975e+01,6.248144e+01,9.432542e+01,3.829521e-01,2.432979e+00
3.175000e+03,7.758257e+01,1.824132e+01,-1.120524e-01,1.371481e-01,4.025125e-01,1.237675e-01,2.859384e-03,-2.000000e-02,-1.952921e-02,7.760000e+01,1.830000e+01,-1.096096e-01,1.743102e-02,5.867670e-02,2.442813e-03,8.704402e+01,3.817316e+02,2.975220e+01,6.248174e+01,9.432886e+01,3.829581e-01,2.433769e+00
3.176000e+03,7.759060e+01,1.820595e+01,-1.185413e-01,1.301481e-01,4.225125e-01,1.430788e-01,-7.000000e-03,2.000000e-02,1.931138e-02,7.760000e+01,1.830000e+01,-1.096096e-01,9.398767e-03,9.405107e-02,8.931656e-03,8.705342e+01,3.818256e+02,2.976113e+01,6.248183e+01,9.433771e+01,3.830379e-01,2.434591e+00
3.177000e+03,7.758461e+01,1.836948e+01,-1.133167e-01,1.358442e-01,4.025125e-01,1.279444e-01,5.696095e-03,-2.000000e-02,-1.513450e-02,7.760000e+01,1.830000e+01,-1.096096e-01,1.538664e-02,-6.947913e-02,3.707090e-03,8.706881e+01,3.818951e+02,2.976483e+01,6.248207e+01,9.434253e+01,3.830516e-01,2.435252e+00
3.178000e+03,7.759084e+01,1.832134e+01,-1.191137e-01,1.288442e-01,3.825125e-01,1.439470e-01,-7.000000e-03,-2.000000e-02,1.600268e-02,7.760000e+01,1.830000e+01,-1.096096e-01,9.157310e-03,-2.134220e-02,9.504112e-03,8.707796e+01,3.819164e+02,2.977434e+01,6.248215e+01,9.434299e+01,3.831420e-01,2.435957e+00
3.179000e+03,7.759318e+01,1.808302e+01,-1.283038e-01,1.256185e-01,4.025125e-01,1.636844e-01,-3.225702e-03,2.000000e-02,1.973738e-02,7.760000e+01,1.830000e+01,-1.096096e-01,6.824978e-03,2.169789e-01,1.869419e-02,8.708479e+01,3.821334e+02,2.979303e+01,6.248220e+01,9.439007e+01,3.834914e-01,2.436757e+00
3.180000e+03,7.758483e+01,1.806375e+01,-1.218216e-01,1.326185e-01,4.225125e-01,1.444512e-01,7.000000e-03,2.000000e-02,-1.923323e-02,7.760000e+01,1.830000e+01,-1.096096e-01,1.517181e-02,2.362480e-01,1.221202e-02,8.709996e+01,3.823697e+02,2.980524e+01,6.248243e+01,9.444588e+01,3.836406e-01,2.437576e+00
3.181000e+03,7.758087e+01,1.824134e+01,-1.124942e-01,1.391860e-01,4.025125e-01,1.246583e-01,6.567532e-03,-2.000000e-02,-1.979291e-02,7.760000e+01,1.830000e+01,-1.096096e-01,1.913367e-02,5.866416e-02,2.884615e-03,8.711909e+01,3.824283e+02,2.980813e+01,6.248280e+01,9.444932e+01,3.836489e-01,2.438411e+00
3.182000e+03,7.759060e+01,1.820592e+01,-1.180267e-01,1.321860e-01,4.225125e-01,1.416671e-01,-7.000000e-03,2.000000e-02,1.700883e-02,7.760000e+01,1.830000e+01,-1.096096e-01,9.398521e-03,9.408395e-02,8.417059e-03,8.712849e+01,3.825224e+02,2.981655e+01,6.248288e+01,9.445817e+01,3.837197e-01,2.439150e+00
3.183000e+03,7.758666e+01,1.836945e+01,-1.127775e-01,1.333889e-01,4.025125e-01,1.268561e-01,1.202851e-03,-2.000000e-02,-1.481095e-02,7.760000e+01,1.830000e+01,-1.096096e-01,1.334050e-02,-6.944954e-02,3.167903e-03,8.714183e+01,3.825919e+02,2.981971e+01,6.248306e+01,9.446300e+01,3.837298e-01,2.439770e+00
3.184000e+03,7.759084e+01,1.832137e+01,-1.197335e-01,1.275846e-01,3.825125e-01,1.456502e-01,-5.804276e-03,-2.000000e-02,1.879409e-02,7.760000e+01,1.830000e+01,-1.096096e-01,9.160599e-03,-2.136865e-02,1.012392e-02,8.715099e+01,3.826132e+02,2.982984e+01,6.248315e+01,9.446345e+01,3.838323e-01,2.440557e+00
3.185000e+03,7.759178e+01,1.808304e+01,-1.286472e-01,1.272887e-01,4.025125e-01,1.642607e-01,-2.958835e-04,2.000000e-02,1.861042e-02,7.760000e+01,1.830000e+01,-1.096096e-01,8.217379e-03,2.169552e-01,1.903759e-02,8.715921e+01,3.828302e+02,2.984888e+01,6.248321e+01,9.451052e+01,3.841947e-01,2.441304e+00
3.186000e+03,7.758485e+01,1.806374e+01,-1.213978e-01,1.342887e-01,4.225125e-01,1.432967e-01,7.000000e-03,2.000000e-02,-2.096398e-02,7.760000e+01,1.830000e+01,-1.096096e-01,1.514549e-02,2.362627e-01,1.178821e-02,8.717436e+01,3.830664e+02,2.986066e+01,6.248344e+01,9.456634e+01,3.843337e-01,2.442192e+00
3.187000e+03,7.758257e+01,1.824132e+01,-1.120524e-01,1.371481e-01,4.025125e-01,1.237675e-01,2.859384e-03,-2.000000e-02,-1.952921e-02,7.760000e+01,1.830000e+01,-1.096096e-01,1.743102e-02,5.867670e-02,2.442813e-03,8.719179e+01,3.831251e+02,2.986311e+01,6.248375e+01,9.456979e+01,3.843396e-01,2.442982e+00
3.188000e+03,7.759060e+01,1.820595e+01,-1.185413e-01,1.301481e-01,4.225125e-01,1.430788e-01,-7.000000e-03,2.000000e-02,1.931138e-02,7.760000e+01,1.830000e+01,-1.096096e-01,9.398767e-03,9.405107e-02,8.931656e-03,8.720119e+01,3.832192e+02,2.987204e+01,6.248384e+01,9.457863e+01,3.844194e-01,2.443804e+00
3.189000e+03,7.758461e+01,1.836948e+01,-1.133167e-01,1.358442e-01,4.025125e-01,1.279444e-01,5.696095e-03,-2.000000e-02,-1.513450e-02,7.760000e+01,1.830000e+01,-1.096096e-01,1.538664e-02,-6.947913e-02,3.707090e-03,8.721657e+01,3.832886e+02,2.987575e+01,6.248407e+01,9.458346e+01,3.844331e-01,2.444465e+00
3.190000e+03,7.759084e+01,1.832134e+01,-1.191137e-01,1.288442e-01,3.825125e-01,1.439470e-01,-7.000000e-03,-2.000000e-02,1.600268e-02,7.760000e+01,1.830000e+01,-1.096096e-01,9.157310e-03,-2.134220e-02,9.504112e-03,8.722573e+01,3.833100e+02,2.988525e+01,6.248416e+01,9.458392e+01,3.845235e-01,2.445170e+00
3.191000e+03,7.759318e+01,1.808302e+01,-1.283038e-01,1.256185e-01,4.025125e-01,1.636844e-01,-3.225702e-03,2.000000e-02,1.973738e-02,7.760000e+01,1.830000e+01,-1.096096e-01,6.824978e-03,2.169789e-01,1.869419e-02,8.723255e+01,3.835270e+02,2.990394e+01,6.248420e+01,9.463100e+01,3.848729e-01,2.445970e+00
3.192000e+03,7.758483e+01,1.806375e+01,-1.218216e-01,1.326185e-01,4.225125e-01,1.444512e-01,7.000000e-03,2.000000e-02,-1.923323e-02,7.760000e+01,1.830000e+01,-1.096096e-01,1.517181e-02,2.362480e-01,1.221202e-02,8.724773e+01,3.837632e+02,2.991616e+01,6.248443e+01,9.468681e+01,3.850221e-01,2.446789e+00
3.193000e+03,7.758087e+01,1.824134e+01,-1.124942e-01,1.391860e-01,4.025125e-01,1.246583e-01,6.567532e-03,-2.000000e-02,-1.979291e-02,7.760000e+01,1.830000e+01,-1.096096e-01,1.913367e-02,5.866416e-02,2.884615e-03,8.726686e+01,3.838219e+02,2.991904e+01,6.248480e+01,9.469025e+01,3.850304e-01,2.447624e+00
3.194000e+03,7.759060e+01,1.820592e+01,-1.180267e-01,1.321860e-01,4.225125e-01,1.416671e-01,-7.000000e-03,2.000000e-02,1.700883e-02,7.760000e+01,1.830000e+01,-1.096096e-01,9.398521e-03,9.408395e-02,8.417059e-03,8.727626e+01,3.839160e+02,2.992746e+01,6.248489e+01,9.469910e+01,3.851012e-01,2.448362e+00
3.195000e+03,7.758666e+01,1.836945e+01,-1.127775e-01,1.333889e-01,4.025125e-01,1.268561e-01,1.202851e-03,-2.000000e-02,-1.481095e-02,7.760000e+01,1.830000e+01,-1.096096e-01,1.334050e-02,-6.944954e-02,3.167903e-03,8.728960e+01,3.839854e+02,2.993063e+01,6.248507e+01,9.470392e+01,3.851113e-01,2.448983e+00
3.196000e+03,7.759084e+01,1.832137e+01,-1.197335e-01,1.275846e-01,3.825125e-01,1.456502e-01,-5.804276e-03,-2.000000e-02,1.879409e-02,7.760000e+01,1.830000e+01,-1.096096e-01,9.160599e-03,-2.136865e-02,1.012392e-02,8.729876e+01,3.840068e+02,2.994075e+01,6.248515e+01,9.470438e+01,3.852138e-01,2.449770e+00
3.197000e+03,7.759178e+01,1.808304e+01,-1.286472e-01,1.272887e-01,4.025125e-01,1.642607e-01,-2.958835e-04,2.000000e-02,1.861042e-02,7.760000e+01,1.830000e+01,-1.096096e-01,8.217379e-03,2.169552e-01,1.903759e-02,8.730698e+01,3.842237e+02,2.995979e+01,6.248522e+01,9.475145e+01,3.855762e-01,2.450517e+00
3.198000e+03,7.758485e+01,1.806374e+01,-1.213978e-01,1.342887e-01,4.225125e-01,1.432967e-01,7.000000e-03,2.000000e-02,-2.096398e-02,7.760000e+01,1.830000e+01,-1.096096e-01,1.514549e-02,2.362627e-01,1.178821e-02,8.732212e+01,3.844600e+02,2.997158e+01,6.248545e+01,9.480727e+01,3.857152e-01,2.451405e+00
3.199000e+03,7.758257e+01,1.824132e+01,-1.120524e-01,1.371481e-01,4.025125e-01,1.237675e-01,2.859384e-03,-2.000000e-02,-1.952921e-02,7.760000e+01,1.830000e+01,-1.096096e-01,1.743102e-02,5.867670e-02,2.442813e-03,8.733955e+01,3.845187e+02,2.997402e+01,6.248575e+01,9.481071e+01,3.857211e-01,2.452195e+00
3.200000e+03,7.759060e+01,1.820595e+01,-1.185413e-01,1.301481e-01,4.225125e-01,1.430788e-01,-7.000000e-03,2.000000e-02,1.931138e-02,7.760000e+01,1.830000e+01,-1.096096e-01,9.398767e-03,9.405107e-02,8.931656e-03,8.734895e+01,3.846127e+02,2.998295e+01,6.248584e+01,9.481956e+01,3.858009e-01,2.453016e+00
3.201000e+03,7.758461e+01,1.836948e+01,-1.133167e-01,1.358442e-01,4.025125e-01,1.279444e-01,5.696095e-03,-2.000000e-02,-1.513450e-02,7.760000e+01,1.830000e+01,-1.096096e-01,1.538664e-02,-6.947913e-02,3.707090e-03,8.736434e+01,3.846822e+02,2.998666e+01,6.248608e+01,9.482439e+01,3.858146e-01,2.453678e+00
3.202000e+03,7.759084e+01,1.832134e+01,-1.191137e-01,1.288442e-01,3.825125e-01,1.439470e-01,-7.000000e-03,-2.000000e-02,1.600268e-02,7.760000e+01,1.830000e+01,-1.096096e-01,9.157310e-03,-2.134220e-02,9.504112e-03,8.737350e+01,3.847036e+02,2.999616e+01,6.248616e+01,9.482484e+01,3.859050e-01,2.454383e+00
3.203000e+03,7.759318e+01,1.808302e+01,-1.283038e-01,1.256185e-01,4.025125e-01,1.636844e-01,-3.225702e-03,2.000000e-02,1.973738e-02,7.760000e+01,1.830000e+01,-1.096096e-01,6.824978e-03,2.169789e-01,1.869419e-02,8.738032e+01,3.849205e+02,3.001486e+01,6.248621e+01,9.487192e+01,3.862544e-01,2.455183e+00
3.204000e+03,7.758483e+01,1.806375e+01,-1.218216e-01,1.326185e-01,4.225125e-01,1.444512e-01,7.000000e-03,2.000000e-02,-1.923323e-02,7.760000e+01,1.830000e+01,-1.096096e-01,1.517181e-02,2.362480e-01,1.221202e-02,8.739549e+01,3.851568e+02,3.002707e+01,6.248644e+01,9.492774e+01,3.864036e-01,2.456002e+00
3.205000e+03,7.758087e+01,1.824134e+01,-1.124942e-01,1.391860e-01,4.025125e-01,1.246583e-01,6.567532e-03,-2.000000e-02,-1.979291e-02,7.760000e+01,1.830000e+01,-1.096096e-01,1.913367e-02,5.866416e-02,2.884615e-03,8.741463e+01,3.852154e+02,3.002995e+01,6.248680e+01,9.493118e+01,3.864119e-01,2.456837e+00
3.206000e+03,7.759060e+01,1.820592e+01,-1.180267e-01,1.321860e-01,4.225125e-01,1.416671e-01,-7.000000e-03,2.000000e-02,1.700883e-02,7.760000e+01,1.830000e+01,-1.096096e-01,9.398521e-03,9.408395e-02,8.417059e-03,8.742403e+01,3.853095e+02,3.003837e+01,6.248689e+01,9.494003e+01,3.864827e-01,2.457575e+00
3.207000e+03,7.758666e+01,1.836945e+01,-1.127775e-01,1.333889e-01,4.025125e-01,1.268561e-01,1.202851e-03,-2.000000e-02,-1.481095e-02,7.760000e+01,1.830000e+01,-1.096096e-01,1.334050e-02,-6.944954e-02,3.167903e-03,8.743737e+01,3.853790e+02,3.004154e+01,6.248707e+01,9.494485e+01,3.864928e-01,2.458196e+00
3.208000e+03,7.759084e+01,1.832137e+01,-1.197335e-01,1.275846e-01,3.825125e-01,1.456502e-01,-5.804276e-03,-2.000000e-02,1.879409e-02,7.760000e+01,1.830000e+01,-1.096096e-01,9.160599e-03,-2.136865e-02,1.012392e-02,8.744653e+01,3.854003e+02,3.005166e+01,6.248715e+01,9.494531e+01,3.865953e-01,2.458983e+00
3.209000e+03,7.759178e+01,1.808304e+01,-1.286472e-01,1.272887e-01,4.025125e-01,1.642607e-01,-2.958835e-04,2.000000e-02,1.861042e-02,7.760000e+01,1.830000e+01,-1.096096e-01,8.217379e-03,2.169552e-01,1.903759e-02,8.745474e+01,3.856173e+02,3.007070e+01,6.248722e+01,9.499238e+01,3.869577e-01,2.459729e+00
3.210000e+03,7.758485e+01,1.806374e+01,-1.213978e-01,1.342887e-01,4.225125e-01,1.432967e-01,7.000000e-03,2.000000e-02,-2.096398e-02,7.760000e+01,1.830000e+01,-1.096096e-01,1.514549e-02,2.362627e-01,1.178821e-02,8.746989e+01,3.858536e+02,3.008249e+01,6.248745e+01,9.504820e+01,3.870967e-01,2.460618e+00
3.211000e+03,7.758257e+01,1.824132e+01,-1.120524e-01,1.371481e-01,4.025125e-01,1.237675e-01,2.859384e-03,-2.000000e-02,-1.952921e-02,7.760000e+01,1.830000e+01,-1.096096e-01,1.743102e-02,5.867670e-02,2.442813e-03,8.748732e+01,3.859122e+02,3.008493e+01,6.248775e+01,9.505164e+01,3.871026e-01,2.461407e+00
3.212000e+03,7.759060e+01,1.820595e+01,-1.185413e-01,1.301481e-01,4.225125e-01,1.430788e-01,-7.000000e-03,2.000000e-02,1.931138e-02,7.760000e+01,1.830000e+01,-1.096096e-01,9.398767e-03,9.405107e-02,8.931656e-03,8.749672e+01,3.860063e+02,3.009386e+01,6.248784e+01,9.506049e+01,3.871824e-01,2.462229e+00
3.213000e+03,7.758461e+01,1.836948e+01,-1.133167e-01,1.358442e-01,4.025125e-01,1.279444e-01,5.696095e-03,-2.000000e-02,-1.513450e-02,7.760000e+01,1.830000e+01,-1.096096e-01,1.538664e-02,-6.947913e-02,3.707090e-03,8.751211e+01,3.860758e+02,3.009757e+01,6.248808e+01,9.506531e+01,3.871962e-01,2.462891e+00
3.214000e+03,7.759084e+01,1.832134e+01,-1.191137e-01,1.288442e-01,3.825125e-01,1.439470e-01,-7.000000e-03,-2.000000e-02,1.600268e-02,7.760000e+01,1.830000e+01,-1.096096e-01,9.157310e-03,-2.134220e-02,9.504112e-03,8.752126e+01,3.860971e+02,3.010707e+01,6.248816e+01,9.506577e+01,3.872865e-01,2.463596e+00
3.215000e+03,7.759318e+01,1.808302e+01,-1.283038e-01,1.256185e-01,4.025125e-01,1.636844e-01,-3.225702e-03,2.000000e-02,1.973738e-02,7.760000e+01,1.830000e+01,-1.096096e-01,6.824978e-03,2.169789e-01,1.869419e-02,8.752809e+01,3.863141e+02,3.012577e+01,6.248821e+01,9.511285e+01,3.876360e-01,2.464396e+00
3.216000e+03,7.758483e+01,1.806375e+01,-1.218216e-01,1.326185e-01,4.225125e-01,1.444512e-01,7.000000e-03,2.000000e-02,-1.923323e-02,7.760000e+01,1.830000e+01,-1.096096e-01,1.517181e-02,2.362480e-01,1.221202e-02,8.754326e+01,3.865503e+02,3.013798e+01,6.248844e+01,9.516866e+01,3.877851e-01,2.465215e+00
3.217000e+03,7.758087e+01,1.824134e+01,-1.124942e-01,1.391860e-01,4.025125e-01,1.246583e-01,6.567532e-03,-2.000000e-02,-1.979291e-02,7.760000e+01,1.830000e+01,-1.096096e-01,1.913367e-02,5.866416e-02,2.884615e-03,8.756239e+01,3.866090e+02,3.014086e+01,6.248880e+01,9.517210e+01,3.877934e-01,2.466050e+00
3.218000e+03,7.759060e+01,1.820592e+01,-1.180267e-01,1.321860e-01,4.225125e-01,1.416671e-01,-7.000000e-03,2.000000e-02,1.700883e-02,7.760000e+01,1.830000e+01,-1.096096e-01,9.398521e-03,9.408395e-02,8.417059e-03,8.757179e+01,3.867031e+02,3.014928e+01,6.248889e+01,9.518096e+01,3.878643e-01,2.466788e+00
3.219000e+03,7.758666e+01,1.836945e+01,-1.127775e-01,1.333889e-01,4.025125e-01,1.268561e-01,1.202851e-03,-2.000000e-02,-1.481095e-02,7.760000e+01,1.830000e+01,-1.096096e-01,1.334050e-02,-6.944954e-02,3.167903e-03,8.758513e+01,3.867725e+02,3.015245e+01,6.248907e+01,9.518578e+01,3.878743e-01,2.467409e+00
3.220000e+03,7.759084e+01,1.832137e+01,-1.197335e-01,1.275846e-01,3.825125e-01,1.456502e-01,-5.804276e-03,-2.000000e-02,1.879409e-02,7.760000e+01,1.830000e+01,-1.096096e-01,9.160599e-03,-2.136865e-02,1.012392e-02,8.759429e+01,3.867939e+02,3.016257e+01,6.248916e+01,9.518624e+01,3.879768e-01,2.468196e+00
3.221000e+03,7.759178e+01,1.808304e+01,-1.286472e-01,1.272887e-01,4.025125e-01,1.642607e-01,-2.958835e-04,2.000000e-02,1.861042e-02,7.760000e+01,1.830000e+01,-1.096096e-01,8.217379e-03,2.169552e-01,1.903759e-02,8.760251e+01,3.870109e+02,3.018161e+01,6.248922e+01,9.523331e+01,3.883392e-01,2.468942e+00
3.222000e+03,7.758485e+01,1.806374e+01,-1.213978e-01,1.342887e-01,4.225125e-01,1.432967e-01,7.000000e-03,2.000000e-02,-2.096398e-02,7.760000e+01,1.830000e+01,-1.096096e-01,1.514549e-02,2.362627e-01,1.178821e-02,8.761766e+01,3.872471e+02,3.019340e+01,6.248945e+01,9.528913e+01,3.884782e-01,2.469831e+00
3.223000e+03,7.758257e+01,1.824132e+01,-1.120524e-01,1.371481e-01,4.025125e-01,1.237675e-01,2.859384e-03,-2.000000e-02,-1.952921e-02,7.760000e+01,1.830000e+01,-1.096096e-01,1.743102e-02,5.867670e-02,2.442813e-03,8.763509e+01,3.873058e+02,3.019584e+01,6.248976e+01,9.529257e+01,3.884841e-01,2.470620e+00
3.224000e+03,7.759060e+01,1.820595e+01,-1.185413e-01,1.301481e-01,4.225125e-01,1.430788e-01,-7.000000e-03,2.000000e-02,1.931138e-02,7.760000e+01,1.830000e+01,-1.096096e-01,9.398767e-03,9.405107e-02,8.931656e-03,8.764449e+01,3.873999e+02,3.020477e+01,6.248984e+01,9.530141e+01,3.885639e-01,2.471442e+00
3.225000e+03,7.758461e+01,1.836948e+01,-1.133167e-01,1.358442e-01,4.025125e-01,1.279444e-01,5.696095e-03,-2.000000e-02,-1.513450e-02,7.760000e+01,1.830000e+01,-1.096096e-01,1.538664e-02,-6.947913e-02,3.707090e-03,8.765987e+01,3.874693e+02,3.020848e+01,6.249008e+01,9.530624e+01,3.885777e-01,2.472104e+00
3.226000e+03,7.759084e+01,1.832134e+01,-1.191137e-01,1.288442e-01,3.825125e-01,1.439470e-01,-7.000000e-03,-2.000000e-02,1.600268e-02,7.760000e+01,1.830000e+01,-1.096096e-01,9.157310e-03,-2.134220e-02,9.504112e-03,8.766903e+01,3.874907e+02,3.021798e+01,6.249016e+01,9.530670e+01,3.886680e-01,2.472809e+00
3.227000e+03,7.759318e+01,1.808302e+01,-1.283038e-01,1.256185e-01,4.025125e-01,1.636844e-01,-3.225702e-03,2.000000e-02,1.973738e-02,7.760000e+01,1.830000e+01,-1.096096e-01,6.824978e-03,2.169789e-01,1.869419e-02,8.767585e+01,3.877077e+02,3.023668e+01,6.249021e+01,9.535378e+01,3.890175e-01,2.473609e+00
3.228000e+03,7.758483e+01,1.806375e+01,-1.218216e-01,1.326185e-01,4.225125e-01,1.444512e-01,7.000000e-03,2.000000e-02,-1.923323e-02,7.760000e+01,1.830000e+01,-1.096096e-01,1.517181e-02,2.362480e-01,1.221202e-02,8.769103e+01,3.879439e+02,3.024889e+01,6.249044e+01,9.540959e+01,3.891666e-01,2.474428e+00
3.229000e+03,7.758087e+01,1.824134e+01,-1.124942e-01,1.391860e-01,4.025125e-01,1.246583e-01,6.567532e-03,-2.000000e-02,-1.979291e-02,7.760000e+01,1.830000e+01,-1.096096e-01,1.913367e-02,5.866416e-02,2.884615e-03,8.771016e+01,3.880026e+02,3.025177e+01,6.249081e+01,9.541303e+01,3.891749e-01,2.475262e+00
3.230000e+03,7.759060e+01,1.820592e+01,-1.180267e-01,1.321860e-01,4.225125e-01,1.416671e-01,-7.000000e-03,2.000000e-02,1.700883e-02,7.760000e+01,1.830000e+01,-1.096096e-01,9.398521e-03,9.408395e-02,8.417059e-03,8.771956e+01,3.880966e+02,3.026019e+01,6.249090e+01,9.542188e+01,3.892458e-01,2.476001e+00
3.231000e+03,7.758666e+01,1.836945e+01,-1.127775e-01,1.333889e-01,4.025125e-01,1.268561e-01,1.202851e-03,-2.000000e-02,-1.481095e-02,7.760000e+01,1.830000e+01,-1.096096e-01,1.334050e-02,-6.944954e-02,3.167903e-03,8.773290e+01,3.881661e+02,3.026336e+01,6.249107e+01,9.542671e+01,3.892558e-01,2.476622e+00
3.232000e+03,7.759084e+01,1.832137e+01,-1.197335e-01,1.275846e-01,3.825125e-01,1.456502e-01,-5.804276e-03,-2.000000e-02,1.879409e-02,7.760000e+01,1.830000e+01,-1.096096e-01,9.160599e-03,-2.136865e-02,1.012392e-02,8.774206e+01,3.881875e+02,3.027348e+01,6.249116e+01,9.542716e+01,3.893583e-01,2.477408e+00
3.233000e+03,7.759178e+01,1.808304e+01,-1.286472e-01,1.272887e-01,4.025125e-01,1.642607e-01,-2.958835e-04,2.000000e-02,1.861042e-02,7.760000e+01,1.830000e+01,-1.096096e-01,8.217379e-03,2.169552e-01,1.903759e-02,8.775028e+01,3.884044e+02,3.029252e+01,6.249123e+01,9.547423e+01,3.897207e-01,2.478155e+00
3.234000e+03,7.758485e+01,1.806374e+01,-1.213978e-01,1.342887e-01,4.225125e-01,1.432967e-01,7.000000e-03,2.000000e-02,-2.096398e-02,7.760000e+01,1.830000e+01,-1.096096e-01,1.514549e-02,2.362627e-01,1.178821e-02,8.776542e+01,3.886407e+02,3.030431e+01,6.249145e+01,9.553005e+01,3.898597e-01,2.479043e+00
3.235000e+03,7.758257e+01,1.824132e+01,-1.120524e-01,1.371481e-01,4.025125e-01,1.237675e-01,2.859384e-03,-2.000000e-02,-1.952921e-02,7.760000e+01,1.830000e+01,-1.096096e-01,1.743102e-02,5.867670e-02,2.442813e-03,8.778285e+01,3.886994e+02,3.030675e+01,6.249176e+01,9.553350e+01,3.898657e-01,2.479833e+00
3.236000e+03,7.759060e+01,1.820595e+01,-1.185413e-01,1.301481e-01,4.225125e-01,1.430788e-01,-7.000000e-03,2.000000e-02,1.931138e-02,7.760000e+01,1.830000e+01,-1.096096e-01,9.398767e-03,9.405107e-02,8.931656e-03,8.779225e+01,3.887934e+02,3.031568e+01,6.249185e+01,9.554234e+01,3.899454e-01,2.480655e+00
3.237000e+03,7.758461e+01,1.836948e+01,-1.133167e-01,1.358442e-01,4.025125e-01,1.279444e-01,5.696095e-03,-2.000000e-02,-1.513450e-02,7.760000e+01,1.830000e+01,-1.096096e-01,1.538664e-02,-6.947913e-02,3.707090e-03,8.780764e+01,3.888629e+02,3.031939e+01,6.249208e+01,9.554717e+01,3.899592e-01,2.481316e+00
3.238000e+03,7.759084e+01,1.832134e+01,-1.191137e-01,1.288442e-01,3.825125e-01,1.439470e-01,-7.000000e-03,-2.000000e-02,1.600268e-02,7.760000e+01,1.830000e+01,-1.096096e-01,9.157310e-03,-2.134220e-02,9.504112e-03,8.781680e+01,3.888842e+02,3.032889e+01,6.249217e+01,9.554762e+01,3.900495e-01,2.482021e+00
3.239000e+03,7.759318e+01,1.808302e+01,-1.283038e-01,1.256185e-01,4.025125e-01,1.636844e-01,-3.225702e-03,2.000000e-02,1.973738e-02,7.760000e+01,1.830000e+01,-1.096096e-01,6.824978e-03,2.169789e-01,1.869419e-02,8.782362e+01,3.891012e+02,3.034759e+01,6.249221e+01,9.559470e+01,3.903990e-01,2.482821e+00
3.240000e+03,7.758483e+01,1.806375e+01,-1.218216e-01,1.326185e-01,4.225125e-01,1.444512e-01,7.000000e-03,2.000000e-02,-1.923323e-02,7.760000e+01,1.830000e+01,-1.096096e-01,1.517181e-02,2.362480e-01,1.221202e-02,8.783879e+01,3.893375e+02,3.035980e+01,6.249244e+01,9.565052e+01,3.905481e-01,2.483640e+00
3.241000e+03,7.758087e+01,1.824134e+01,-1.124942e-01,1.391860e-01,4.025125e-01,1.246583e-01,6.567532e-03,-2.000000e-02,-1.979291e-02,7.760000e+01,1.830000e+01,-1.096096e-01,1.913367e-02,5.866416e-02,2.884615e-03,8.785793e+01,3.893961e+02,3.036269e+01,6.249281e+01,9.565396e+01,3.905564e-01,2.484475e+00
3.242000e+03,7.759060e+01,1.820592e+01,-1.180267e-01,1.321860e-01,4.225125e-01,1.416671e-01,-7.000000e-03,2.000000e-02,1.700883e-02,7.760000e+01,1.830000e+01,-1.096096e-01,9.398521e-03,9.408395e-02,8.417059e-03,8.786733e+01,3.894902e+02,3.037110e+01,6.249290e+01,9.566281e+01,3.906273e-01,2.485214e+00
3.243000e+03,7.758666e+01,1.836945e+01,-1.127775e-01,1.333889e-01,4.025125e-01,1.268561e-01,1.202851e-03,-2.000000e-02,-1.481095e-02,7.760000e+01,1.830000e+01,-1.096096e-01,1.334050e-02,-6.944954e-02,3.167903e-03,8.788067e+01,3.895597e+02,3.037427e+01,6.249308e+01,9.566763e+01,3.906373e-01,2.485834e+00
3.244000e+03,7.759084e+01,1.832137e+01,-1.197335e-01,1.275846e-01,3.825125e-01,1.456502e-01,-5.804276e-03,-2.000000e-02,1.879409e-02,7.760000e+01,1.830000e+01,-1.096096e-01,9.160599e-03,-2.136865e-02,1.012392e-02,8.788983e+01,3.895810e+02,3.038439e+01,6.249316e+01,9.566809e+01,3.907398e-01,2.486621e+00
3.245000e+03,7.759178e+01,1.808304e+01,-1.286472e-01,1.272887e-01,4.025125e-01,1.642607e-01,-2.958835e-04,2.000000e-02,1.861042e-02,7.760000e+01,1.830000e+01,-1.096096e-01,8.217379e-03,2.169552e-01,1.903759e-02,8.789804e+01,3.897980e+02,3.040343e+01,6.249323e+01,9.571516e+01,3.911022e-01,2.487368e+00
3.246000e+03,7.758485e+01,1.806374e+01,-1.213978e-01,1.342887e-01,4.225125e-01,1.432967e-01,7.000000e-03,2.000000e-02,-2.096398e-02,7.760000e+01,1.830000e+01,-1.096096e-01,1.514549e-02,2.362627e-01,1.178821e-02,8.791319e+01,3.900342e+02,3.041522e+01,6.249346e+01,9.577098e+01,3.912412e-01,2.488256e+00
3.247000e+03,7.758257e+01,1.824132e+01,-1.120524e-01,1.371481e-01,4.025125e-01,1.237675e-01,2.859384e-03,-2.000000e-02,-1.952921e-02,7.760000e+01,1.830000e+01,-1.096096e-01,1.743102e-02,5.867670e-02,2.442813e-03,8.793062e+01,3.900929e+02,3.041766e+01,6.249376e+01,9.577442e+01,3.912472e-01,2.489046e+00
3.248000e+03,7.759060e+01,1.820595e+01,-1.185413e-01,1.301481e-01,4.225125e-01,1.430788e-01,-7.000000e-03,2.000000e-02,1.931138e-02,7.760000e+01,1.830000e+01,-1.096096e-01,9.398767e-03,9.405107e-02,8.931656e-03,8.794002e+01,3.901870e+02,3.042659e+01,6.249385e+01,9.578327e+01,3.913269e-01,2.489868e+00
3.249000e+03,7.758461e+01,1.836948e+01,-1.133167e-01,1.358442e-01,4.025125e-01,1.279444e-01,5.696095e-03,-2.000000e-02,-1.513450e-02,7.760000e+01,1.830000e+01,-1.096096e-01,1.538664e-02,-6.947913e-02,3.707090e-03,8.795541e+01,3.902564e+02,3.043030e+01,6.249409e+01,9.578810e+01,3.913407e-01,2.490529e+00
3.250000e+03,7.759084e+01,1.832134e+01,-1.191137e-01,1.288442e-01,3.825125e-01,1.439470e-01,-7.000000e-03,-2.000000e-02,1.600268e-02,7.760000e+01,1.830000e+01,-1.096096e-01,9.157310e-03,-2.134220e-02,9.504112e-03,8.796456e+01,3.902778e+02,3.043981e+01,6.249417e+01,9.578855e+01,3.914310e-01,2.491234e+00
3.251000e+03,7.759318e+01,1.808302e+01,-1.283038e-01,1.256185e-01,4.025125e-01,1.636844e-01,-3.225702e-03,2.000000e-02,1.973738e-02,7.760000e+01,1.830000e+01,-1.096096e-01,6.824978e-03,2.169789e-01,1.869419e-02,8.797139e+01,3.904948e+02,3.045850e+01,6.249422e+01,9.583563e+01,3.917805e-01,2.492034e+00
3.252000e+03,7.758483e+01,1.806375e+01,-1.218216e-01,1.326185e-01,4.225125e-01,1.444512e-01,7.000000e-03,2.000000e-02,-1.923323e-02,7.760000e+01,1.830000e+01,-1.096096e-01,1.517181e-02,2.362480e-01,1.221202e-02,8.798656e+01,3.907310e+02,3.047071e+01,6.249445e+01,9.589144e+01,3.919296e-01,2.492853e+00
3.253000e+03,7.758087e+01,1.824134e+01,-1.124942e-01,1.391860e-01,4.025125e-01,1.246583e-01,6.567532e-03,-2.000000e-02,-1.979291e-02,7.760000e+01,1.830000e+01,-1.096096e-01,1.913367e-02,5.866416e-02,2.884615e-03,8.800569e+01,3.907897e+02,3.047360e+01,6.249481e+01,9.589489e+01,3.919379e-01,2.493688e+00
3.254000e+03,7.759060e+01,1.820592e+01,-1.180267e-01,1.321860e-01,4.225125e-01,1.416671e-01,-7.000000e-03,2.000000e-02,1.700883e-02,7.760000e+01,1.830000e+01,-1.096096e-01,9.398521e-03,9.408395e-02,8.417059e-03,8.801509e+01,3.908838e+02,3.048201e+01,6.249490e+01,9.590374e+01,3.920088e-01,2.494426e+00
3.255000e+03,7.758666e+01,1.836945e+01,-1.127775e-01,1.333889e-01,4.025125e-01,1.268561e-01,1.202851e-03,-2.000000e-02,-1.481095e-02,7.760000e+01,1.830000e+01,-1.096096e-01,1.334050e-02,-6.944954e-02,3.167903e-03,8.802843e+01,3.909532e+02,3.048518e+01,6.249508e+01,9.590856e+01,3.920188e-01,2.495047e+00
3.256000e+03,7.759084e+01,1.832137e+01,-1.197335e-01,1.275846e-01,3.825125e-01,1.456502e-01,-5.804276e-03,-2.000000e-02,1.879409e-02,7.760000e+01,1.830000e+01,-1.096096e-01,9.160599e-03,-2.136865e-02,1.012392e-02,8.803759e+01,3.909746e+02,3.049531e+01,6.249516e+01,9.590902e+01,3.921213e-01,2.495834e+00
3.257000e+03,7.759178e+01,1.808304e+01,-1.286472e-01,1.272887e-01,4.025125e-01,1.642607e-01,-2.958835e-04,2.000000e-02,1.861042e-02,7.760000e+01,1.830000e+01,-1.096096e-01,8.217379e-03,2.169552e-01,1.903759e-02,8.804581e+01,3.911915e+02,3.051434e+01,6.249523e+01,9.595609e+01,3.924837e-01,2.496581e+00
3.258000e+03,7.758485e+01,1.806374e+01,-1.213978e-01,1.342887e-01,4.225125e-01,1.432967e-01,7.000000e-03,2.000000e-02,-2.096398e-02,7.760000e+01,1.830000e+01,-1.096096e-01,1.514549e-02,2.362627e-01,1.178821e-02,8.806096e+01,3.914278e+02,3.052613e+01,6.249546e+01,9.601191e+01,3.926227e-01,2.497469e+00
3.259000e+03,7.758257e+01,1.824132e+01,-1.120524e-01,1.371481e-01,4.025125e-01,1.237675e-01,2.859384e-03,-2.000000e-02,-1.952921e-02,7.760000e+01,1.830000e+01,-1.096096e-01,1.743102e-02,5.867670e-02,2.442813e-03,8.807839e+01,3.914865e+02,3.052857e+01,6.249576e+01,9.601535e+01,3.926287e-01,2.498259e+00
3.260000e+03,7.759060e+01,1.820595e+01,-1.185413e-01,1.301481e-01,4.225125e-01,1.430788e-01,-7.000000e-03,2.000000e-02,1.931138e-02,7.760000e+01,1.830000e+01,-1.096096e-01,9.398767e-03,9.405107e-02,8.931656e-03,8.808779e+01,3.915805e+02,3.053751e+01,6.249585e+01,9.602420e+01,3.927084e-01,2.499080e+00
3.261000e+03,7.758461e+01,1.836948e+01,-1.133167e-01,1.358442e-01,4.025125e-01,1.279444e-01,5.696095e-03,-2.000000e-02,-1.513450e-02,7.760000e+01,1.830000e+01,-1.096096e-01,1.538664e-02,-6.947913e-02,3.707090e-03,8.810317e+01,3.916500e+02,3.054121e+01,6.249609e+01,9.602902e+01,3.927222e-01,2.499742e+00
3.262000e+03,7.759084e+01,1.832134e+01,-1.191137e-01,1.288442e-01,3.825125e-01,1.439470e-01,-7.000000e-03,-2.000000e-02,1.600268e-02,7.760000e+01,1.830000e+01,-1.096096e-01,9.157310e-03,-2.134220e-02,9.504112e-03,8.811233e+01,3.916714e+02,3.055072e+01,6.249617e+01,9.602948e+01,3.928125e-01,2.500447e+00
3.263000e+03,7.759318e+01,1.808302e+01,-1.283038e-01,1.256185e-01,4.025125e-01,1.636844e-01,-3.225702e-03,2.000000e-02,1.973738e-02,7.760000e+01,1.830000e+01,-1.096096e-01,6.824978e-03,2.169789e-01,1.869419e-02,8.811915e+01,3.918883e+02,3.056941e+01,6.249622e+01,9.607656e+01,3.931620e-01,2.501247e+00
3.264000e+03,7.758483e+01,1.806375e+01,-1.218216e-01,1.326185e-01,4.225125e-01,1.444512e-01,7.000000e-03,2.000000e-02,-1.923323e-02,7.760000e+01,1.830000e+01,-1.096096e-01,1.517181e-02,2.362480e-01,1.221202e-02,8.813433e+01,3.921246e+02,3.058162e+01,6.249645e+01,9.613237e+01,3.933111e-01,2.502066e+00
3.265000e+03,7.758087e+01,1.824134e+01,-1.124942e-01,1.391860e-01,4.025125e-01,1.246583e-01,6.567532e-03,-2.000000e-02,-1.979291e-02,7.760000e+01,1.830000e+01,-1.096096e-01,1.913367e-02,5.866416e-02,2.884615e-03,8.815346e+01,3.921832e+02,3.058451e+01,6.249682e+01,9.613581e+01,3.933194e-01,2.502901e+00
3.266000e+03,7.759060e+01,1.820592e+01,-1.180267e-01,1.321860e-01,4.225125e-01,1.416671e-01,-7.000000e-03,2.000000e-02,1.700883e-02,7.760000e+01,1.830000e+01,-1.096096e-01,9.398521e-03,9.408395e-02,8.417059e-03,8.816286e+01,3.922773e+02,3.059292e+01,6.249690e+01,9.614466e+01,3.933903e-01,2.503639e+00
3.267000e+03,7.758666e+01,1.836945e+01,-1.127775e-01,1.333889e-01,4.025125e-01,1.268561e-01,1.202851e-03,-2.000000e-02,-1.481095e-02,7.760000e+01,1.830000e+01,-1.096096e-01,1.334050e-02,-6.944954e-02,3.167903e-03,8.817620e+01,3.923468e+02,3.059609e+01,6.249708e+01,9.614949e+01,3.934003e-01,2.504260e+00
3.268000e+03,7.759084e+01,1.832137e+01,-1.197335e-01,1.275846e-01,3.825125e-01,1.456502e-01,-5.804276e-03,-2.000000e-02,1.879409e-02,7.760000e+01,1.830000e+01,-1.096096e-01,9.160599e-03,-2.136865e-02,1.012392e-02,8.818536e+01,3.923681e+02,3.060622e+01,6.249717e+01,9.614994e+01,3.935028e-01,2.505047e+00
3.269000e+03,7.759178e+01,1.808304e+01,-1.286472e-01,1.272887e-01,4.025125e-01,1.642607e-01,-2.958835e-04,2.000000e-02,1.861042e-02,7.760000e+01,1.830000e+01,-1.096096e-01,8.217379e-03,2.169552e-01,1.903759e-02,8.819358e+01,3.925851e+02,3.062525e+01,6.249723e+01,9.619701e+01,3.938652e-01,2.505793e+00
3.270000e+03,7.758485e+01,1.806374e+01,-1.213978e-01,1.342887e-01,4.225125e-01,1.432967e-01,7.000000e-03,2.000000e-02,-2.096398e-02,7.760000e+01,1.830000e+01,-1.096096e-01,1.514549e-02,2.362627e-01,1.178821e-02,8.820872e+01,3.928214e+02,3.063704e+01,6.249746e+01,9.625283e+01,3.940042e-01,2.506682e+00
3.271000e+03,7.758257e+01,1.824132e+01,-1.120524e-01,1.371481e-01,4.025125e-01,1.237675e-01,2.859384e-03,-2.000000e-02,-1.952921e-02,7.760000e+01,1.830000e+01,-1.096096e-01,1.743102e-02,5.867670e-02,2.442813e-03,8.822615e+01,3.928800e+02,3.063949e+01,6.249777e+01,9.625628e+01,3.940102e-01,2.507471e+00
3.272000e+03,7.759060e+01,1.820595e+01,-1.185413e-01,1.301481e-01,4.225125e-01,1.430788e-01,-7.000000e-03,2.000000e-02,1.931138e-02,7.760000e+01,1.830000e+01,-1.096096e-01,9.398767e-03,9.405107e-02,8.931656e-03,8.823555e+01,3.929741e+02,3.064842e+01,6.249786e+01,9.626512e+01,3.940899e-01,2.508293e+00
3.273000e+03,7.758461e+01,1.836948e+01,-1.133167e-01,1.358442e-01,4.025125e-01,1.279444e-01,5.696095e-03,-2.000000e-02,-1.513450e-02,7.760000e+01,1.830000e+01,-1.096096e-01,1.538664e-02,-6.947913e-02,3.707090e-03,8.825094e+01,3.930436e+02,3.065212e+01,6.249809e+01,9.626995e+01,3.941037e-01,2.508955e+00
3.274000e+03,7.759084e+01,1.832134e+01,-1.191137e-01,1.288442e-01,3.825125e-01,1.439470e-01,-7.000000e-03,-2.000000e-02,1.600268e-02,7.760000e+01,1.830000e+01,-1.096096e-01,9.157310e-03,-2.134220e-02,9.504112e-03,8.826010e+01,3.930649e+02,3.066163e+01,6.249818e+01,9.627041e+01,3.941940e-01,2.509660e+00
3.275000e+03,7.759318e+01,1.808302e+01,-1.283038e-01,1.256185e-01,4.025125e-01,1.636844e-01,-3.225702e-03,2.000000e-02,1.973738e-02,7.760000e+01,1.830000e+01,-1.096096e-01,6.824978e-03,2.169789e-01,1.869419e-02,8.826692e+01,3.932819e+02,3.068032e+01,6.249822e+01,9.631749e+01,3.945435e-01,2.510460e+00
3.276000e+03,7.758483e+01,1.806375e+01,-1.218216e-01,1.326185e-01,4.225125e-01,1.444512e-01,7.000000e-03,2.000000e-02,-1.923323e-02,7.760000e+01,1.830000e+01,-1.096096e-01,1.517181e-02,2.362480e-01,1.221202e-02,8.828209e+01,3.935181e+02,3.069253e+01,6.249845e+01,9.637330e+01,3.946926e-01,2.511279e+00
3.277000e+03,7.758087e+01,1.824134e+01,-1.124942e-01,1.391860e-01,4.025125e-01,1.246583e-01,6.567532e-03,-2.000000e-02,-1.979291e-02,7.760000e+01,1.830000e+01,-1.096096e-01,1.913367e-02,5.866416e-02,2.884615e-03,8.830123e+01,3.935768e+02,3.069542e+01,6.249882e+01,9.637674e+01,3.947009e-01,2.512114e+00
3.278000e+03,7.759060e+01,1.820592e+01,-1.180267e-01,1.321860e-01,4.225125e-01,1.416671e-01,-7.000000e-03,2.000000e-02,1.700883e-02,7.760000e+01,1.830000e+01,-1.096096e-01,9.398521e-03,9.408395e-02,8.417059e-03,8.831063e+01,3.936709e+02,3.070384e+01,6.249891e+01,9.638559e+01,3.947718e-01,2.512852e+00
3.279000e+03,7.758666e+01,1.836945e+01,-1.127775e-01,1.333889e-01,4.025125e-01,1.268561e-01,1.202851e-03,-2.000000e-02,-1.481095e-02,7.760000e+01,1.830000e+01,-1.096096e-01,1.334050e-02,-6.944954e-02,3.167903e-03,8.832397e+01,3.937403e+02,3.070700e+01,6.249909e+01,9.639041e+01,3.947818e-01,2.513473e+00
3.280000e+03,7.759084e+01,1.832137e+01,-1.197335e-01,1.275846e-01,3.825125e-01,1.456502e-01,-5.804276e-03,-2.000000e-02,1.879409e-02,7.760000e+01,1.830000e+01,-1.096096e-01,9.160599e-03,-2.136865e-02,1.012392e-02,8.833313e+01,3.937617e+02,3.071713e+01,6.249917e+01,9.639087e+01,3.948843e-01,2.514260e+00
3.281000e+03,7.759178e+01,1.808304e+01,-1.286472e-01,1.272887e-01,4.025125e-01,1.642607e-01,-2.958835e-04,2.000000e-02,1.861042e-02,7.760000e+01,1.830000e+01,-1.096096e-01,8.217379e-03,2.169552e-01,1.903759e-02,8.834134e+01,3.939787e+02,3.073617e+01,6.249924e+01,9.643794e+01,3.952468e-01,2.515006e+00
3.282000e+03,7.758485e+01,1.806374e+01,-1.213978e-01,1.342887e-01,4.225125e-01,1.432967e-01,7.000000e-03,2.000000e-02,-2.096398e-02,7.760000e+01,1.830000e+01,-1.096096e-01,1.514549e-02,2.362627e-01,1.178821e-02,8.835649e+01,3.942149e+02,3.074795e+01,6.249947e+01,9.649376e+01,3.953857e-01,2.515895e+00
3.283000e+03,7.758257e+01,1.824132e+01,-1.120524e-01,1.371481e-01,4.025125e-01,1.237675e-01,2.859384e-03,-2.000000e-02,-1.952921e-02,7.760000e+01,1.830000e+01,-1.096096e-01,1.743102e-02,5.867670e-02,2.442813e-03,8.837392e+01,3.942736e+02,3.075040e+01,6.249977e+01,9.649720e+01,3.953917e-01,2.516684e+00
3.284000e+03,7.759060e+01,1.820595e+01,-1.185413e-01,1.301481e-01,4.225125e-01,1.430788e-01,-7.000000e-03,2.000000e-02,1.931138e-02,7.760000e+01,1.830000e+01,-1.096096e-01,9.398767e-03,9.405107e-02,8.931656e-03,8.838332e+01,3.943677e+02,3.075933e+01,6.249986e+01,9.650605e+01,3.954715e-01,2.517506e+00
3.285000e+03,7.758461e+01,1.836948e+01,-1.133167e-01,1.358442e-01,4.025125e-01,1.279444e-01,5.696095e-03,-2.000000e-02,-1.513450e-02,7.760000e+01,1.830000e+01,-1.096096e-01,1.538664e-02,-6.947913e-02,3.707090e-03,8.839871e+01,3.944371e+02,3.076304e+01,6.250009e+01,9.651088e+01,3.954852e-01,2.518168e+00
3.286000e+03,7.759084e+01,1.832134e+01,-1.191137e-01,1.288442e-01,3.825125e-01,1.439470e-01,-7.000000e-03,-2.000000e-02,1.600268e-02,7.760000e+01,1.830000e+01,-1.096096e-01,9.157310e-03,-2.134220e-02,9.504112e-03,8.840786e+01,3.944585e+02,3.077254e+01,6.250018e+01,9.651133e+01,3.955755e-01,2.518873e+00
3.287000e+03,7.759318e+01,1.808302e+01,-1.283038e-01,1.256185e-01,4.025125e-01,1.636844e-01,-3.225702e-03,2.000000e-02,1.973738e-02,7.760000e+01,1.830000e+01,-1.096096e-01,6.824978e-03,2.169789e-01,1.869419e-02,8.841469e+01,3.946755e+02,3.079123e+01,6.250023e+01,9.655841e+01,3.959250e-01,2.519673e+00
3.288000e+03,7.758483e+01,1.806375e+01,-1.218216e-01,1.326185e-01,4.225125e-01,1.444512e-01,7.000000e-03,2.000000e-02,-1.923323e-02,7.760000e+01,1.830000e+01,-1.096096e-01,1.517181e-02,2.362480e-01,1.221202e-02,8.842986e+01,3.949117e+02,3.080345e+01,6.250046e+01,9.661423e+01,3.960741e-01,2.520492e+00
3.289000e+03,7.758087e+01,1.824134e+01,-1.124942e-01,1.391860e-01,4.025125e-01,1.246583e-01,6.567532e-03,-2.000000e-02,-1.979291e-02,7.760000e+01,1.830000e+01,-1.096096e-01,1.913367e-02,5.866416e-02,2.884615e-03,8.844899e+01,3.949704e+02,3.080633e+01,6.250082e+01,9.661767e+01,3.960825e-01,2.521326e+00
3.290000e+03,7.759060e+01,1.820592e+01,-1.180267e-01,1.321860e-01,4.225125e-01,1.416671e-01,-7.000000e-03,2.000000e-02,1.700883e-02,7.760000e+01,1.830000e+01,-1.096096e-01,9.398521e-03,9.408395e-02,8.417059e-03,8.845839e+01,3.950644e+02,3.081475e+01,6.250091e+01,9.662652e+01,3.961533e-01,2.522065e+00
3.291000e+03,7.758666e+01,1.836945e+01,-1.127775e-01,1.333889e-01,4.025125e-01,1.268561e-01,1.202851e-03,-2.000000e-02,-1.481095e-02,7.760000e+01,1.830000e+01,-1.096096e-01,1.334050e-02,-6.944954e-02,3.167903e-03,8.847173e+01,3.951339e+02,3.081792e+01,6.250109e+01,9.663134e+01,3.961633e-01,2.522686e+00
3.292000e+03,7.759084e+01,1.832137e+01,-1.197335e-01,1.275846e-01,3.825125e-01,1.456502e-01,-5.804276e-03,-2.000000e-02,1.879409e-02,7.760000e+01,1.830000e+01,-1.096096e-01,9.160599e-03,-2.136865e-02,1.012392e-02,8.848089e+01,3.951553e+02,3.082804e+01,6.250117e+01,9.663180e+01,3.962658e-01,2.523472e+00
3.293000e+03,7.759178e+01,1.808304e+01,-1.286472e-01,1.272887e-01,4.025125e-01,1.642607e-01,-2.958835e-04,2.000000e-02,1.861042e-02,7.760000e+01,1.830000e+01,-1.096096e-01,8.217379e-03,2.169552e-01,1.903759e-02,8.848911e+01,3.953722e+02,3.084708e+01,6.250124e+01,9.667887e+01,3.966283e-01,2.524219e+00
3.294000e+03,7.758485e+01,1.806374e+01,-1.213978e-01,1.342887e-01,4.225125e-01,1.432967e-01,7.000000e-03,2.000000e-02,-2.096398e-02,7.760000e+01,1.830000e+01,-1.096096e-01,1.514549e-02,2.362627e-01,1.178821e-02,8.850426e+01,3.956085e+02,3.085886e+01,6.250147e+01,9.673469e+01,3.967672e-01,2.525107e+00
3.295000e+03,7.758257e+01,1.824132e+01,-1.120524e-01,1.371481e-01,4.025125e-01,1.237675e-01,2.859384e-03,-2.000000e-02,-1.952921e-02,7.760000e+01,1.830000e+01,-1.096096e-01,1.743102e-02,5.867670e-02,2.442813e-03,8.852169e+01,3.956672e+02,3.086131e+01,6.250177e+01,9.673813e+01,3.967732e-01,2.525897e+00
3.296000e+03,7.759060e+01,1.820595e+01,-1.185413e-01,1.301481e-01,4.225125e-01,1.430788e-01,-7.000000e-03,2.000000e-02,1.931138e-02,7.760000e+01,1.830000e+01,-1.096096e-01,9.398767e-03,9.405107e-02,8.931656e-03,8.853109e+01,3.957612e+02,3.087024e+01,6.250186e+01,9.674698e+01,3.968530e-01,2.526719e+00
3.297000e+03,7.758461e+01,1.836948e+01,-1.133167e-01,1.358442e-01,4.025125e-01,1.279444e-01,5.696095e-03,-2.000000e-02,-1.513450e-02,7.760000e+01,1.830000e+01,-1.096096e-01,1.538664e-02,-6.947913e-02,3.707090e-03,8.854647e+01,3.958307e+02,3.087395e+01,6.250210e+01,9.675180e+01,3.968667e-01,2.527380e+00
3.298000e+03,7.759084e+01,1.832134e+01,-1.191137e-01,1.288442e-01,3.825125e-01,1.439470e-01,-7.000000e-03,-2.000000e-02,1.600268e-02,7.760000e+01,1.830000e+01,-1.096096e-01,9.157310e-03,-2.134220e-02,9.504112e-03,8.855563e+01,3.958520e+02,3.088345e+01,6.250218e+01,9.675226e+01,3.969570e-01,2.528085e+00
3.299000e+03,7.759318e+01,1.808302e+01,-1.283038e-01,1.256185e-01,4.025125e-01,1.636844e-01,-3.225702e-03,2.000000e-02,1.973738e-02,7.760000e+01,1.830000e+01,-1.096096e-01,6.824978e-03,2.169789e-01,1.869419e-02,8.856245e+01,3.960690e+02,3.090214e+01,6.250223e+01,9.679934e+01,3.973065e-01,2.528885e+00
3.300000e+03,7.758483e+01,1.806375e+01,-1.218216e-01,1.326185e-01,4.225125e-01,1.444512e-01,7.000000e-03,2.000000e-02,-1.923323e-02,7.760000e+01,1.830000e+01,-1.096096e-01,1.517181e-02,2.362480e-01,1.221202e-02,8.857763e+01,3.963053e+02,3.091436e+01,6.250246e+01,9.685515e+01,3.974556e-01,2.529704e+00
3.301000e+03,7.758087e+01,1.824134e+01,-1.124942e-01,1.391860e-01,4.025125e-01,1.246583e-01,6.567532e-03,-2.000000e-02,-1.979291e-02,7.760000e+01,1.830000e+01,-1.096096e-01,1.913367e-02,5.866416e-02,2.884615e-03,8.859676e+01,3.963639e+02,3.091724e+01,6.250282e+01,9.685859e+01,3.974640e-01,2.530539e+00
3.302000e+03,7.759060e+01,1.820592e+01,-1.180267e-01,1.321860e-01,4.225125e-01,1.416671e-01,-7.000000e-03,2.000000e-02,1.700883e-02,7.760000e+01,1.830000e+01,-1.096096e-01,9.398521e-03,9.408395e-02,8.417059e-03,8.860616e+01,3.964580e+02,3.092566e+01,6.250291e+01,9.686745e+01,3.975348e-01,2.531278e+00
3.303000e+03,7.758666e+01,1.836945e+01,-1.127775e-01,1.333889e-01,4.025125e-01,1.268561e-01,1.202851e-03,-2.000000e-02,-1.481095e-02,7.760000e+01,1.830000e+01,-1.096096e-01,1.334050e-02,-6.944954e-02,3.167903e-03,8.861950e+01,3.965275e+02,3.092883e+01,6.250309e+01,9.687227e+01,3.975448e-01,2.531898e+00
3.304000e+03,7.759084e+01,1.832137e+01,-1.197335e-01,1.275846e-01,3.825125e-01,1.456502e-01,-5.804276e-03,-2.000000e-02,1.879409e-02,7.760000e+01,1.830000e+01,-1.096096e-01,9.160599e-03,-2.136865e-02,1.012392e-02,8.862866e+01,3.965488e+02,3.093895e+01,6.250317e+01,9.687273e+01,3.976473e-01,2.532685e+00
3.305000e+03,7.759178e+01,1.808304e+01,-1.286472e-01,1.272887e-01,4.025125e-01,1.642607e-01,-2.958835e-04,2.000000e-02,1.861042e-02,7.760000e+01,1.830000e+01,-1.096096e-01,8.217379e-03,2.169552e-01,1.903759e-02,8.863688e+01,3.967658e+02,3.095799e+01,6.250324e+01,9.691980e+01,3.980098e-01,2.533432e+00
3.306000e+03,7.758485e+01,1.806374e+01,-1.213978e-01,1.342887e-01,4.225125e-01,1.432967e-01,7.000000e-03,2.000000e-02,-2.096398e-02,7.760000e+01,1.830000e+01,-1.096096e-01,1.514549e-02,2.362627e-01,1.178821e-02,8.865202e+01,3.970020e+02,3.096978e+01,6.250347e+01,9.697562e+01,3.981487e-01,2.534320e+00
3.307000e+03,7.758257e+01,1.824132e+01,-1.120524e-01,1.371481e-01,4.025125e-01,1.237675e-01,2.859384e-03,-2.000000e-02,-1.952921e-02,7.760000e+01,1.830000e+01,-1.096096e-01,1.743102e-02,5.867670e-02,2.442813e-03,8.866945e+01,3.970607e+02,3.097222e+01,6.250378e+01,9.697906e+01,3.981547e-01,2.535110e+00
3.308000e+03,7.759060e+01,1.820595e+01,-1.185413e-01,1.301481e-01,4.225125e-01,1.430788e-01,-7.000000e-03,2.000000e-02,1.931138e-02,7.760000e+01,1.830000e+01,-1.096096e-01,9.398767e-03,9.405107e-02,8.931656e-03,8.867885e+01,3.971548e+02,3.098115e+01,6.250386e+01,9.698790e+01,3.982345e-01,2.535932e+00
3.309000e+03,7.758461e+01,1.836948e+01,-1.133167e-01,1.358442e-01,4.025125e-01,1.279444e-01,5.696095e-03,-2.000000e-02,-1.513450e-02,7.760000e+01,1.830000e+01,-1.096096e-01,1.538664e-02,-6.947913e-02,3.707090e-03,8.869424e+01,3.972243e+02,3.098486e+01,6.250410e+01,9.699273e+01,3.982482e-01,2.536593e+00
3.310000e+03,7.759084e+01,1.832134e+01,-1.191137e-01,1.288442e-01,3.825125e-01,1.439470e-01,-7.000000e-03,-2.000000e-02,1.600268e-02,7.760000e+01,1.830000e+01,-1.096096e-01,9.157310e-03,-2.134220e-02,9.504112e-03,8.870340e+01,3.972456e+02,3.099436e+01,6.250418e+01,9.699319e+01,3.983385e-01,2.537298e+00
3.311000e+03,7.759318e+01,1.808302e+01,-1.283038e-01,1.256185e-01,4.025125e-01,1.636844e-01,-3.225702e-03,2.000000e-02,1.973738e-02,7.760000e+01,1.830000e+01,-1.096096e-01,6.824978e-03,2.169789e-01,1.869419e-02,8.871022e+01,3.974626e+02,3.101306e+01,6.250423e+01,9.704027e+01,3.986880e-01,2.538098e+00
3.312000e+03,7.758483e+01,1.806375e+01,-1.218216e-01,1.326185e-01,4.225125e-01,1.444512e-01,7.000000e-03,2.000000e-02,-1.923323e-02,7.760000e+01,1.830000e+01,-1.096096e-01,1.517181e-02,2.362480e-01,1.221202e-02,8.872539e+01,3.976988e+02,3.102527e+01,6.250446e+01,9.709608e+01,3.988371e-01,2.538917e+00
3.313000e+03,7.758087e+01,1.824134e+01,-1.124942e-01,1.391860e-01,4.025125e-01,1.246583e-01,6.567532e-03,-2.000000e-02,-1.979291e-02,7.760000e+01,1.830000e+01,-1.096096e-01,1.913367e-02,5.866416e-02,2.884615e-03,8.874453e+01,3.977575e+02,3.102815e+01,6.250483e+01,9.709952e+01,3.988455e-01,2.539752e+00
3.314000e+03,7.759060e+01,1.820592e+01,-1.180267e-01,1.321860e-01,4.225125e-01,1.416671e-01,-7.000000e-03,2.000000e-02,1.700883e-02,7.760000e+01,1.830000e+01,-1.096096e-01,9.398521e-03,9.408395e-02,8.417059e-03,8.875393e+01,3.978516e+02,3.103657e+01,6.250492e+01,9.710837e+01,3.989163e-01,2.540490e+00
3.315000e+03,7.758666e+01,1.836945e+01,-1.127775e-01,1.333889e-01,4.025125e-01,1.268561e-01,1.202851e-03,-2.000000e-02,-1.481095e-02,7.760000e+01,1.830000e+01,-1.096096e-01,1.334050e-02,-6.944954e-02,3.167903e-03,8.876727e+01,3.979210e+02,3.103974e+01,6.250509e+01,9.711320e+01,3.989264e-01,2.541111e+00
3.316000e+03,7.759084e+01,1.832137e+01,-1.197335e-01,1.275846e-01,3.825125e-01,1.456502e-01,-5.804276e-03,-2.000000e-02,1.879409e-02,7.760000e+01,1.830000e+01,-1.096096e-01,9.160599e-03,-2.136865e-02,1.012392e-02,8.877643e+01,3.979424e+02,3.104986e+01,6.250518e+01,9.711365e+01,3.990288e-01,2.541898e+00
3.317000e+03,7.759178e+01,1.808304e+01,-1.286472e-01,1.272887e-01,4.025125e-01,1.642607e-01,-2.958835e-04,2.000000e-02,1.861042e-02,7.760000e+01,1.830000e+01,-1.096096e-01,8.217379e-03,2.169552e-01,1.903759e-02,8.878464e+01,3.981593e+02,3.106890e+01,6.250524e+01,9.716072e+01,3.993913e-01,2.542645e+00
3.318000e+03,7.758485e+01,1.806374e+01,-1.213978e-01,1.342887e-01,4.225125e-01,1.432967e-01,7.000000e-03,2.000000e-02,-2.096398e-02,7.760000e+01,1.830000e+01,-1.096096e-01,1.514549e-02,2.362627e-01,1.178821e-02,8.879979e+01,3.983956e+02,3.108069e+01,6.250547e+01,9.721654e+01,3.995302e-01,2.543533e+00
3.319000e+03,7.758257e+01,1.824132e+01,-1.120524e-01,1.371481e-01,4.025125e-01,1.237675e-01,2.859384e-03,-2.000000e-02,-1.952921e-02,7.760000e+01,1.830000e+01,-1.096096e-01,1.743102e-02,5.867670e-02,2.442813e-03,8.881722e+01,3.984543e+02,3.108313e+01,6.250578e+01,9.721999e+01,3.995362e-01,2.544323e+00
3.320000e+03,7.759060e+01,1.820595e+01,-1.185413e-01,1.301481e-01,4.225125e-01,1.430788e-01,-7.000000e-03,2.000000e-02,1.931138e-02,7.760000e+01,1.830000e+01,-1.096096e-01,9.398767e-03,9.405107e-02,8.931656e-03,8.882662e+01,3.985483e+02,3.109206e+01,6.250587e+01,9.722883e+01,3.996160e-01,2.545145e+00
3.321000e+03,7.758461e+01,1.836948e+01,-1.133167e-01,1.358442e-01,4.025125e-01,1.279444e-01,5.696095e-03,-2.000000e-02,-1.513450e-02,7.760000e+01,1.830000e+01,-1.096096e-01,1.538664e-02,-6.947913e-02,3.707090e-03,8.884201e+01,3.986178e+02,3.109577e+01,6.250610e+01,9.723366e+01,3.996297e-01,2.545806e+00
3.322000e+03,7.759084e+01,1.832134e+01,-1.191137e-01,1.288442e-01,3.825125e-01,1.439470e-01,-7.000000e-03,-2.000000e-02,1.600268e-02,7.760000e+01,1.830000e+01,-1.096096e-01,9.157310e-03,-2.134220e-02,9.504112e-03,8.885116e+01,3.986392e+02,3.110527e+01,6.250619e+01,9.723411e+01,3.997201e-01,2.546511e+00
3.323000e+03,7.759318e+01,1.808302e+01,-1.283038e-01,1.256185e-01,4.025125e-01,1.636844e-01,-3.225702e-03,2.000000e-02,1.973738e-02,7.760000e+01,1.830000e+01,-1.096096e-01,6.824978e-03,2.169789e-01,1.869419e-02,8.885799e+01,3.988561e+02,3.112397e+01,6.250623e+01,9.728119e+01,4.000695e-01,2.547311e+00
3.324000e+03,7.758483e+01,1.806375e+01,-1.218216e-01,1.326185e-01,4.225125e-01,1.444512e-01,7.000000e-03,2.000000e-02,-1.923323e-02,7.760000e+01,1.830000e+01,-1.096096e-01,1.517181e-02,2.362480e-01,1.221202e-02,8.887316e+01,3.990924e+02,3.113618e+01,6.250646e+01,9.733701e+01,4.002187e-01,2.548130e+00
3.325000e+03,7.758087e+01,1.824134e+01,-1.124942e-01,1.391860e-01,4.025125e-01,1.246583e-01,6.567532e-03,-2.000000e-02,-1.979291e-02,7.760000e+01,1.830000e+01,-1.096096e-01,1.913367e-02,5.866416e-02,2.884615e-03,8.889229e+01,3.991510e+02,3.113906e+01,6.250683e+01,9.734045e+01,4.002270e-01,2.548965e+00
3.326000e+03,7.759060e+01,1.820592e+01,-1.180267e-01,1.321860e-01,4.225125e-01,1.416671e-01,-7.000000e-03,2.000000e-02,1.700883e-02,7.760000e+01,1.830000e+01,-1.096096e-01,9.398521e-03,9.408395e-02,8.417059e-03,8.890169e+01,3.992451e+02,3.114748e+01,6.250692e+01,9.734930e+01,4.002978e-01,2.549703e+00
3.327000e+03,7.758666e+01,1.836945e+01,-1.127775e-01,1.333889e-01,4.025125e-01,1.268561e-01,1.202851e-03,-2.000000e-02,-1.481095e-02,7.760000e+01,1.830000e+01,-1.096096e-01,1.334050e-02,-6.944954e-02,3.167903e-03,8.891503e+01,3.993146e+02,3.115065e+01,6.250710e+01,9.735412e+01,4.003079e-01,2.550324e+00
3.328000e+03,7.759084e+01,1.832137e+01,-1.197335e-01,1.275846e-01,3.825125e-01,1.456502e-01,-5.804276e-03,-2.000000e-02,1.879409e-02,7.760000e+01,1.830000e+01,-1.096096e-01,9.160599e-03,-2.136865e-02,1.012392e-02,8.892419e+01,3.993359e+02,3.116077e+01,6.250718e+01,9.735458e+01,4.004104e-01,2.551111e+00
3.329000e+03,7.759178e+01,1.808304e+01,-1.286472e-01,1.272887e-01,4.025125e-01,1.642607e-01,-2.958835e-04,2.000000e-02,1.861042e-02,7.760000e+01,1.830000e+01,-1.096096e-01,8.217379e-03,2.169552e-01,1.903759e-02,8.893241e+01,3.995529e+02,3.117981e+01,6.250725e+01,9.740165e+01,4.007728e-01,2.551857e+00
3.330000e+03,7.758485e+01,1.806374e+01,-1.213978e-01,1.342887e-01,4.225125e-01,1.432967e-01,7.000000e-03,2.000000e-02,-2.096398e-02,7.760000e+01,1.830000e+01,-1.096096e-01,1.514549e-02,2.362627e-01,1.178821e-02,8.894756e+01,3.997892e+02,3.119160e+01,6.250748e+01,9.745747e+01,4.009117e-01,2.552746e+00
3.331000e+03,7.758257e+01,1.824132e+01,-1.120524e-01,1.371481e-01,4.025125e-01,1.237675e-01,2.859384e-03,-2.000000e-02,-1.952921e-02,7.760000e+01,1.830000e+01,-1.096096e-01,1.743102e-02,5.867670e-02,2.442813e-03,8.896499e+01,3.998478e+02,3.119404e+01,6.250778e+01,9.746091e+01,4.009177e-01,2.553535e+00
3.332000e+03,7.759060e+01,1.820595e+01,-1.185413e-01,1.301481e-01,4.225125e-01,1.430788e-01,-7.000000e-03,2.000000e-02,1.931138e-02,7.760000e+01,1.830000e+01,-1.096096e-01,9.398767e-03,9.405107e-02,8.931656e-03,8.897439e+01,3.999419e+02,3.120297e+01,6.250787e+01,9.746976e+01,4.009975e-01,2.554357e+00
3.333000e+03,7.758461e+01,1.836948e+01,-1.133167e-01,1.358442e-01,4.025125e-01,1.279444e-01,5.696095e-03,-2.000000e-02,-1.513450e-02,7.760000e+01,1.830000e+01,-1.096096e-01,1.538664e-02,-6.947913e-02,3.707090e-03,8.898977e+01,4.000114e+02,3.120668e+01,6.250811e+01,9.747459e+01,4.010112e-01,2.555019e+00
3.334000e+03,7.759084e+01,1.832134e+01,-1.191137e-01,1.288442e-01,3.825125e-01,1.439470e-01,-7.000000e-03,-2.000000e-02,1.600268e-02,7.760000e+01,1.830000e+01,-1.096096e-01,9.157310e-03,-2.134220e-02,9.504112e-03,8.899893e+01,4.000327e+02,3.121618e+01,6.250819e+01,9.747504e+01,4.011016e-01,2.555724e+00
3.335000e+03,7.759318e+01,1.808302e+01,-1.283038e-01,1.256185e-01,4.025125e-01,1.636844e-01,-3.225702e-03,2.000000e-02,1.973738e-02,7.760000e+01,1.830000e+01,-1.096096e-01,6.824978e-03,2.169789e-01,1.869419e-02,8.900575e+01,4.002497e+02,3.123488e+01,6.250824e+01,9.752212e+01,4.014510e-01,2.556524e+00
3.336000e+03,7.758483e+01,1.806375e+01,-1.218216e-01,1.326185e-01,4.225125e-01,1.444512e-01,7.000000e-03,2.000000e-02,-1.923323e-02,7.760000e+01,1.830000e+01,-1.096096e-01,1.517181e-02,2.362480e-01,1.221202e-02,8.902093e+01,4.004859e+02,3.124709e+01,6.250847e+01,9.757793e+01,4.016002e-01,2.557343e+00
3.337000e+03,7.758087e+01,1.824134e+01,-1.124942e-01,1.391860e-01,4.025125e-01,1.246583e-01,6.567532e-03,-2.000000e-02,-1.979291e-02,7.760000e+01,1.830000e+01,-1.096096e-01,1.913367e-02,5.866416e-02,2.884615e-03,8.904006e+01,4.005446e+02,3.124997e+01,6.250883e+01,9.758138e+01,4.016085e-01,2.558178e+00
3.338000e+03,7.759060e+01,1.820592e+01,-1.180267e-01,1.321860e-01,4.225125e-01,1.416671e-01,-7.000000e-03,2.000000e-02,1.700883e-02,7.760000e+01,1.830000e+01,-1.096096e-01,9.398521e-03,9.408395e-02,8.417059e-03,8.904946e+01,4.006387e+02,3.125839e+01,6.250892e+01,9.759023e+01,4.016793e-01,2.558916e+00
3.339000e+03,7.758666e+01,1.836945e+01,-1.127775e-01,1.333889e-01,4.025125e-01,1.268561e-01,1.202851e-03,-2.000000e-02,-1.481095e-02,7.760000e+01,1.830000e+01,-1.096096e-01,1.334050e-02,-6.944954e-02,3.167903e-03,8.906280e+01,4.007081e+02,3.126156e+01,6.250910e+01,9.759505e+01,4.016894e-01,2.559537e+00
3.340000e+03,7.759084e+01,1.832137e+01,-1.197335e-01,1.275846e-01,3.825125e-01,1.456502e-01,-5.804276e-03,-2.000000e-02,1.879409e-02,7.760000e+01,1.830000e+01,-1.096096e-01,9.160599e-03,-2.136865e-02,1.012392e-02,8.907196e+01,4.007295e+02,3.127168e+01,6.250918e+01,9.759551e+01,4.017919e-01,2.560324e+00
3.341000e+03,7.759178e+01,1.808304e+01,-1.286472e-01,1.272887e-01,4.025125e-01,1.642607e-01,-2.958835e-04,2.000000e-02,1.861042e-02,7.760000e+01,1.830000e+01,-1.096096e-01,8.217379e-03,2.169552e-01,1.903759e-02,8.908018e+01,4.009465e+02,3.129072e+01,6.250925e+01,9.764258e+01,4.021543e-01,2.561070e+00
3.342000e+03,7.758485e+01,1.806374e+01,-1.213978e-01,1.342887e-01,4.225125e-01,1.432967e-01,7.000000e-03,2.000000e-02,-2.096398e-02,7.760000e+01,1.830000e+01,-1.096096e-01,1.514549e-02,2.362627e-01,1.178821e-02,8.909532e+01,4.011827e+02,3.130251e+01,6.250948e+01,9.769840e+01,4.022933e-01,2.561959e+00
3.343000e+03,7.758257e+01,1.824132e+01,-1.120524e-01,1.371481e-01,4.025125e-01,1.237675e-01,2.859384e-03,-2.000000e-02,-1.952921e-02,7.760000e+01,1.830000e+01,-1.096096e-01,1.743102e-02,5.867670e-02,2.442813e-03,8.911275e+01,4.012414e+02,3.130495e+01,6.250978e+01,9.770184e+01,4.022992e-01,2.562748e+00
3.344000e+03,7.759060e+01,1.820595e+01,-1.185413e-01,1.301481e-01,4.225125e-01,1.430788e-01,-7.000000e-03,2.000000e-02,1.931138e-02,7.760000e+01,1.830000e+01,-1.096096e-01,9.398767e-03,9.405107e-02,8.931656e-03,8.912215e+01,4.013355e+02,3.131388e+01,6.250987e+01,9.771069e+01,4.023790e-01,2.563570e+00
3.345000e+03,7.758461e+01,1.836948e+01,-1.133167e-01,1.358442e-01,4.025125e-01,1.279444e-01,5.696095e-03,-2.000000e-02,-1.513450e-02,7.760000e+01,1.830000e+01,-1.096096e-01,1.538664e-02,-6.947913e-02,3.707090e-03,8.913754e+01,4.014049e+02,3.131759e+01,6.251011e+01,9.771551e+01,4.023927e-01,2.564232e+00
3.346000e+03,7.759084e+01,1.832134e+01,-1.191137e-01,1.288442e-01,3.825125e-01,1.439470e-01,-7.000000e-03,-2.000000e-02,1.600268e-02,7.760000e+01,1.830000e+01,-1.096096e-01,9.157310e-03,-2.134220e-02,9.504112e-03,8.914670e+01,4.014263e+02,3.132710e+01,6.251019e+01,9.771597e+01,4.024831e-01,2.564937e+00
3.347000e+03,7.759318e+01,1.808302e+01,-1.283038e-01,1.256185e-01,4.025125e-01,1.636844e-01,-3.225702e-03,2.000000e-02,1.973738e-02,7.760000e+01,1.830000e+01,-1.096096e-01,6.824978e-03,2.169789e-01,1.869419e-02,8.915352e+01,4.016433e+02,3.134579e+01,6.251024e+01,9.776305e+01,4.028325e-01,2.565737e+00
3.348000e+03,7.758483e+01,1.806375e+01,-1.218216e-01,1.326185e-01,4.225125e-01,1.444512e-01,7.000000e-03,2.000000e-02,-1.923323e-02,7.760000e+01,1.830000e+01,-1.096096e-01,1.517181e-02,2.362480e-01,1.221202e-02,8.916869e+01,4.018795e+02,3.135800e+01,6.251047e+01,9.781886e+01,4.029817e-01,2.566556e+00
3.349000e+03,7.758087e+01,1.824134e+01,-1.124942e-01,1.391860e-01,4.025125e-01,1.246583e-01,6.567532e-03,-2.000000e-02,-1.979291e-02,7.760000e+01,1.830000e+01,-1.096096e-01,1.913367e-02,5.866416e-02,2.884615e-03,8.918783e+01,4.019382e+02,3.136089e+01,6.251084e+01,9.782230e+01,4.029900e-01,2.567390e+00
3.350000e+03,7.759060e+01,1.820592e+01,-1.180267e-01,1.321860e-01,4.225125e-01,1.416671e-01,-7.000000e-03,2.000000e-02,1.700883e-02,7.760000e+01,1.830000e+01,-1.096096e-01,9.398521e-03,9.408395e-02,8.417059e-03,8.919723e+01,4.020322e+02,3.136930e+01,6.251092e+01,9.783115e+01,4.030608e-01,2.568129e+00
3.351000e+03,7.758666e+01,1.836945e+01,-1.127775e-01,1.333889e-01,4.025125e-01,1.268561e-01,1.202851e-03,-2.000000e-02,-1.481095e-02,7.760000e+01,1.830000e+01,-1.096096e-01,1.334050e-02,-6.944954e-02,3.167903e-03,8.921057e+01,4.021017e+02,3.137247e+01,6.251110e+01,9.783598e+01,4.030709e-01,2.568750e+00
3.352000e+03,7.759084e+01,1.832137e+01,-1.197335e-01,1.275846e-01,3.825125e-01,1.456502e-01,-5.804276e-03,-2.000000e-02,1.879409e-02,7.760000e+01,1.830000e+01,-1.096096e-01,9.160599e-03,-2.136865e-02,1.012392e-02,8.921973e+01,4.021231e+02,3.138259e+01,6.251119e+01,9.783643e+01,4.031734e-01,2.569536e+00
3.353000e+03,7.759178e+01,1.808304e+01,-1.286472e-01,1.272887e-01,4.025125e-01,1.642607e-01,-2.958835e-04,2.000000e-02,1.861042e-02,7.760000e+01,1.830000e+01,-1.096096e-01,8.217379e-03,2.169552e-01,1.903759e-02,8.922794e+01,4.023400e+02,3.140163e+01,6.251125e+01,9.788350e+01,4.035358e-01,2.570283e+00
3.354000e+03,7.758485e+01,1.806374e+01,-1.213978e-01,1.342887e-01,4.225125e-01,1.432967e-01,7.000000e-03,2.000000e-02,-2.096398e-02,7.760000e+01,1.830000e+01,-1.096096e-01,1.514549e-02,2.362627e-01,1.178821e-02,8.924309e+01,4.025763e+02,3.141342e+01,6.251148e+01,9.793932e+01,4.036748e-01,2.571171e+00
3.355000e+03,7.758257e+01,1.824132e+01,-1.120524e-01,1.371481e-01,4.025125e-01,1.237675e-01,2.859384e-03,-2.000000e-02,-1.952921e-02,7.760000e+01,1.830000e+01,-1.096096e-01,1.743102e-02,5.867670e-02,2.442813e-03,8.926052e+01,4.026350e+02,3.141586e+01,6.251179e+01,9.794277e+01,4.036807e-01,2.571961e+00
3.356000e+03,7.759060e+01,1.820595e+01,-1.185413e-01,1.301481e-01,4.225125e-01,1.430788e-01,-7.000000e-03,2.000000e-02,1.931138e-02,7.760000e+01,1.830000e+01,-1.096096e-01,9.398767e-03,9.405107e-02,8.931656e-03,8.926992e+01,4.027290e+02,3.142480e+01,6.251187e+01,9.795161e+01,4.037605e-01,2.572783e+00
3.357000e+03,7.758461e+01,1.836948e+01,-1.133167e-01,1.358442e-01,4.025125e-01,1.279444e-01,5.696095e-03,-2.000000e-02,-1.513450e-02,7.760000e+01,1.830000e+01,-1.096096e-01,1.538664e-02,-6.947913e-02,3.707090e-03,8.928531e+01,4.027985e+02,3.142850e+01,6.251211e+01,9.795644e+01,4.037742e-01,2.573444e+00
3.358000e+03,7.759084e+01,1.832134e+01,-1.191137e-01,1.288442e-01,3.825125e-01,1.439470e-01,-7.000000e-03,-2.000000e-02,1.600268e-02,7.760000e+01,1.830000e+01,-1.096096e-01,9.157310e-03,-2.134220e-02,9.504112e-03,8.929446e+01,4.028198e+02,3.143801e+01,6.251220e+01,9.795690e+01,4.038646e-01,2.574149e+00
3.359000e+03,7.759318e+01,1.808302e+01,-1.283038e-01,1.256185e-01,4.025125e-01,1.636844e-01,-3.225702e-03,2.000000e-02,1.973738e-02,7.760000e+01,1.830000e+01,-1.096096e-01,6.824978e-03,2.169789e-01,1.869419e-02,8.930129e+01,4.030368e+02,3.145670e+01,6.251224e+01,9.800397e+01,4.042140e-01,2.574949e+00
3.360000e+03,7.758483e+01,1.806375e+01,-1.218216e-01,1.326185e-01,4.225125e-01,1.444512e-01,7.000000e-03,2.000000e-02,-1.923323e-02,7.760000e+01,1.830000e+01,-1.096096e-01,1.517181e-02,2.362480e-01,1.221202e-02,8.931646e+01,4.032731e+02,3.146891e+01,6.251247e+01,9.805979e+01,4.043632e-01,2.575768e+00
3.361000e+03,7.758087e+01,1.824134e+01,-1.124942e-01,1.391860e-01,4.025125e-01,1.246583e-01,6.567532e-03,-2.000000e-02,-1.979291e-02,7.760000e+01,1.830000e+01,-1.096096e-01,1.913367e-02,5.866416e-02,2.884615e-03,8.933559e+01,4.033317e+02,3.147180e+01,6.251284e+01,9.806323e+01,4.043715e-01,2.576603e+00
3.362000e+03,7.759060e+01,1.820592e+01,-1.180267e-01,1.321860e-01,4.225125e-01,1.416671e-01,-7.000000e-03,2.000000e-02,1.700883e-02,7.760000e+01,1.830000e+01,-1.096096e-01,9.398521e-03,9.408395e-02,8.417059e-03,8.934499e+01,4.034258e+02,3.148021e+01,6.251293e+01,9.807208e+01,4.044423e-01,2.577342e+00
3.363000e+03,7.758666e+01,1.836945e+01,-1.127775e-01,1.333889e-01,4.025125e-01,1.268561e-01,1.202851e-03,-2.000000e-02,-1.481095e-02,7.760000e+01,1.830000e+01,-1.096096e-01,1.334050e-02,-6.944954e-02,3.167903e-03,8.935833e+01,4.034953e+02,3.148338e+01,6.251310e+01,9.807690e+01,4.044524e-01,2.577962e+00
3.364000e+03,7.759084e+01,1.832137e+01,-1.197335e-01,1.275846e-01,3.825125e-01,1.456502e-01,-5.804276e-03,-2.000000e-02,1.879409e-02,7.760000e+01,1.830000e+01,-1.096096e-01,9.160599e-03,-2.136865e-02,1.012392e-02,8.936749e+01,4.035166e+02,3.149351e+01,6.251319e+01,9.807736e+01,4.045549e-01,2.578749e+00
3.365000e+03,7.759178e+01,1.808304e+01,-1.286472e-01,1.272887e-01,4.025125e-01,1.642607e-01,-2.958835e-04,2.000000e-02,1.861042e-02,7.760000e+01,1.830000e+01,-1.096096e-01,8.217379e-03,2.169552e-01,1.903759e-02,8.937571e+01,4.037336e+02,3.151254e+01,6.251326e+01,9.812443e+01,4.049173e-01,2.579496e+00
3.366000e+03,7.758485e+01,1.806374e+01,-1.213978e-01,1.342887e-01,4.225125e-01,1.432967e-01,7.000000e-03,2.000000e-02,-2.096398e-02,7.760000e+01,1.830000e+01,-1.096096e-01,1.514549e-02,2.362627e-01,1.178821e-02,8.939086e+01,4.039698e+02,3.152433e+01,6.251349e+01,9.818025e+01,4.050563e-01,2.580384e+00
3.367000e+03,7.758257e+01,1.824132e+01,-1.120524e-01,1.371481e-01,4.025125e-01,1.237675e-01,2.859384e-03,-2.000000e-02,-1.952921e-02,7.760000e+01,1.830000e+01,-1.096096e-01,1.743102e-02,5.867670e-02,2.442813e-03,8.940829e+01,4.040285e+02,3.152677e+01,6.251379e+01,9.818369e+01,4.050622e-01,2.581174e+00
3.368000e+03,7.759060e+01,1.820595e+01,-1.185413e-01,1.301481e-01,4.225125e-01,1.430788e-01,-7.000000e-03,2.000000e-02,1.931138e-02,7.760000e+01,1.830000e+01,-1.096096e-01,9.398767e-03,9.405107e-02,8.931656e-03,8.941769e+01,4.041226e+02,3.153571e+01,6.251388e+01,9.819254e+01,4.051420e-01,2.581996e+00
3.369000e+03,7.758461e+01,1.836948e+01,-1.133167e-01,1.358442e-01,4.025125e-01,1.279444e-01,5.696095e-03,-2.000000e-02,-1.513450e-02,7.760000e+01,1.830000e+01,-1.096096e-01,1.538664e-02,-6.947913e-02,3.707090e-03,8.943307e+01,4.041921e+02,3.153941e+01,6.251411e+01,9.819737e+01,4.051558e-01,2.582657e+00
3.370000e+03,7.759084e+01,1.832134e+01,-1.191137e-01,1.288442e-01,3.825125e-01,1.439470e-01,-7.000000e-03,-2.000000e-02,1.600268e-02,7.760000e+01,1.830000e+01,-1.096096e-01,9.157310e-03,-2.134220e-02,9.504112e-03,8.944223e+01,4.042134e+02,3.154892e+01,6.251420e+01,9.819782e+01,4.052461e-01,2.583362e+00
3.371000e+03,7.759318e+01,1.808302e+01,-1.283038e-01,1.256185e-01,4.025125e-01,1.636844e-01,-3.225702e-03,2.000000e-02,1.973738e-02,7.760000e+01,1.830000e+01,-1.096096e-01,6.824978e-03,2.169789e-01,1.869419e-02,8.944905e+01,4.044304e+02,3.156761e+01,6.251424e+01,9.824490e+01,4.055956e-01,2.584162e+00
3.372000e+03,7.758483e+01,1.806375e+01,-1.218216e-01,1.326185e-01,4.225125e-01,1.444512e-01,7.000000e-03,2.000000e-02,-1.923323e-02,7.760000e+01,1.830000e+01,-1.096096e-01,1.517181e-02,2.362480e-01,1.221202e-02,8.946423e+01,4.046666e+02,3.157982e+01,6.251447e+01,9.830072e+01,4.057447e-01,2.584981e+00
3.373000e+03,7.758087e+01,1.824134e+01,-1.124942e-01,1.391860e-01,4.025125e-01,1.246583e-01,6.567532e-03,-2.000000e-02,-1.979291e-02,7.760000e+01,1.830000e+01,-1.096096e-01,1.913367e-02,5.866416e-02,2.884615e-03,8.948336e+01,4.047253e+02,3.158271e+01,6.251484e+01,9.830416e+01,4.057530e-01,2.585816e+00
3.374000e+03,7.759060e+01,1.820592e+01,-1.180267e-01,1.321860e-01,4.225125e-01,1.416671e-01,-7.000000e-03,2.000000e-02,1.700883e-02,7.760000e+01,1.830000e+01,-1.096096e-01,9.398521e-03,9.408395e-02,8.417059e-03,8.949276e+01,4.048194e+02,3.159113e+01,6.251493e+01,9.831301e+01,4.058239e-01,2.586554e+00
3.375000e+03,7.758666e+01,1.836945e+01,-1.127775e-01,1.333889e-01,4.025125e-01,1.268561e-01,1.202851e-03,-2.000000e-02,-1.481095e-02,7.760000e+01,1.830000e+01,-1.096096e-01,1.334050e-02,-6.944954e-02,3.167903e-03,8.950610e+01,4.048888e+02,3.159429e+01,6.251511e+01,9.831783e+01,4.058339e-01,2.587175e+00
3.376000e+03,7.759084e+01,1.832137e+01,-1.197335e-01,1.275846e-01,3.825125e-01,1.456502e-01,-5.804276e-03,-2.000000e-02,1.879409e-02,7.760000e+01,1.830000e+01,-1.096096e-01,9.160599e-03,-2.136865e-02,1.012392e-02,8.951526e+01,4.049102e+02,3.160442e+01,6.251519e+01,9.831829e+01,4.059364e-01,2.587962e+00
3.377000e+03,7.759178e+01,1.808304e+01,-1.286472e-01,1.272887e-01,4.025125e-01,1.642607e-01,-2.958835e-04,2.000000e-02,1.861042e-02,7.760000e+01,1.830000e+01,-1.096096e-01,8.217379e-03,2.169552e-01,1.903759e-02,8.952348e+01,4.051271e+02,3.162345e+01,6.251526e+01,9.836536e+01,4.062988e-01,2.588709e+00
3.378000e+03,7.758485e+01,1.806374e+01,-1.213978e-01,1.342887e-01,4.225125e-01,1.432967e-01,7.000000e-03,2.000000e-02,-2.096398e-02,7.760000e+01,1.830000e+01,-1.096096e-01,1.514549e-02,2.362627e-01,1.178821e-02,8.953862e+01,4.053634e+02,3.163524e+01,6.251549e+01,9.842118e+01,4.064378e-01,2.589597e+00
3.379000e+03,7.758257e+01,1.824132e+01,-1.120524e-01,1.371481e-01,4.025125e-01,1.237675e-01,2.859384e-03,-2.000000e-02,-1.952921e-02,7.760000e+01,1.830000e+01,-1.096096e-01,1.743102e-02,5.867670e-02,2.442813e-03,8.955605e+01,4.054221e+02,3.163769e+01,6.251579e+01,9.842462e+01,4.064437e-01,2.590387e+00
3.380000e+03,7.759060e+01,1.820595e+01,-1.185413e-01,1.301481e-01,4.225125e-01,1.430788e-01,-7.000000e-03,2.000000e-02,1.931138e-02,7.760000e+01,1.830000e+01,-1.096096e-01,9.398767e-03,9.405107e-02,8.931656e-03,8.956545e+01,4.055161e+02,3.164662e+01,6.251588e+01,9.843347e+01,4.065235e-01,2.591209e+00
3.381000e+03,7.758461e+01,1.836948e+01,-1.133167e-01,1.358442e-01,4.025125e-01,1.279444e-01,5.696095e-03,-2.000000e-02,-1.513450e-02,7.760000e+01,1.830000e+01,-1.096096e-01,1.538664e-02,-6.947913e-02,3.707090e-03,8.958084e+01,4.055856e+02,3.165032e+01,6.251612e+01,9.843829e+01,4.065373e-01,2.591870e+00
3.382000e+03,7.759084e+01,1.832134e+01,-1.191137e-01,1.288442e-01,3.825125e-01,1.439470e-01,-7.000000e-03,-2.000000e-02,1.600268e-02,7.760000e+01,1.830000e+01,-1.096096e-01,9.157310e-03,-2.134220e-02,9.504112e-03,8.959000e+01,4.056070e+02,3.165983e+01,6.251620e+01,9.843875e+01,4.066276e-01,2.592575e+00
3.383000e+03,7.759318e+01,1.808302e+01,-1.283038e-01,1.256185e-01,4.025125e-01,1.636844e-01,-3.225702e-03,2.000000e-02,1.973738e-02,7.760000e+01,1.830000e+01,-1.096096e-01,6.824978e-03,2.169789e-01,1.869419e-02,8.959682e+01,4.058239e+02,3.167852e+01,6.251625e+01,9.848583e+01,4.069771e-01,2.593375e+00
3.384000e+03,7.758483e+01,1.806375e+01,-1.218216e-01,1.326185e-01,4.225125e-01,1.444512e-01,7.000000e-03,2.000000e-02,-1.923323e-02,7.760000e+01,1.830000e+01,-1.096096e-01,1.517181e-02,2.362480e-01,1.221202e-02,8.961199e+01,4.060602e+02,3.169073e+01,6.251648e+01,9.854164e+01,4.071262e-01,2.594194e+00
3.385000e+03,7.758087e+01,1.824134e+01,-1.124942e-01,1.391860e-01,4.025125e-01,1.246583e-01,6.567532e-03,-2.000000e-02,-1.979291e-02,7.760000e+01,1.830000e+01,-1.096096e-01,1.913367e-02,5.866416e-02,2.884615e-03,8.963113e+01,4.061188e+02,3.169362e+01,6.251684e+01,9.854508e+01,4.071345e-01,2.595029e+00
3.386000e+03,7.759060e+01,1.820592e+01,-1.180267e-01,1.321860e-01,4.225125e-01,1.416671e-01,-7.000000e-03,2.000000e-02,1.700883e-02,7.760000e+01,1.830000e+01,-1.096096e-01,9.398521e-03,9.408395e-02,8.417059e-03,8.964053e+01,4.062129e+02,3.170204e+01,6.251693e+01,9.855394e+01,4.072054e-01,2.595767e+00
3.387000e+03,7.758666e+01,1.836945e+01,-1.127775e-01,1.333889e-01,4.025125e-01,1.268561e-01,1.202851e-03,-2.000000e-02,-1.481095e-02,7.760000e+01,1.830000e+01,-1.096096e-01,1.334050e-02,-6.944954e-02,3.167903e-03,8.965387e+01,4.062824e+02,3.170520e+01,6.251711e+01,9.855876e+01,4.072154e-01,2.596388e+00
3.388000e+03,7.759084e+01,1.832137e+01,-1.197335e-01,1.275846e-01,3.825125e-01,1.456502e-01,-5.804276e-03,-2.000000e-02,1.879409e-02,7.760000e+01,1.830000e+01,-1.096096e-01,9.160599e-03,-2.136865e-02,1.012392e-02,8.966303e+01,4.063037e+02,3.171533e+01,6.251719e+01,9.855922e+01,4.073179e-01,2.597175e+00
3.389000e+03,7.759178e+01,1.808304e+01,-1.286472e-01,1.272887e-01,4.025125e-01,1.642607e-01,-2.958835e-04,2.000000e-02,1.861042e-02,7.760000e+01,1.830000e+01,-1.096096e-01,8.217379e-03,2.169552e-01,1.903759e-02,8.967124e+01,4.065207e+02,3.173437e+01,6.251726e+01,9.860629e+01,4.076803e-01,2.597921e+00
3.390000e+03,7.758485e+01,1.806374e+01,-1.213978e-01,1.342887e-01,4.225125e-01,1.432967e-01,7.000000e-03,2.000000e-02,-2.096398e-02,7.760000e+01,1.830000e+01,-1.096096e-01,1.514549e-02,2.362627e-01,1.178821e-02,8.968639e+01,4.067570e+02,3.174615e+01,6.251749e+01,9.866211e+01,4.078193e-01,2.598810e+00
3.391000e+03,7.758257e+01,1.824132e+01,-1.120524e-01,1.371481e-01,4.025125e-01,1.237675e-01,2.859384e-03,-2.000000e-02,-1.952921e-02,7.760000e+01,1.830000e+01,-1.096096e-01,1.743102e-02,5.867670e-02,2.442813e-03,8.970382e+01,4.068156e+02,3.174860e+01,6.251779e+01,9.866555e+01,4.078253e-01,2.599599e+00
3.392000e+03,7.759060e+01,1.820595e+01,-1.185413e-01,1.301481e-01,4.225125e-01,1.430788e-01,-7.000000e-03,2.000000e-02,1.931138e-02,7.760000e+01,1.830000e+01,-1.096096e-01,9.398767e-03,9.405107e-02,8.931656e-03,8.971322e+01,4.069097e+02,3.175753e+01,6.251788e+01,9.867439e+01,4.079050e-01,2.600421e+00
3.393000e+03,7.758461e+01,1.836948e+01,-1.133167e-01,1.358442e-01,4.025125e-01,1.279444e-01,5.696095e-03,-2.000000e-02,-1.513450e-02,7.760000e+01,1.830000e+01,-1.096096e-01,1.538664e-02,-6.947913e-02,3.707090e-03,8.972861e+01,4.069792e+02,3.176124e+01,6.251812e+01,9.867922e+01,4.079188e-01,2.601083e+00
3.394000e+03,7.759084e+01,1.832134e+01,-1.191137e-01,1.288442e-01,3.825125e-01,1.439470e-01,-7.000000e-03,-2.000000e-02,1.600268e-02,7.760000e+01,1.830000e+01,-1.096096e-01,9.157310e-03,-2.134220e-02,9.504112e-03,8.973776e+01,4.070005e+02,3.177074e+01,6.251820e+01,9.867968e+01,4.080091e-01,2.601788e+00
3.395000e+03,7.759318e+01,1.808302e+01,-1.283038e-01,1.256185e-01,4.025125e-01,1.636844e-01,-3.225702e-03,2.000000e-02,1.973738e-02,7.760000e+01,1.830000e+01,-1.096096e-01,6.824978e-03,2.169789e-01,1.869419e-02,8.974459e+01,4.072175e+02,3.178943e+01,6.251825e+01,9.872676e+01,4.083586e-01,2.602588e+00
3.396000e+03,7.758483e+01,1.806375e+01,-1.218216e-01,1.326185e-01,4.225125e-01,1.444512e-01,7.000000e-03,2.000000e-02,-1.923323e-02,7.760000e+01,1.830000e+01,-1.096096e-01,1.517181e-02,2.362480e-01,1.221202e-02,8.975976e+01,4.074537e+02,3.180165e+01,6.251848e+01,9.878257e+01,4.085077e-01,2.603407e+00
3.397000e+03,7.758087e+01,1.824134e+01,-1.124942e-01,1.391860e-01,4.025125e-01,1.246583e-01,6.567532e-03,-2.000000e-02,-1.979291e-02,7.760000e+01,1.830000e+01,-1.096096e-01,1.913367e-02,5.866416e-02,2.884615e-03,8.977889e+01,4.075124e+02,3.180453e+01,6.251885e+01,9.878601e+01,4.085160e-01,2.604242e+00
3.398000e+03,7.759060e+01,1.820592e+01,-1.180267e-01,1.321860e-01,4.225125e-01,1.416671e-01,-7.000000e-03,2.000000e-02,1.700883e-02,7.760000e+01,1.830000e+01,-1.096096e-01,9.398521e-03,9.408395e-02,8.417059e-03,8.978829e+01,4.076065e+02,3.181295e+01,6.251893e+01,9.879486e+01,4.085869e-01,2.604980e+00
3.399000e+03,7.758666e+01,1.836945e+01,-1.127775e-01,1.333889e-01,4.025125e-01,1.268561e-01,1.202851e-03,-2.000000e-02,-1.481095e-02,7.760000e+01,1.830000e+01,-1.096096e-01,1.334050e-02,-6.944954e-02,3.167903e-03,8.980163e+01,4.076759e+02,3.181612e+01,6.251911e+01,9.879969e+01,4.085969e-01,2.605601e+00
3.400000e+03,7.759084e+01,1.832137e+01,-1.197335e-01,1.275846e-01,3.825125e-01,1.456502e-01,-5.804276e-03,-2.000000e-02,1.879409e-02,7.760000e+01,1.830000e+01,-1.096096e-01,9.160599e-03,-2.136865e-02,1.012392e-02,8.981079e+01,4.076973e+02,3.182624e+01,6.251920e+01,9.880014e+01,4.086994e-01,2.606388e+00
3.401000e+03,7.759178e+01,1.808304e+01,-1.286472e-01,1.272887e-01,4.025125e-01,1.642607e-01,-2.958835e-04,2.000000e-02,1.861042e-02,7.760000e+01,1.830000e+01,-1.096096e-01,8.217379e-03,2.169552e-01,1.903759e-02,8.981901e+01,4.079143e+02,3.184528e+01,6.251926e+01,9.884721e+01,4.090618e-01,2.607134e+00
3.402000e+03,7.758485e+01,1.806374e+01,-1.213978e-01,1.342887e-01,4.225125e-01,1.432967e-01,7.000000e-03,2.000000e-02,-2.096398e-02,7.760000e+01,1.830000e+01,-1.096096e-01,1.514549e-02,2.362627e-01,1.178821e-02,8.983416e+01,4.081505e+02,3.185707e+01,6.251949e+01,9.890303e+01,4.092008e-01,2.608023e+00
3.403000e+03,7.758257e+01,1.824132e+01,-1.120524e-01,1.371481e-01,4.025125e-01,1.237675e-01,2.859384e-03,-2.000000e-02,-1.952921e-02,7.760000e+01,1.830000e+01,-1.096096e-01,1.743102e-02,5.867670e-02,2.442813e-03,8.985159e+01,4.082092e+02,3.185951e+01,6.251980e+01,9.890648e+01,4.092068e-01,2.608812e+00
3.404000e+03,7.759060e+01,1.820595e+01,-1.185413e-01,1.301481e-01,4.225125e-01,1.430788e-01,-7.000000e-03,2.000000e-02,1.931138e-02,7.760000e+01,1.830000e+01,-1.096096e-01,9.398767e-03,9.405107e-02,8.931656e-03,8.986099e+01,4.083033e+02,3.186844e+01,6.251989e+01,9.891532e+01,4.092865e-01,2.609634e+00
3.405000e+03,7.758461e+01,1.836948e+01,-1.133167e-01,1.358442e-01,4.025125e-01,1.279444e-01,5.696095e-03,-2.000000e-02,-1.513450e-02,7.760000e+01,1.830000e+01,-1.096096e-01,1.538664e-02,-6.947913e-02,3.707090e-03,8.987637e+01,4.083727e+02,3.187215e+01,6.252012e+01,9.892015e+01,4.093003e-01,2.610296e+00
3.406000e+03,7.759084e+01,1.832134e+01,-1.191137e-01,1.288442e-01,3.825125e-01,1.439470e-01,-7.000000e-03,-2.000000e-02,1.600268e-02,7.760000e+01,1.830000e+01,-1.096096e-01,9.157310e-03,-2.134220e-02,9.504112e-03,8.988553e+01,4.083941e+02,3.188165e+01,6.252021e+01,9.892060e+01,4.093906e-01,2.611001e+00
3.407000e+03,7.759318e+01,1.808302e+01,-1.283038e-01,1.256185e-01,4.025125e-01,1.636844e-01,-3.225702e-03,2.000000e-02,1.973738e-02,7.760000e+01,1.830000e+01,-1.096096e-01,6.824978e-03,2.169789e-01,1.869419e-02,8.989236e+01,4.086111e+02,3.190035e+01,6.252025e+01,9.896768e+01,4.097401e-01,2.611801e+00
3.408000e+03,7.758483e+01,1.806375e+01,-1.218216e-01,1.326185e-01,4.225125e-01,1.444512e-01,7.000000e-03,2.000000e-02,-1.923323e-02,7.760000e+01,1.830000e+01,-1.096096e-01,1.517181e-02,2.362480e-01,1.221202e-02,8.990753e+01,4.088473e+02,3.191256e+01,6.252048e+01,9.902350e+01,4.098892e-01,2.612620e+00
3.409000e+03,7.758087e+01,1.824134e+01,-1.124942e-01,1.391860e-01,4.025125e-01,1.246583e-01,6.567532e-03,-2.000000e-02,-1.979291e-02,7.760000e+01,1.830000e+01,-1.096096e-01,1.913367e-02,5.866416e-02,2.884615e-03,8.992666e+01,4.089060e+02,3.191544e+01,6.252085e+01,9.902694e+01,4.098975e-01,2.613454e+00
3.410000e+03,7.759060e+01,1.820592e+01,-1.180267e-01,1.321860e-01,4.225125e-01,1.416671e-01,-7.000000e-03,2.000000e-02,1.700883e-02,7.760000e+01,1.830000e+01,-1.096096e-01,9.398521e-03,9.408395e-02,8.417059e-03,8.993606e+01,4.090000e+02,3.192386e+01,6.252094e+01,9.903579e+01,4.099684e-01,2.614193e+00
3.411000e+03,7.758666e+01,1.836945e+01,-1.127775e-01,1.333889e-01,4.025125e-01,1.268561e-01,1.202851e-03,-2.000000e-02,-1.481095e-02,7.760000e+01,1.830000e+01,-1.096096e-01,1.334050e-02,-6.944954e-02,3.167903e-03,8.994940e+01,4.090695e+02,3.192703e+01,6.252112e+01,9.904061e+01,4.099784e-01,2.614814e+00
3.412000e+03,7.759084e+01,1.832137e+01,-1.197335e-01,1.275846e-01,3.825125e-01,1.456502e-01,-5.804276e-03,-2.000000e-02,1.879409e-02,7.760000e+01,1.830000e+01,-1.096096e-01,9.160599e-03,-2.136865e-02,1.012392e-02,8.995856e+01,4.090909e+02,3.193715e+01,6.252120e+01,9.904107e+01,4.100809e-01,2.615600e+00
3.413000e+03,7.759178e+01,1.808304e+01,-1.286472e-01,1.272887e-01,4.025125e-01,1.642607e-01,-2.958835e-04,2.000000e-02,1.861042e-02,7.760000e+01,1.830000e+01,-1.096096e-01,8.217379e-03,2.169552e-01,1.903759e-02,8.996678e+01,4.093078e+02,3.195619e+01,6.252127e+01,9.908814e+01,4.104433e-01,2.616347e+00
3.414000e+03,7.758485e+01,1.806374e+01,-1.213978e-01,1.342887e-01,4.225125e-01,1.432967e-01,7.000000e-03,2.000000e-02,-2.096398e-02,7.760000e+01,1.830000e+01,-1.096096e-01,1.514549e-02,2.362627e-01,1.178821e-02,8.998192e+01,4.095441e+02,3.196798e+01,6.252150e+01,9.914396e+01,4.105823e-01,2.617235e+00
3.415000e+03,7.758257e+01,1.824132e+01,-1.120524e-01,1.371481e-01,4.025125e-01,1.237675e-01,2.859384e-03,-2.000000e-02,-1.952921e-02,7.760000e+01,1.830000e+01,-1.096096e-01,1.743102e-02,5.867670e-02,2.442813e-03,8.999935e+01,4.096028e+02,3.197042e+01,6.252180e+01,9.914740e+01,4.105883e-01,2.618025e+00
3.416000e+03,7.759060e+01,1.820595e+01,-1.185413e-01,1.301481e-01,4.225125e-01,1.430788e-01,-7.000000e-03,2.000000e-02,1.931138e-02,7.760000e+01,1.830000e+01,-1.096096e-01,9.398767e-03,9.405107e-02,8.931656e-03,9.000875e+01,4.096968e+02,3.197935e+01,6.252189e+01,9.915625e+01,4.106680e-01,2.618847e+00
3.417000e+03,7.758461e+01,1.836948e+01,-1.133167e-01,1.358442e-01,4.025125e-01,1.279444e-01,5.696095e-03,-2.000000e-02,-1.513450e-02,7.760000e+01,1.830000e+01,-1.096096e-01,1.538664e-02,-6.947913e-02,3.707090e-03,9.002414e+01,4.097663e+02,3.198306e+01,6.252213e+01,9.916108e+01,4.106818e-01,2.619508e+00
3.418000e+03,7.759084e+01,1.832134e+01,-1.191137e-01,1.288442e-01,3.825125e-01,1.439470e-01,-7.000000e-03,-2.000000e-02,1.600268e-02,7.760000e+01,1.830000e+01,-1.096096e-01,9.157310e-03,-2.134220e-02,9.504112e-03,9.003330e+01,4.097876e+02,3.199256e+01,6.252221e+01,9.916153e+01,4.107721e-01,2.620213e+00
3.419000e+03,7.759318e+01,1.808302e+01,-1.283038e-01,1.256185e-01,4.025125e-01,1.636844e-01,-3.225702e-03,2.000000e-02,1.973738e-02,7.760000e+01,1.830000e+01,-1.096096e-01,6.824978e-03,2.169789e-01,1.869419e-02,9.004012e+01,4.100046e+02,3.201126e+01,6.252226e+01,9.920861e+01,4.111216e-01,2.621013e+00
3.420000e+03,7.758483e+01,1.806375e+01,-1.218216e-01,1.326185e-01,4.225125e-01,1.444512e-01,7.000000e-03,2.000000e-02,-1.923323e-02,7.760000e+01,1.830000e+01,-1.096096e-01,1.517181e-02,2.362480e-01,1.221202e-02,9.005529e+01,4.102409e+02,3.202347e+01,6.252249e+01,9.926442e+01,4.112707e-01,2.621832e+00
3.421000e+03,7.758087e+01,1.824134e+01,-1.124942e-01,1.391860e-01,4.025125e-01,1.246583e-01,6.567532e-03,-2.000000e-02,-1.979291e-02,7.760000e+01,1.830000e+01,-1.096096e-01,1.913367e-02,5.866416e-02,2.884615e-03,9.007443e+01,4.102995e+02,3.202635e+01,6.252285e+01,9.926787e+01,4.112790e-01,2.622667e+00
3.422000e+03,7.759060e+01,1.820592e+01,-1.180267e-01,1.321860e-01,4.225125e-01,1.416671e-01,-7.000000e-03,2.000000e-02,1.700883e-02,7.760000e+01,1.830000e+01,-1.096096e-01,9.398521e-03,9.408395e-02,8.417059e-03,9.008383e+01,4.103936e+02,3.203477e+01,6.252294e+01,9.927672e+01,4.113499e-01,2.623406e+00
3.423000e+03,7.758666e+01,1.836945e+01,-1.127775e-01,1.333889e-01,4.025125e-01,1.268561e-01,1.202851e-03,-2.000000e-02,-1.481095e-02,7.760000e+01,1.830000e+01,-1.096096e-01,1.334050e-02,-6.944954e-02,3.167903e-03,9.009717e+01,4.104631e+02,3.203794e+01,6.252312e+01,9.928154e+01,4.113599e-01,2.624026e+00
3.424000e+03,7.759084e+01,1.832137e+01,-1.197335e-01,1.275846e-01,3.825125e-01,1.456502e-01,-5.804276e-03,-2.000000e-02,1.879409e-02,7.760000e+01,1.830000e+01,-1.096096e-01,9.160599e-03,-2.136865e-02,1.012392e-02,9.010633e+01,4.104844e+02,3.204806e+01,6.252320e+01,9.928200e+01,4.114624e-01,2.624813e+00
3.425000e+03,7.759178e+01,1.808304e+01,-1.286472e-01,1.272887e-01,4.025125e-01,1.642607e-01,-2.958835e-04,2.000000e-02,1.861042e-02,7.760000e+01,1.830000e+01,-1.096096e-01,8.217379e-03,2.169552e-01,1.903759e-02,9.011454e+01,4.107014e+02,3.206710e+01,6.252327e+01,9.932907e+01,4.118248e-01,2.625560e+00
3.426000e+03,7.758485e+01,1.806374e+01,-1.213978e-01,1.342887e-01,4.225125e-01,1.432967e-01,7.000000e-03,2.000000e-02,-2.096398e-02,7.760000e+01,1.830000e+01,-1.096096e-01,1.514549e-02,2.362627e-01,1.178821e-02,9.012969e+01,4.109376e+02,3.207889e+01,6.252350e+01,9.938489e+01,4.119638e-01,2.626448e+00
3.427000e+03,7.758257e+01,1.824132e+01,-1.120524e-01,1.371481e-01,4.025125e-01,1.237675e-01,2.859384e-03,-2.000000e-02,-1.952921e-02,7.760000e+01,1.830000e+01,-1.096096e-01,1.743102e-02,5.867670e-02,2.442813e-03,9.014712e+01,4.109963e+02,3.208133e+01,6.252380e+01,9.938833e+01,4.119698e-01,2.627238e+00
3.428000e+03,7.759060e+01,1.820595e+01,-1.185413e-01,1.301481e-01,4.225125e-01,1.430788e-01,-7.000000e-03,2.000000e-02,1.931138e-02,7.760000e+01,1.830000e+01,-1.096096e-01,9.398767e-03,9.405107e-02,8.931656e-03,9.015652e+01,4.110904e+02,3.209026e+01,6.252389e+01,9.939718e+01,4.120496e-01,2.628060e+00
3.429000e+03,7.758461e+01,1.836948e+01,-1.133167e-01,1.358442e-01,4.025125e-01,1.279444e-01,5.696095e-03,-2.000000e-02,-1.513450e-02,7.760000e+01,1.830000e+01,-1.096096e-01,1.538664e-02,-6.947913e-02,3.707090e-03,9.017191e+01,4.111599e+02,3.209397e+01,6.252413e+01,9.940200e+01,4.120633e-01,2.628721e+00
3.430000e+03,7.759084e+01,1.832134e+01,-1.191137e-01,1.288442e-01,3.825125e-01,1.439470e-01,-7.000000e-03,-2.000000e-02,1.600268e-02,7.760000e+01,1.830000e+01,-1.096096e-01,9.157310e-03,-2.134220e-02,9.504112e-03,9.018106e+01,4.111812e+02,3.210347e+01,6.252421e+01,9.940246e+01,4.121536e-01,2.629426e+00
3.431000e+03,7.759318e+01,1.808302e+01,-1.283038e-01,1.256185e-01,4.025125e-01,1.636844e-01,-3.225702e-03,2.000000e-02,1.973738e-02,7.760000e+01,1.830000e+01,-1.096096e-01,6.824978e-03,2.169789e-01,1.869419e-02,9.018789e+01,4.113982e+02,3.212217e+01,6.252426e+01,9.944954e+01,4.125031e-01,2.630226e+00
3.432000e+03,7.758483e+01,1.806375e+01,-1.218216e-01,1.326185e-01,4.225125e-01,1.444512e-01,7.000000e-03,2.000000e-02,-1.923323e-02,7.760000e+01,1.830000e+01,-1.096096e-01,1.517181e-02,2.362480e-01,1.221202e-02,9.020306e+01,4.116344e+02,3.213438e+01,6.252449e+01,9.950535e+01,4.126522e-01,2.631045e+00
3.433000e+03,7.758087e+01,1.824134e+01,-1.124942e-01,1.391860e-01,4.025125e-01,1.246583e-01,6.567532e-03,-2.000000e-02,-1.979291e-02,7.760000e+01,1.830000e+01,-1.096096e-01,1.913367e-02,5.866416e-02,2.884615e-03,9.022219e+01,4.116931e+02,3.213726e+01,6.252485e+01,9.950879e+01,4.126605e-01,2.631880e+00
3.434000e+03,7.759060e+01,1.820592e+01,-1.180267e-01,1.321860e-01,4.225125e-01,1.416671e-01,-7.000000e-03,2.000000e-02,1.700883e-02,7.760000e+01,1.830000e+01,-1.096096e-01,9.398521e-03,9.408395e-02,8.417059e-03,9.023159e+01,4.117872e+02,3.214568e+01,6.252494e+01,9.951764e+01,4.127314e-01,2.632618e+00
3.435000e+03,7.758666e+01,1.836945e+01,-1.127775e-01,1.333889e-01,4.025125e-01,1.268561e-01,1.202851e-03,-2.000000e-02,-1.481095e-02,7.760000e+01,1.830000e+01,-1.096096e-01,1.334050e-02,-6.944954e-02,3.167903e-03,9.024493e+01,4.118566e+02,3.214885e+01,6.252512e+01,9.952247e+01,4.127414e-01,2.633239e+00
3.436000e+03,7.759084e+01,1.832137e+01,-1.197335e-01,1.275846e-01,3.825125e-01,1.456502e-01,-5.804276e-03,-2.000000e-02,1.879409e-02,7.760000e+01,1.830000e+01,-1.096096e-01,9.160599e-03,-2.136865e-02,1.012392e-02,9.025409e+01,4.118780e+02,3.215897e+01,6.252521e+01,9.952292e+01,4.128439e-01,2.634026e+00
3.437000e+03,7.759178e+01,1.808304e+01,-1.286472e-01,1.272887e-01,4.025125e-01,1.642607e-01,-2.958835e-04,2.000000e-02,1.861042e-02,7.760000e+01,1.830000e+01,-1.096096e-01,8.217379e-03,2.169552e-01,1.903759e-02,9.026231e+01,4.120949e+02,3.217801e+01,6.252527e+01,9.956999e+01,4.132064e-01,2.634773e+00
3.438000e+03,7.758485e+01,1.806374e+01,-1.213978e-01,1.342887e-01,4.225125e-01,1.432967e-01,7.000000e-03,2.000000e-02,-2.096398e-02,7.760000e+01,1.830000e+01,-1.096096e-01,1.514549e-02,2.362627e-01,1.178821e-02,9.027746e+01,4.123312e+02,3.218980e+01,6.252550e+01,9.962581e+01,4.133453e-01,2.635661e+00
3.439000e+03,7.758257e+01,1.824132e+01,-1.120524e-01,1.371481e-01,4.025125e-01,1.237675e-01,2.859384e-03,-2.000000e-02,-1.952921e-02,7.760000e+01,1.830000e+01,-1.096096e-01,1.743102e-02,5.867670e-02,2.442813e-03,9.029489e+01,4.123899e+02,3.219224e+01,6.252581e+01,9.962926e+01,4.133513e-01,2.636451e+00
3.440000e+03,7.759060e+01,1.820595e+01,-1.185413e-01,1.301481e-01,4.225125e-01,1.430788e-01,-7.000000e-03,2.000000e-02,1.931138e-02,7.760000e+01,1.830000e+01,-1.096096e-01,9.398767e-03,9.405107e-02,8.931656e-03,9.030429e+01,4.124839e+02,3.220117e+01,6.252589e+01,9.963810e+01,4.134311e-01,2.637273e+00
3.441000e+03,7.758461e+01,1.836948e+01,-1.133167e-01,1.358442e-01,4.025125e-01,1.279444e-01,5.696095e-03,-2.000000e-02,-1.513450e-02,7.760000e+01,1.830000e+01,-1.096096e-01,1.538664e-02,-6.947913e-02,3.707090e-03,9.031967e+01,4.125534e+02,3.220488e+01,6.252613e+01,9.964293e+01,4.134448e-01,2.637934e+00
3.442000e+03,7.759084e+01,1.832134e+01,-1.191137e-01,1.288442e-01,3.825125e-01,1.439470e-01,-7.000000e-03,-2.000000e-02,1.600268e-02,7.760000e+01,1.830000e+01,-1.096096e-01,9.157310e-03,-2.134220e-02,9.504112e-03,9.032883e+01,4.125748e+02,3.221438e+01,6.252621e+01,9.964338e+01,4.135351e-01,2.638639e+00
3.443000e+03,7.759318e+01,1.808302e+01,-1.283038e-01,1.256185e-01,4.025125e-01,1.636844e-01,-3.225702e-03,2.000000e-02,1.973738e-02,7.760000e+01,1.830000e+01,-1.096096e-01,6.824978e-03,2.169789e-01,1.869419e-02,9.033566e+01,4.127917e+02,3.223308e+01,6.252626e+01,9.969046e+01,4.138846e-01,2.639439e+00
3.444000e+03,7.758483e+01,1.806375e+01,-1.218216e-01,1.326185e-01,4.225125e-01,1.444512e-01,7.000000e-03,2.000000e-02,-1.923323e-02,7.760000e+01,1.830000e+01,-1.096096e-01,1.517181e-02,2.362480e-01,1.221202e-02,9.035083e+01,4.130280e+02,3.224529e+01,6.252649e+01,9.974628e+01,4.140337e-01,2.640258e+00
3.445000e+03,7.758087e+01,1.824134e+01,-1.124942e-01,1.391860e-01,4.025125e-01,1.246583e-01,6.567532e-03,-2.000000e-02,-1.979291e-02,7.760000e+01,1.830000e+01,-1.096096e-01,1.913367e-02,5.866416e-02,2.884615e-03,9.036996e+01,4.130866e+02,3.224818e+01,6.252686e+01,9.974972e+01,4.140421e-01,2.641093e+00
3.446000e+03,7.759060e+01,1.820592e+01,-1.180267e-01,1.321860e-01,4.225125e-01,1.416671e-01,-7.000000e-03,2.000000e-02,1.700883e-02,7.760000e+01,1.830000e+01,-1.096096e-01,9.398521e-03,9.408395e-02,8.417059e-03,9.037936e+01,4.131807e+02,3.225659e+01,6.252695e+01,9.975857e+01,4.141129e-01,2.641831e+00
3.447000e+03,7.758666e+01,1.836945e+01,-1.127775e-01,1.333889e-01,4.025125e-01,1.268561e-01,1.202851e-03,-2.000000e-02,-1.481095e-02,7.760000e+01,1.830000e+01,-1.096096e-01,1.334050e-02,-6.944954e-02,3.167903e-03,9.039270e+01,4.132502e+02,3.225976e+01,6.252712e+01,9.976339e+01,4.141229e-01,2.642452e+00
3.448000e+03,7.759084e+01,1.832137e+01,-1.197335e-01,1.275846e-01,3.825125e-01,1.456502e-01,-5.804276e-03,-2.000000e-02,1.879409e-02,7.760000e+01,1.830000e+01,-1.096096e-01,9.160599e-03,-2.136865e-02,1.012392e-02,9.040186e+01,4.132715e+02,3.226988e+01,6.252721e+01,9.976385e+01,4.142254e-01,2.643239e+00
3.449000e+03,7.759178e+01,1.808304e+01,-1.286472e-01,1.272887e-01,4.025125e-01,1.642607e-01,-2.958835e-04,2.000000e-02,1.861042e-02,7.760000e+01,1.830000e+01,-1.096096e-01,8.217379e-03,2.169552e-01,1.903759e-02,9.041008e+01,4.134885e+02,3.228892e+01,6.252728e+01,9.981092e+01,4.145879e-01,2.643985e+00
3.450000e+03,7.758485e+01,1.806374e+01,-1.213978e-01,1.342887e-01,4.225125e-01,1.432967e-01,7.000000e-03,2.000000e-02,-2.096398e-02,7.760000e+01,1.830000e+01,-1.096096e-01,1.514549e-02,2.362627e-01,1.178821e-02,9.042522e+01,4.137248e+02,3.230071e+01,6.252750e+01,9.986674e+01,4.147268e-01,2.644874e+00
3.451000e+03,7.758257e+01,1.824132e+01,-1.120524e-01,1.371481e-01,4.025125e-01,1.237675e-01,2.859384e-03,-2.000000e-02,-1.952921e-02,7.760000e+01,1.830000e+01,-1.096096e-01,1.743102e-02,5.867670e-02,2.442813e-03,9.044265e+01,4.137834e+02,3.230315e+01,6.252781e+01,9.987018e+01,4.147328e-01,2.645663e+00
3.452000e+03,7.759060e+01,1.820595e+01,-1.185413e-01,1.301481e-01,4.225125e-01,1.430788e-01,-7.000000e-03,2.000000e-02,1.931138e-02,7.760000e+01,1.830000e+01,-1.096096e-01,9.398767e-03,9.405107e-02,8.931656e-03,9.045205e+01,4.138775e+02,3.231208e+01,6.252790e+01,9.987903e+01,4.148126e-01,2.646485e+00
3.453000e+03,7.758461e+01,1.836948e+01,-1.133167e-01,1.358442e-01,4.025125e-01,1.279444e-01,5.696095e-03,-2.000000e-02,-1.513450e-02,7.760000e+01,1.830000e+01,-1.096096e-01,1.538664e-02,-6.947913e-02,3.707090e-03,9.046744e+01,4.139470e+02,3.231579e+01,6.252813e+01,9.988386e+01,4.148263e-01,2.647147e+00
3.454000e+03,7.759084e+01,1.832134e+01,-1.191137e-01,1.288442e-01,3.825125e-01,1.439470e-01,-7.000000e-03,-2.000000e-02,1.600268e-02,7.760000e+01,1.830000e+01,-1.096096e-01,9.157310e-03,-2.134220e-02,9.504112e-03,9.047660e+01,4.139683e+02,3.232530e+01,6.252822e+01,9.988431e+01,4.149166e-01,2.647852e+00
3.455000e+03,7.759318e+01,1.808302e+01,-1.283038e-01,1.256185e-01,4.025125e-01,1.636844e-01,-3.225702e-03,2.000000e-02,1.973738e-02,7.760000e+01,1.830000e+01,-1.096096e-01,6.824978e-03,2.169789e-01,1.869419e-02,9.048342e+01,4.141853e+02,3.234399e+01,6.252826e+01,9.993139e+01,4.152661e-01,2.648652e+00
3.456000e+03,7.758483e+01,1.806375e+01,-1.218216e-01,1.326185e-01,4.225125e-01,1.444512e-01,7.000000e-03,2.000000e-02,-1.923323e-02,7.760000e+01,1.830000e+01,-1.096096e-01,1.517181e-02,2.362480e-01,1.221202e-02,9.049859e+01,4.144215e+02,3.235620e+01,6.252849e+01,9.998721e+01,4.154152e-01,2.649471e+00
3.457000e+03,7.758087e+01,1.824134e+01,-1.124942e-01,1.391860e-01,4.025125e-01,1.246583e-01,6.567532e-03,-2.000000e-02,-1.979291e-02,7.760000e+01,1.830000e+01,-1.096096e-01,1.913367e-02,5.866416e-02,2.884615e-03,9.051773e+01,4.144802e+02,3.235909e+01,6.252886e+01,9.999065e+01,4.154236e-01,2.650306e+00
3.458000e+03,7.759060e+01,1.820592e+01,-1.180267e-01,1.321860e-01,4.225125e-01,1.416671e-01,-7.000000e-03,2.000000e-02,1.700883e-02,7.760000e+01,1.830000e+01,-1.096096e-01,9.398521e-03,9.408395e-02,8.417059e-03,9.052713e+01,4.145743e+02,3.236750e+01,6.252895e+01,9.999950e+01,4.154944e-01,2.651044e+00
3.459000e+03,7.758666e+01,1.836945e+01,-1.127775e-01,1.333889e-01,4.025125e-01,1.268561e-01,1.202851e-03,-2.000000e-02,-1.481095e-02,7.760000e+01,1.830000e+01,-1.096096e-01,1.334050e-02,-6.944954e-02,3.167903e-03,9.054047e+01,4.146437e+02,3.237067e+01,6.252913e+01,1.000043e+02,4.155044e-01,2.651665e+00
3.460000e+03,7.759084e+01,1.832137e+01,-1.197335e-01,1.275846e-01,3.825125e-01,1.456502e-01,-5.804276e-03,-2.000000e-02,1.879409e-02,7.760000e+01,1.830000e+01,-1.096096e-01,9.160599e-03,-2.136865e-02,1.012392e-02,9.054963e+01,4.146651e+02,3.238080e+01,6.252921e+01,1.000048e+02,4.156069e-01,2.652452e+00
3.461000e+03,7.759178e+01,1.808304e+01,-1.286472e-01,1.272887e-01,4.025125e-01,1.642607e-01,-2.958835e-04,2.000000e-02,1.861042e-02,7.760000e+01,1.830000e+01,-1.096096e-01,8.217379e-03,2.169552e-01,1.903759e-02,9.055784e+01,4.148821e+02,3.239983e+01,6.252928e+01,1.000518e+02,4.159694e-01,2.653198e+00
3.462000e+03,7.758485e+01,1.806374e+01,-1.213978e-01,1.342887e-01,4.225125e-01,1.432967e-01,7.000000e-03,2.000000e-02,-2.096398e-02,7.760000e+01,1.830000e+01,-1.096096e-01,1.514549e-02,2.362627e-01,1.178821e-02,9.057299e+01,4.151183e+02,3.241162e+01,6.252951e+01,1.001077e+02,4.161083e-01,2.654087e+00
3.463000e+03,7.758257e+01,1.824132e+01,-1.120524e-01,1.371481e-01,4.025125e-01,1.237675e-01,2.859384e-03,-2.000000e-02,-1.952921e-02,7.760000e+01,1.830000e+01,-1.096096e-01,1.743102e-02,5.867670e-02,2.442813e-03,9.059042e+01,4.151770e+02,3.241406e+01,6.252981e+01,1.001111e+02,4.161143e-01,2.654876e+00
3.464000e+03,7.759060e+01,1.820595e+01,-1.185413e-01,1.301481e-01,4.225125e-01,1.430788e-01,-7.000000e-03,2.000000e-02,1.931138e-02,7.760000e+01,1.830000e+01,-1.096096e-01,9.398767e-03,9.405107e-02,8.931656e-03,9.059982e+01,4.152711e+02,3.242300e+01,6.252990e+01,1.001200e+02,4.161941e-01,2.655698e+00
3.465000e+03,7.758461e+01,1.836948e+01,-1.133167e-01,1.358442e-01,4.025125e-01,1.279444e-01,5.696095e-03,-2.000000e-02,-1.513450e-02,7.760000e+01,1.830000e+01,-1.096096e-01,1.538664e-02,-6.947913e-02,3.707090e-03,9.061521e+01,4.153405e+02,3.242670e+01,6.253014e+01,1.001248e+02,4.162078e-01,2.656360e+00
3.466000e+03,7.759084e+01,1.832134e+01,-1.191137e-01,1.288442e-01,3.825125e-01,1.439470e-01,-7.000000e-03,-2.000000e-02,1.600268e-02,7.760000e+01,1.830000e+01,-1.096096e-01,9.157310e-03,-2.134220e-02,9.504112e-03,9.062436e+01,4.153619e+02,3.243621e+01,6.253022e+01,1.001252e+02,4.162981e-01,2.657065e+00
3.467000e+03,7.759318e+01,1.808302e+01,-1.283038e-01,1.256185e-01,4.025125e-01,1.636844e-01,-3.225702e-03,2.000000e-02,1.973738e-02,7.760000e+01,1.830000e+01,-1.096096e-01,6.824978e-03,2.169789e-01,1.869419e-02,9.063119e+01,4.155789e+02,3.245490e+01,6.253027e+01,1.001723e+02,4.166476e-01,2.657865e+00
3.468000e+03,7.758483e+01,1.806375e+01,-1.218216e-01,1.326185e-01,4.225125e-01,1.444512e-01,7.000000e-03,2.000000e-02,-1.923323e-02,7.760000e+01,1.830000e+01,-1.096096e-01,1.517181e-02,2.362480e-01,1.221202e-02,9.064636e+01,4.158151e+02,3.246711e+01,6.253050e+01,1.002281e+02,4.167968e-01,2.658684e+00
3.469000e+03,7.758087e+01,1.824134e+01,-1.124942e-01,1.391860e-01,4.025125e-01,1.246583e-01,6.567532e-03,-2.000000e-02,-1.979291e-02,7.760000e+01,1.830000e+01,-1.096096e-01,1.913367e-02,5.866416e-02,2.884615e-03,9.066549e+01,4.158738e+02,3.247000e+01,6.253086e+01,1.002316e+02,4.168051e-01,2.659518e+00
3.470000e+03,7.759060e+01,1.820592e+01,-1.180267e-01,1.321860e-01,4.225125e-01,1.416671e-01,-7.000000e-03,2.000000e-02,1.700883e-02,7.760000e+01,1.830000e+01,-1.096096e-01,9.398521e-03,9.408395e-02,8.417059e-03,9.067489e+01,4.159679e+02,3.247841e+01,6.253095e+01,1.002404e+02,4.168759e-01,2.660257e+00
3.471000e+03,7.758666e+01,1.836945e+01,-1.127775e-01,1.333889e-01,4.025125e-01,1.268561e-01,1.202851e-03,-2.000000e-02,-1.481095e-02,7.760000e+01,1.830000e+01,-1.096096e-01,1.334050e-02,-6.944954e-02,3.167903e-03,9.068823e+01,4.160373e+02,3.248158e+01,6.253113e+01,1.002452e+02,4.168860e-01,2.660878e+00
3.472000e+03,7.759084e+01,1.832137e+01,-1.197335e-01,1.275846e-01,3.825125e-01,1.456502e-01,-5.804276e-03,-2.000000e-02,1.879409e-02,7.760000e+01,1.830000e+01,-1.096096e-01,9.160599e-03,-2.136865e-02,1.012392e-02,9.069739e+01,4.160587e+02,3.249171e+01,6.253121e+01,1.002457e+02,4.169884e-01,2.661664e+00
3.473000e+03,7.759178e+01,1.808304e+01,-1.286472e-01,1.272887e-01,4.025125e-01,1.642607e-01,-2.958835e-04,2.000000e-02,1.861042e-02,7.760000e+01,1.830000e+01,-1.096096e-01,8.217379e-03,2.169552e-01,1.903759e-02,9.070561e+01,4.162756e+02,3.251074e+01,6.253128e+01,1.002928e+02,4.173509e-01,2.662411e+00
3.474000e+03,7.758485e+01,1.806374e+01,-1.213978e-01,1.342887e-01,4.225125e-01,1.432967e-01,7.000000e-03,2.000000e-02,-2.096398e-02,7.760000e+01,1.830000e+01,-1.096096e-01,1.514549e-02,2.362627e-01,1.178821e-02,9.072076e+01,4.165119e+02,3.252253e+01,6.253151e+01,1.003486e+02,4.174898e-01,2.663299e+00
3.475000e+03,7.758257e+01,1.824132e+01,-1.120524e-01,1.371481e-01,4.025125e-01,1.237675e-01,2.859384e-03,-2.000000e-02,-1.952921e-02,7.760000e+01,1.830000e+01,-1.096096e-01,1.743102e-02,5.867670e-02,2.442813e-03,9.073819e+01,4.165706e+02,3.252498e+01,6.253181e+01,1.003520e+02,4.174958e-01,2.664089e+00
3.476000e+03,7.759060e+01,1.820595e+01,-1.185413e-01,1.301481e-01,4.225125e-01,1.430788e-01,-7.000000e-03,2.000000e-02,1.931138e-02,7.760000e+01,1.830000e+01,-1.096096e-01,9.398767e-03,9.405107e-02,8.931656e-03,9.074759e+01,4.166646e+02,3.253391e+01,6.253190e+01,1.003609e+02,4.175756e-01,2.664911e+00
3.477000e+03,7.758461e+01,1.836948e+01,-1.133167e-01,1.358442e-01,4.025125e-01,1.279444e-01,5.696095e-03,-2.000000e-02,-1.513450e-02,7.760000e+01,1.830000e+01,-1.096096e-01,1.538664e-02,-6.947913e-02,3.707090e-03,9.076297e+01,4.167341e+02,3.253761e+01,6.253214e+01,1.003657e+02,4.175893e-01,2.665572e+00
3.478000e+03,7.759084e+01,1.832134e+01,-1.191137e-01,1.288442e-01,3.825125e-01,1.439470e-01,-7.000000e-03,-2.000000e-02,1.600268e-02,7.760000e+01,1.830000e+01,-1.096096e-01,9.157310e-03,-2.134220e-02,9.504112e-03,9.077213e+01,4.167554e+02,3.254712e+01,6.253222e+01,1.003662e+02,4.176797e-01,2.666278e+00
3.479000e+03,7.759318e+01,1.808302e+01,-1.283038e-01,1.256185e-01,4.025125e-01,1.636844e-01,-3.225702e-03,2.000000e-02,1.973738e-02,7.760000e+01,1.830000e+01,-1.096096e-01,6.824978e-03,2.169789e-01,1.869419e-02,9.077896e+01,4.169724e+02,3.256581e+01,6.253227e+01,1.004132e+02,4.180291e-01,2.667077e+00
3.480000e+03,7.758483e+01,1.806375e+01,-1.218216e-01,1.326185e-01,4.225125e-01,1.444512e-01,7.000000e-03,2.000000e-02,-1.923323e-02,7.760000e+01,1.830000e+01,-1.096096e-01,1.517181e-02,2.362480e-01,1.221202e-02,9.079413e+01,4.172087e+02,3.257802e+01,6.253250e+01,1.004691e+02,4.181783e-01,2.667896e+00
3.481000e+03,7.758087e+01,1.824134e+01,-1.124942e-01,1.391860e-01,4.025125e-01,1.246583e-01,6.567532e-03,-2.000000e-02,-1.979291e-02,7.760000e+01,1.830000e+01,-1.096096e-01,1.913367e-02,5.866416e-02,2.884615e-03,9.081326e+01,4.172673e+02,3.258091e+01,6.253287e+01,1.004725e+02,4.181866e-01,2.668731e+00
3.482000e+03,7.759060e+01,1.820592e+01,-1.180267e-01,1.321860e-01,4.225125e-01,1.416671e-01,-7.000000e-03,2.000000e-02,1.700883e-02,7.760000e+01,1.830000e+01,-1.096096e-01,9.398521e-03,9.408395e-02,8.417059e-03,9.082266e+01,4.173614e+02,3.258933e+01,6.253295e+01,1.004814e+02,4.182574e-01,2.669470e+00
3.483000e+03,7.758666e+01,1.836945e+01,-1.127775e-01,1.333889e-01,4.025125e-01,1.268561e-01,1.202851e-03,-2.000000e-02,-1.481095e-02,7.760000e+01,1.830000e+01,-1.096096e-01,1.334050e-02,-6.944954e-02,3.167903e-03,9.083600e+01,4.174309e+02,3.259249e+01,6.253313e+01,1.004862e+02,4.182675e-01,2.670090e+00
3.484000e+03,7.759084e+01,1.832137e+01,-1.197335e-01,1.275846e-01,3.825125e-01,1.456502e-01,-5.804276e-03,-2.000000e-02,1.879409e-02,7.760000e+01,1.830000e+01,-1.096096e-01,9.160599e-03,-2.136865e-02,1.012392e-02,9.084516e+01,4.174522e+02,3.260262e+01,6.253322e+01,1.004866e+02,4.183700e-01,2.670877e+00
3.485000e+03,7.759178e+01,1.808304e+01,-1.286472e-01,1.272887e-01,4.025125e-01,1.642607e-01,-2.958835e-04,2.000000e-02,1.861042e-02,7.760000e+01,1.830000e+01,-1.096096e-01,8.217379e-03,2.169552e-01,1.903759e-02,9.085338e+01,4.176692e+02,3.262166e+01,6.253328e+01,1.005337e+02,4.187324e-01,2.671624e+00
3.486000e+03,7.758485e+01,1.806374e+01,-1.213978e-01,1.342887e-01,4.225125e-01,1.432967e-01,7.000000e-03,2.000000e-02,-2.096398e-02,7.760000e+01,1.830000e+01,-1.096096e-01,1.514549e-02,2.362627e-01,1.178821e-02,9.086852e+01,4.179054e+02,3.263344e+01,6.253351e+01,1.005895e+02,4.188713e-01,2.672512e+00
3.487000e+03,7.758257e+01,1.824132e+01,-1.120524e-01,1.371481e-01,4.025125e-01,1.237675e-01,2.859384e-03,-2.000000e-02,-1.952921e-02,7.760000e+01,1.830000e+01,-1.096096e-01,1.743102e-02,5.867670e-02,2.442813e-03,9.088595e+01,4.179641e+02,3.263589e+01,6.253382e+01,1.005930e+02,4.188773e-01,2.673302e+00
3.488000e+03,7.759060e+01,1.820595e+01,-1.185413e-01,1.301481e-01,4.225125e-01,1.430788e-01,-7.000000e-03,2.000000e-02,1.931138e-02,7.760000e+01,1.830000e+01,-1.096096e-01,9.398767e-03,9.405107e-02,8.931656e-03,9.089535e+01,4.180582e+02,3.264482e+01,6.253391e+01,1.006018e+02,4.189571e-01,2.674124e+00
3.489000e+03,7.758461e+01,1.836948e+01,-1.133167e-01,1.358442e-01,4.025125e-01,1.279444e-01,5.696095e-03,-2.000000e-02,-1.513450e-02,7.760000e+01,1.830000e+01,-1.096096e-01,1.538664e-02,-6.947913e-02,3.707090e-03,9.091074e+01,4.181277e+02,3.264853e+01,6.253414e+01,1.006066e+02,4.189708e-01,2.674785e+00
3.490000e+03,7.759084e+01,1.832134e+01,-1.191137e-01,1.288442e-01,3.825125e-01,1.439470e-01,-7.000000e-03,-2.000000e-02,1.600268e-02,7.760000e+01,1.830000e+01,-1.096096e-01,9.157310e-03,-2.134220e-02,9.504112e-03,9.091990e+01,4.181490e+02,3.265803e+01,6.253423e+01,1.006071e+02,4.190612e-01,2.675490e+00
3.491000e+03,7.759318e+01,1.808302e+01,-1.283038e-01,1.256185e-01,4.025125e-01,1.636844e-01,-3.225702e-03,2.000000e-02,1.973738e-02,7.760000e+01,1.830000e+01,-1.096096e-01,6.824978e-03,2.169789e-01,1.869419e-02,9.092672e+01,4.183660e+02,3.267672e+01,6.253427e+01,1.006542e+02,4.194106e-01,2.676290e+00
3.492000e+03,7.758483e+01,1.806375e+01,-1.218216e-01,1.326185e-01,4.225125e-01,1.444512e-01,7.000000e-03,2.000000e-02,-1.923323e-02,7.760000e+01,1.830000e+01,-1.096096e-01,1.517181e-02,2.362480e-01,1.221202e-02,9.094189e+01,4.186022e+02,3.268894e+01,6.253450e+01,1.007100e+02,4.195598e-01,2.677109e+00
3.493000e+03,7.758087e+01,1.824134e+01,-1.124942e-01,1.391860e-01,4.025125e-01,1.246583e-01,6.567532e-03,-2.000000e-02,-1.979291e-02,7.760000e+01,1.830000e+01,-1.096096e-01,1.913367e-02,5.866416e-02,2.884615e-03,9.096103e+01,4.186609e+02,3.269182e+01,6.253487e+01,1.007134e+02,4.195681e-01,2.677944e+00
3.494000e+03,7.759060e+01,1.820592e+01,-1.180267e-01,1.321860e-01,4.225125e-01,1.416671e-01,-7.000000e-03,2.000000e-02,1.700883e-02,7.760000e+01,1.830000e+01,-1.096096e-01,9.398521e-03,9.408395e-02,8.417059e-03,9.097043e+01,4.187550e+02,3.270024e+01,6.253496e+01,1.007223e+02,4.196389e-01,2.678682e+00
3.495000e+03,7.758666e+01,1.836945e+01,-1.127775e-01,1.333889e-01,4.025125e-01,1.268561e-01,1.202851e-03,-2.000000e-02,-1.481095e-02,7.760000e+01,1.830000e+01,-1.096096e-01,1.334050e-02,-6.944954e-02,3.167903e-03,9.098377e+01,4.188244e+02,3.270341e+01,6.253514e+01,1.007271e+02,4.196490e-01,2.679303e+00
3.496000e+03,7.759084e+01,1.832137e+01,-1.197335e-01,1.275846e-01,3.825125e-01,1.456502e-01,-5.804276e-03,-2.000000e-02,1.879409e-02,7.760000e+01,1.830000e+01,-1.096096e-01,9.160599e-03,-2.136865e-02,1.012392e-02,9.099293e+01,4.188458e+02,3.271353e+01,6.253522e+01,1.007276e+02,4.197515e-01,2.680090e+00
3.497000e+03,7.759178e+01,1.808304e+01,-1.286472e-01,1.272887e-01,4.025125e-01,1.642607e-01,-2.958835e-04,2.000000e-02,1.861042e-02,7.760000e+01,1.830000e+01,-1.096096e-01,8.217379e-03,2.169552e-01,1.903759e-02,9.100114e+01,4.190627e+02,3.273257e+01,6.253529e+01,1.007746e+02,4.201139e-01,2.680837e+00
3.498000e+03,7.758485e+01,1.806374e+01,-1.213978e-01,1.342887e-01,4.225125e-01,1.432967e-01,7.000000e-03,2.000000e-02,-2.096398e-02,7.760000e+01,1.830000e+01,-1.096096e-01,1.514549e-02,2.362627e-01,1.178821e-02,9.101629e+01,4.192990e+02,3.274435e+01,6.253552e+01,1.008304e+02,4.202529e-01,2.681725e+00
3.499000e+03,7.758257e+01,1.824132e+01,-1.120524e-01,1.371481e-01,4.025125e-01,1.237675e-01,2.859384e-03,-2.000000e-02,-1.952921e-02,7.760000e+01,1.830000e+01,-1.096096e-01,1.743102e-02,5.867670e-02,2.442813e-03,9.103372e+01,4.193577e+02,3.274680e+01,6.253582e+01,1.008339e+02,4.202588e-01,2.682515e+00
3.500000e+03,7.759060e+01,1.820595e+01,-1.185413e-01,1.301481e-01,4.225125e-01,1.430788e-01,-7.000000e-03,2.000000e-02,1.931138e-02,7.760000e+01,1.830000e+01,-1.096096e-01,9.398767e-03,9.405107e-02,8.931656e-03,9.104312e+01,4.194517e+02,3.275573e+01,6.253591e+01,1.008427e+02,4.203386e-01,2.683337e+00
3.501000e+03,7.758461e+01,1.836948e+01,-1.133167e-01,1.358442e-01,4.025125e-01,1.279444e-01,5.696095e-03,-2.000000e-02,-1.513450e-02,7.760000e+01,1.830000e+01,-1.096096e-01,1.538664e-02,-6.947913e-02,3.707090e-03,9.105851e+01,4.195212e+02,3.275944e+01,6.253614e+01,1.008476e+02,4.203523e-01,2.683998e+00
3.502000e+03,7.759084e+01,1.832134e+01,-1.191137e-01,1.288442e-01,3.825125e-01,1.439470e-01,-7.000000e-03,-2.000000e-02,1.600268e-02,7.760000e+01,1.830000e+01,-1.096096e-01,9.157310e-03,-2.134220e-02,9.504112e-03,9.106766e+01,4.195426e+02,3.276894e+01,6.253623e+01,1.008480e+02,4.204427e-01,2.684703e+00
3.503000e+03,7.759318e+01,1.808302e+01,-1.283038e-01,1.256185e-01,4.025125e-01,1.636844e-01,-3.225702e-03,2.000000e-02,1.973738e-02,7.760000e+01,1.830000e+01,-1.096096e-01,6.824978e-03,2.169789e-01,1.869419e-02,9.107449e+01,4.197595e+02,3.278763e+01,6.253628e+01,1.008951e+02,4.207921e-01,2.685503e+00
3.504000e+03,7.758483e+01,1.806375e+01,-1.218216e-01,1.326185e-01,4.225125e-01,1.444512e-01,7.000000e-03,2.000000e-02,-1.923323e-02,7.760000e+01,1.830000e+01,-1.096096e-01,1.517181e-02,2.362480e-01,1.221202e-02,9.108966e+01,4.199958e+02,3.279985e+01,6.253651e+01,1.009509e+02,4.209413e-01,2.686322e+00
3.505000e+03,7.758087e+01,1.824134e+01,-1.124942e-01,1.391860e-01,4.025125e-01,1.246583e-01,6.567532e-03,-2.000000e-02,-1.979291e-02,7.760000e+01,1.830000e+01,-1.096096e-01,1.913367e-02,5.866416e-02,2.884615e-03,9.110879e+01,4.200544e+02,3.280273e+01,6.253687e+01,1.009544e+02,4.209496e-01,2.687157e+00
3.506000e+03,7.759060e+01,1.820592e+01,-1.180267e-01,1.321860e-01,4.225125e-01,1.416671e-01,-7.000000e-03,2.000000e-02,1.700883e-02,7.760000e+01,1.830000e+01,-1.096096e-01,9.398521e-03,9.408395e-02,8.417059e-03,9.111819e+01,4.201485e+02,3.281115e+01,6.253696e+01,1.009632e+02,4.210204e-01,2.687895e+00
3.507000e+03,7.758666e+01,1.836945e+01,-1.127775e-01,1.333889e-01,4.025125e-01,1.268561e-01,1.202851e-03,-2.000000e-02,-1.481095e-02,7.760000e+01,1.830000e+01,-1.096096e-01,1.334050e-02,-6.944954e-02,3.167903e-03,9.113153e+01,4.202180e+02,3.281432e+01,6.253714e+01,1.009680e+02,4.210305e-01,2.688516e+00
3.508000e+03,7.759084e+01,1.832137e+01,-1.197335e-01,1.275846e-01,3.825125e-01,1.456502e-01,-5.804276e-03,-2.000000e-02,1.879409e-02,7.760000e+01,1.830000e+01,-1.096096e-01,9.160599e-03,-2.136865e-02,1.012392e-02,9.114069e+01,4.202393e+02,3.282444e+01,6.253722e+01,1.009685e+02,4.211330e-01,2.689303e+00
3.509000e+03,7.759178e+01,1.808304e+01,-1.286472e-01,1.272887e-01,4.025125e-01,1.642607e-01,-2.958835e-04,2.000000e-02,1.861042e-02,7.760000e+01,1.830000e+01,-1.096096e-01,8.217379e-03,2.169552e-01,1.903759e-02,9.114891e+01,4.204563e+02,3.284348e+01,6.253729e+01,1.010156e+02,4.214954e-01,2.690049e+00
3.510000e+03,7.758485e+01,1.806374e+01,-1.213978e-01,1.342887e-01,4.225125e-01,1.432967e-01,7.000000e-03,2.000000e-02,-2.096398e-02,7.760000e+01,1.830000e+01,-1.096096e-01,1.514549e-02,2.362627e-01,1.178821e-02,9.116406e+01,4.206926e+02,3.285527e+01,6.253752e+01,1.010714e+02,4.216344e-01,2.690938e+00
3.511000e+03,7.758257e+01,1.824132e+01,-1.120524e-01,1.371481e-01,4.025125e-01,1.237675e-01,2.859384e-03,-2.000000e-02,-1.952921e-02,7.760000e+01,1.830000e+01,-1.096096e-01,1.743102e-02,5.867670e-02,2.442813e-03,9.118149e+01,4.207512e+02,3.285771e+01,6.253782e+01,1.010748e+02,4.216403e-01,2.691727e+00
3.512000e+03,7.759060e+01,1.820595e+01,-1.185413e-01,1.301481e-01,4.225125e-01,1.430788e-01,-7.000000e-03,2.000000e-02,1.931138e-02,7.760000e+01,1.830000e+01,-1.096096e-01,9.398767e-03,9.405107e-02,8.931656e-03,9.119089e+01,4.208453e+02,3.286664e+01,6.253791e+01,1.010837e+02,4.217201e-01,2.692549e+00
3.513000e+03,7.758461e+01,1.836948e+01,-1.133167e-01,1.358442e-01,4.025125e-01,1.279444e-01,5.696095e-03,-2.000000e-02,-1.513450e-02,7.760000e+01,1.830000e+01,-1.096096e-01,1.538664e-02,-6.947913e-02,3.707090e-03,9.120627e+01,4.209148e+02,3.287035e+01,6.253815e+01,1.010885e+02,4.217338e-01,2.693211e+00
3.514000e+03,7.759084e+01,1.832134e+01,-1.191137e-01,1.288442e-01,3.825125e-01,1.439470e-01,-7.000000e-03,-2.000000e-02,1.600268e-02,7.760000e+01,1.830000e+01,-1.096096e-01,9.157310e-03,-2.134220e-02,9.504112e-03,9.121543e+01,4.209361e+02,3.287985e+01,6.253823e+01,1.010889e+02,4.218242e-01,2.693916e+00
3.515000e+03,7.759318e+01,1.808302e+01,-1.283038e-01,1.256185e-01,4.025125e-01,1.636844e-01,-3.225702e-03,2.000000e-02,1.973738e-02,7.760000e+01,1.830000e+01,-1.096096e-01,6.824978e-03,2.169789e-01,1.869419e-02,9.122226e+01,4.211531e+02,3.289855e+01,6.253828e+01,1.011360e+02,4.221736e-01,2.694716e+00
3.516000e+03,7.758483e+01,1.806375e+01,-1.218216e-01,1.326185e-01,4.225125e-01,1.444512e-01,7.000000e-03,2.000000e-02,-1.923323e-02,7.760000e+01,1.830000e+01,-1.096096e-01,1.517181e-02,2.362480e-01,1.221202e-02,9.123743e+01,4.213893e+02,3.291076e+01,6.253851e+01,1.011918e+02,4.223228e-01,2.695535e+00
3.517000e+03,7.758087e+01,1.824134e+01,-1.124942e-01,1.391860e-01,4.025125e-01,1.246583e-01,6.567532e-03,-2.000000e-02,-1.979291e-02,7.760000e+01,1.830000e+01,-1.096096e-01,1.913367e-02,5.866416e-02,2.884615e-03,9.125656e+01,4.214480e+02,3.291364e+01,6.253887e+01,1.011953e+02,4.223311e-01,2.696370e+00
3.518000e+03,7.759060e+01,1.820592e+01,-1.180267e-01,1.321860e-01,4.225125e-01,1.416671e-01,-7.000000e-03,2.000000e-02,1.700883e-02,7.760000e+01,1.830000e+01,-1.096096e-01,9.398521e-03,9.408395e-02,8.417059e-03,9.126596e+01,4.215421e+02,3.292206e+01,6.253896e+01,1.012041e+02,4.224020e-01,2.697108e+00
3.519000e+03,7.758666e+01,1.836945e+01,-1.127775e-01,1.333889e-01,4.025125e-01,1.268561e-01,1.202851e-03,-2.000000e-02,-1.481095e-02,7.760000e+01,1.830000e+01,-1.096096e-01,1.334050e-02,-6.944954e-02,3.167903e-03,9.127930e+01,4.216115e+02,3.292523e+01,6.253914e+01,1.012090e+02,4.224120e-01,2.697729e+00
3.520000e+03,7.759084e+01,1.832137e+01,-1.197335e-01,1.275846e-01,3.825125e-01,1.456502e-01,-5.804276e-03,-2.000000e-02,1.879409e-02,7.760000e+01,1.830000e+01,-1.096096e-01,9.160599e-03,-2.136865e-02,1.012392e-02,9.128846e+01,4.216329e+02,3.293535e+01,6.253922e+01,1.012094e+02,4.225145e-01,2.698516e+00
3.521000e+03,7.759178e+01,1.808304e+01,-1.286472e-01,1.272887e-01,4.025125e-01,1.642607e-01,-2.958835e-04,2.000000e-02,1.861042e-02,7.760000e+01,1.830000e+01,-1.096096e-01,8.217379e-03,2.169552e-01,1.903759e-02,9.129668e+01,4.218499e+02,3.295439e+01,6.253929e+01,1.012565e+02,4.228769e-01,2.699262e+00
3.522000e+03,7.758485e+01,1.806374e+01,-1.213978e-01,1.342887e-01,4.225125e-01,1.432967e-01,7.000000e-03,2.000000e-02,-2.096398e-02,7.760000e+01,1.830000e+01,-1.096096e-01,1.514549e-02,2.362627e-01,1.178821e-02,9.131182e+01,4.220861e+02,3.296618e+01,6.253952e+01,1.013123e+02,4.230159e-01,2.700151e+00
3.523000e+03,7.758257e+01,1.824132e+01,-1.120524e-01,1.371481e-01,4.025125e-01,1.237675e-01,2.859384e-03,-2.000000e-02,-1.952921e-02,7.760000e+01,1.830000e+01,-1.096096e-01,1.743102e-02,5.867670e-02,2.442813e-03,9.132925e+01,4.221448e+02,3.296862e+01,6.253983e+01,1.013157e+02,4.230218e-01,2.700940e+00
3.524000e+03,7.759060e+01,1.820595e+01,-1.185413e-01,1.301481e-01,4.225125e-01,1.430788e-01,-7.000000e-03,2.000000e-02,1.931138e-02,7.760000e+01,1.830000e+01,-1.096096e-01,9.398767e-03,9.405107e-02,8.931656e-03,9.133865e+01,4.222389e+02,3.297755e+01,6.253991e+01,1.013246e+02,4.231016e-01,2.701762e+00
3.525000e+03,7.758461e+01,1.836948e+01,-1.133167e-01,1.358442e-01,4.025125e-01,1.279444e-01,5.696095e-03,-2.000000e-02,-1.513450e-02,7.760000e+01,1.830000e+01,-1.096096e-01,1.538664e-02,-6.947913e-02,3.707090e-03,9.135404e+01,4.223083e+02,3.298126e+01,6.254015e+01,1.013294e+02,4.231154e-01,2.702424e+00
3.526000e+03,7.759084e+01,1.832134e+01,-1.191137e-01,1.288442e-01,3.825125e-01,1.439470e-01,-7.000000e-03,-2.000000e-02,1.600268e-02,7.760000e+01,1.830000e+01,-1.096096e-01,9.157310e-03,-2.134220e-02,9.504112e-03,9.136320e+01,4.223297e+02,3.299076e+01,6.254023e+01,1.013299e+02,4.232057e-01,2.703129e+00
3.527000e+03,7.759318e+01,1.808302e+01,-1.283038e-01,1.256185e-01,4.025125e-01,1.636844e-01,-3.225702e-03,2.000000e-02,1.973738e-02,7.760000e+01,1.830000e+01,-1.096096e-01,6.824978e-03,2.169789e-01,1.869419e-02,9.137002e+01,4.225467e+02,3.300946e+01,6.254028e+01,1.013770e+02,4.235552e-01,2.703929e+00
3.528000e+03,7.758483e+01,1.806375e+01,-1.218216e-01,1.326185e-01,4.225125e-01,1.444512e-01,7.000000e-03,2.000000e-02,-1.923323e-02,7.760000e+01,1.830000e+01,-1.096096e-01,1.517181e-02,2.362480e-01,1.221202e-02,9.138519e+01,4.227829e+02,3.302167e+01,6.254051e+01,1.014328e+02,4.237043e-01,2.704748e+00
3.529000e+03,7.758087e+01,1.824134e+01,-1.124942e-01,1.391860e-01,4.025125e-01,1.246583e-01,6.567532e-03,-2.000000e-02,-1.979291e-02,7.760000e+01,1.830000e+01,-1.096096e-01,1.913367e-02,5.866416e-02,2.884615e-03,9.140433e+01,4.228416e+02,3.302455e+01,6.254088e+01,1.014362e+02,4.237126e-01,2.705582e+00
3.530000e+03,7.759060e+01,1.820592e+01,-1.180267e-01,1.321860e-01,4.225125e-01,1.416671e-01,-7.000000e-03,2.000000e-02,1.700883e-02,7.760000e+01,1.830000e+01,-1.096096e-01,9.398521e-03,9.408395e-02,8.417059e-03,9.141373e+01,4.229357e+02,3.303297e+01,6.254097e+01,1.014451e+02,4.237835e-01,2.706321e+00
3.531000e+03,7.758666e+01,1.836945e+01,-1.127775e-01,1.333889e-01,4.025125e-01,1.268561e-01,1.202851e-03,-2.000000e-02,-1.481095e-02,7.760000e+01,1.830000e+01,-1.096096e-01,1.334050e-02,-6.944954e-02,3.167903e-03,9.142707e+01,4.230051e+02,3.303614e+01,6.254114e+01,1.014499e+02,4.237935e-01,2.706942e+00
3.532000e+03,7.759084e+01,1.832137e+01,-1.197335e-01,1.275846e-01,3.825125e-01,1.456502e-01,-5.804276e-03,-2.000000e-02,1.879409e-02,7.760000e+01,1.830000e+01,-1.096096e-01,9.160599e-03,-2.136865e-02,1.012392e-02,9.143623e+01,4.230265e+02,3.304626e+01,6.254123e+01,1.014503e+02,4.238960e-01,2.707729e+00
3.533000e+03,7.759178e+01,1.808304e+01,-1.286472e-01,1.272887e-01,4.025125e-01,1.642607e-01,-2.958835e-04,2.000000e-02,1.861042e-02,7.760000e+01,1.830000e+01,-1.096096e-01,8.217379e-03,2.169552e-01,1.903759e-02,9.144444e+01,4.232434e+02,3.306530e+01,6.254129e+01,1.014974e+02,4.242584e-01,2.708475e+00
3.534000e+03,7.758485e+01,1.806374e+01,-1.213978e-01,1.342887e-01,4.225125e-01,1.432967e-01,7.000000e-03,2.000000e-02,-2.096398e-02,7.760000e+01,1.830000e+01,-1.096096e-01,1.514549e-02,2.362627e-01,1.178821e-02,9.145959e+01,4.234797e+02,3.307709e+01,6.254152e+01,1.015532e+02,4.243974e-01,2.709363e+00
3.535000e+03,7.758257e+01,1.824132e+01,-1.120524e-01,1.371481e-01,4.025125e-01,1.237675e-01,2.859384e-03,-2.000000e-02,-1.952921e-02,7.760000e+01,1.830000e+01,-1.096096e-01,1.743102e-02,5.867670e-02,2.442813e-03,9.147702e+01,4.235384e+02,3.307953e+01,6.254183e+01,1.015567e+02,4.244033e-01,2.710153e+00
3.536000e+03,7.759060e+01,1.820595e+01,-1.185413e-01,1.301481e-01,4.225125e-01,1.430788e-01,-7.000000e-03,2.000000e-02,1.931138e-02,7.760000e+01,1.830000e+01,-1.096096e-01,9.398767e-03,9.405107e-02,8.931656e-03,9.148642e+01,4.236324e+02,3.308846e+01,6.254192e+01,1.015655e+02,4.244831e-01,2.710975e+00
3.537000e+03,7.758461e+01,1.836948e+01,-1.133167e-01,1.358442e-01,4.025125e-01,1.279444e-01,5.696095e-03,-2.000000e-02,-1.513450e-02,7.760000e+01,1.830000e+01,-1.096096e-01,1.538664e-02,-6.947913e-02,3.707090e-03,9.150181e+01,4.237019e+02,3.309217e+01,6.254215e+01,1.015703e+02,4.244969e-01,2.711636e+00
3.538000e+03,7.759084e+01,1.832134e+01,-1.191137e-01,1.288442e-01,3.825125e-01,1.439470e-01,-7.000000e-03,-2.000000e-02,1.600268e-02,7.760000e+01,1.830000e+01,-1.096096e-01,9.157310e-03,-2.134220e-02,9.504112e-03,9.151096e+01,4.237232e+02,3.310167e+01,6.254224e+01,1.015708e+02,4.245872e-01,2.712342e+00
3.539000e+03,7.759318e+01,1.808302e+01,-1.283038e-01,1.256185e-01,4.025125e-01,1.636844e-01,-3.225702e-03,2.000000e-02,1.973738e-02,7.760000e+01,1.830000e+01,-1.096096e-01,6.824978e-03,2.169789e-01,1.869419e-02,9.151779e+01,4.239402e+02,3.312037e+01,6.254228e+01,1.016179e+02,4.249367e-01,2.713141e+00
3.540000e+03,7.758483e+01,1.806375e+01,-1.218216e-01,1.326185e-01,4.225125e-01,1.444512e-01,7.000000e-03,2.000000e-02,-1.923323e-02,7.760000e+01,1.830000e+01,-1.096096e-01,1.517181e-02,2.362480e-01,1.221202e-02,9.153296e+01,4.241765e+02,3.313258e+01,6.254251e+01,1.016737e+02,4.250858e-01,2.713960e+00
3.541000e+03,7.758087e+01,1.824134e+01,-1.124942e-01,1.391860e-01,4.025125e-01,1.246583e-01,6.567532e-03,-2.000000e-02,-1.979291e-02,7.760000e+01,1.830000e+01,-1.096096e-01,1.913367e-02,5.866416e-02,2.884615e-03,9.155209e+01,4.242351e+02,3.313546e+01,6.254288e+01,1.016771e+02,4.250941e-01,2.714795e+00
3.542000e+03,7.759060e+01,1.820592e+01,-1.180267e-01,1.321860e-01,4.225125e-01,1.416671e-01,-7.000000e-03,2.000000e-02,1.700883e-02,7.760000e+01,1.830000e+01,-1.096096e-01,9.398521e-03,9.408395e-02,8.417059e-03,9.156149e+01,4.243292e+02,3.314388e+01,6.254297e+01,1.016860e+02,4.251650e-01,2.715534e+00
3.543000e+03,7.758666e+01,1.836945e+01,-1.127775e-01,1.333889e-01,4.025125e-01,1.268561e-01,1.202851e-03,-2.000000e-02,-1.481095e-02,7.760000e+01,1.830000e+01,-1.096096e-01,1.334050e-02,-6.944954e-02,3.167903e-03,9.157483e+01,4.243987e+02,3.314705e+01,6.254315e+01,1.016908e+02,4.251750e-01,2.716154e+00
3.544000e+03,7.759084e+01,1.832137e+01,-1.197335e-01,1.275846e-01,3.825125e-01,1.456502e-01,-5.804276e-03,-2.000000e-02,1.879409e-02,7.760000e+01,1.830000e+01,-1.096096e-01,9.160599e-03,-2.136865e-02,1.012392e-02,9.158399e+01,4.244200e+02,3.315717e+01,6.254323e+01,1.016913e+02,4.252775e-01,2.716941e+00
3.545000e+03,7.759178e+01,1.808304e+01,-1.286472e-01,1.272887e-01,4.025125e-01,1.642607e-01,-2.958835e-04,2.000000e-02,1.861042e-02,7.760000e+01,1.830000e+01,-1.096096e-01,8.217379e-03,2.169552e-01,1.903759e-02,9.159221e+01,4.246370e+02,3.317621e+01,6.254330e+01,1.017383e+02,4.256399e-01,2.717688e+00
3.546000e+03,7.758485e+01,1.806374e+01,-1.213978e-01,1.342887e-01,4.225125e-01,1.432967e-01,7.000000e-03,2.000000e-02,-2.096398e-02,7.760000e+01,1.830000e+01,-1.096096e-01,1.514549e-02,2.362627e-01,1.178821e-02,9.160736e+01,4.248732e+02,3.318800e+01,6.254353e+01,1.017942e+02,4.257789e-01,2.718576e+00
3.547000e+03,7.758257e+01,1.824132e+01,-1.120524e-01,1.371481e-01,4.025125e-01,1.237675e-01,2.859384e-03,-2.000000e-02,-1.952921e-02,7.760000e+01,1.830000e+01,-1.096096e-01,1.743102e-02,5.867670e-02,2.442813e-03,9.162479e+01,4.249319e+02,3.319044e+01,6.254383e+01,1.017976e+02,4.257849e-01,2.719366e+00
3.548000e+03,7.759060e+01,1.820595e+01,-1.185413e-01,1.301481e-01,4.225125e-01,1.430788e-01,-7.000000e-03,2.000000e-02,1.931138e-02,7.760000e+01,1.830000e+01,-1.096096e-01,9.398767e-03,9.405107e-02,8.931656e-03,9.163419e+01,4.250260e+02,3.319937e+01,6.254392e+01,1.018064e+02,4.258646e-01,2.720188e+00
3.549000e+03,7.758461e+01,1.836948e+01,-1.133167e-01,1.358442e-01,4.025125e-01,1.279444e-01,5.696095e-03,-2.000000e-02,-1.513450e-02,7.760000e+01,1.830000e+01,-1.096096e-01,1.538664e-02,-6.947913e-02,3.707090e-03,9.164957e+01,4.250955e+02,3.320308e+01,6.254416e+01,1.018113e+02,4.258784e-01,2.720849e+00
3.550000e+03,7.759084e+01,1.832134e+01,-1.191137e-01,1.288442e-01,3.825125e-01,1.439470e-01,-7.000000e-03,-2.000000e-02,1.600268e-02,7.760000e+01,1.830000e+01,-1.096096e-01,9.157310e-03,-2.134220e-02,9.504112e-03,9.165873e+01,4.251168e+02,3.321259e+01,6.254424e+01,1.018117e+02,4.259687e-01,2.721554e+00
3.551000e+03,7.759318e+01,1.808302e+01,-1.283038e-01,1.256185e-01,4.025125e-01,1.636844e-01,-3.225702e-03,2.000000e-02,1.973738e-02,7.760000e+01,1.830000e+01,-1.096096e-01,6.824978e-03,2.169789e-01,1.869419e-02,9.166556e+01,4.253338e+02,3.323128e+01,6.254429e+01,1.018588e+02,4.263182e-01,2.722354e+00
3.552000e+03,7.758483e+01,1.806375e+01,-1.218216e-01,1.326185e-01,4.225125e-01,1.444512e-01,7.000000e-03,2.000000e-02,-1.923323e-02,7.760000e+01,1.830000e+01,-1.096096e-01,1.517181e-02,2.362480e-01,1.221202e-02,9.168073e+01,4.255700e+02,3.324349e+01,6.254452e+01,1.019146e+02,4.264673e-01,2.723173e+00
3.553000e+03,7.758087e+01,1.824134e+01,-1.124942e-01,1.391860e-01,4.025125e-01,1.246583e-01,6.567532e-03,-2.000000e-02,-1.979291e-02,7.760000e+01,1.830000e+01,-1.096096e-01,1.913367e-02,5.866416e-02,2.884615e-03,9.169986e+01,4.256287e+02,3.324638e+01,6.254488e+01,1.019181e+02,4.264756e-01,2.724008e+00
3.554000e+03,7.759060e+01,1.820592e+01,-1.180267e-01,1.321860e-01,4.225125e-01,1.416671e-01,-7.000000e-03,2.000000e-02,1.700883e-02,7.760000e+01,1.830000e+01,-1.096096e-01,9.398521e-03,9.408395e-02,8.417059e-03,9.170926e+01,4.257228e+02,3.325479e+01,6.254497e+01,1.019269e+02,4.265465e-01,2.724746e+00
3.555000e+03,7.758666e+01,1.836945e+01,-1.127775e-01,1.333889e-01,4.025125e-01,1.268561e-01,1.202851e-03,-2.000000e-02,-1.481095e-02,7.760000e+01,1.830000e+01,-1.096096e-01,1.334050e-02,-6.944954e-02,3.167903e-03,9.172260e+01,4.257922e+02,3.325796e+01,6.254515e+01,1.019317e+02,4.265565e-01,2.725367e+00
3.556000e+03,7.759084e+01,1.832137e+01,-1.197335e-01,1.275846e-01,3.825125e-01,1.456502e-01,-5.804276e-03,-2.000000e-02,1.879409e-02,7.760000e+01,1.830000e+01,-1.096096e-01,9.160599e-03,-2.136865e-02,1.012392e-02,9.173176e+01,4.258136e+02,3.326808e+01,6.254523e+01,1.019322e+02,4.266590e-01,2.726154e+00
3.557000e+03,7.759178e+01,1.808304e+01,-1.286472e-01,1.272887e-01,4.025125e-01,1.642607e-01,-2.958835e-04,2.000000e-02,1.861042e-02,7.760000e+01,1.830000e+01,-1.096096e-01,8.217379e-03,2.169552e-01,1.903759e-02,9.173998e+01,4.260305e+02,3.328712e+01,6.254530e+01,1.019793e+02,4.270214e-01,2.726901e+00
3.558000e+03,7.758485e+01,1.806374e+01,-1.213978e-01,1.342887e-01,4.225125e-01,1.432967e-01,7.000000e-03,2.000000e-02,-2.096398e-02,7.760000e+01,1.830000e+01,-1.096096e-01,1.514549e-02,2.362627e-01,1.178821e-02,9.175512e+01,4.262668e+02,3.329891e+01,6.254553e+01,1.020351e+02,4.271604e-01,2.727789e+00
3.559000e+03,7.758257e+01,1.824132e+01,-1.120524e-01,1.371481e-01,4.025125e-01,1.237675e-01,2.859384e-03,-2.000000e-02,-1.952921e-02,7.760000e+01,1.830000e+01,-1.096096e-01,1.743102e-02,5.867670e-02,2.442813e-03,9.177255e+01,4.263255e+02,3.330135e+01,6.254583e+01,1.020385e+02,4.271664e-01,2.728579e+00
3.560000e+03,7.759060e+01,1.820595e+01,-1.185413e-01,1.301481e-01,4.225125e-01,1.430788e-01,-7.000000e-03,2.000000e-02,1.931138e-02,7.760000e+01,1.830000e+01,-1.096096e-01,9.398767e-03,9.405107e-02,8.931656e-03,9.178195e+01,4.264195e+02,3.331029e+01,6.254592e+01,1.020474e+02,4.272461e-01,2.729401e+00
3.561000e+03,7.758461e+01,1.836948e+01,-1.133167e-01,1.358442e-01,4.025125e-01,1.279444e-01,5.696095e-03,-2.000000e-02,-1.513450e-02,7.760000e+01,1.830000e+01,-1.096096e-01,1.538664e-02,-6.947913e-02,3.707090e-03,9.179734e+01,4.264890e+02,3.331399e+01,6.254616e+01,1.020522e+02,4.272599e-01,2.730062e+00
3.562000e+03,7.759084e+01,1.832134e+01,-1.191137e-01,1.288442e-01,3.825125e-01,1.439470e-01,-7.000000e-03,-2.000000e-02,1.600268e-02,7.760000e+01,1.830000e+01,-1.096096e-01,9.157310e-03,-2.134220e-02,9.504112e-03,9.180650e+01,4.265104e+02,3.332350e+01,6.254624e+01,1.020527e+02,4.273502e-01,2.730767e+00
3.563000e+03,7.759318e+01,1.808302e+01,-1.283038e-01,1.256185e-01,4.025125e-01,1.636844e-01,-3.225702e-03,2.000000e-02,1.973738e-02,7.760000e+01,1.830000e+01,-1.096096e-01,6.824978e-03,2.169789e-01,1.869419e-02,9.181332e+01,4.267273e+02,3.334219e+01,6.254629e+01,1.020997e+02,4.276997e-01,2.731567e+00
3.564000e+03,7.758483e+01,1.806375e+01,-1.218216e-01,1.326185e-01,4.225125e-01,1.444512e-01,7.000000e-03,2.000000e-02,-1.923323e-02,7.760000e+01,1.830000e+01,-1.096096e-01,1.517181e-02,2.362480e-01,1.221202e-02,9.182849e+01,4.269636e+02,3.335440e+01,6.254652e+01,1.021555e+02,4.278488e-01,2.732386e+00
3.565000e+03,7.758087e+01,1.824134e+01,-1.124942e-01,1.391860e-01,4.025125e-01,1.246583e-01,6.567532e-03,-2.000000e-02,-1.979291e-02,7.760000e+01,1.830000e+01,-1.096096e-01,1.913367e-02,5.866416e-02,2.884615e-03,9.184763e+01,4.270222e+02,3.335729e+01,6.254689e+01,1.021590e+02,4.278571e-01,2.733221e+00
3.566000e+03,7.759060e+01,1.820592e+01,-1.180267e-01,1.321860e-01,4.225125e-01,1.416671e-01,-7.000000e-03,2.000000e-02,1.700883e-02,7.760000e+01,1.830000e+01,-1.096096e-01,9.398521e-03,9.408395e-02,8.417059e-03,9.185703e+01,4.271163e+02,3.336570e+01,6.254697e+01,1.021678e+02,4.279280e-01,2.733959e+00
3.567000e+03,7.758666e+01,1.836945e+01,-1.127775e-01,1.333889e-01,4.025125e-01,1.268561e-01,1.202851e-03,-2.000000e-02,-1.481095e-02,7.760000e+01,1.830000e+01,-1.096096e-01,1.334050e-02,-6.944954e-02,3.167903e-03,9.187037e+01,4.271858e+02,3.336887e+01,6.254715e+01,1.021727e+02,4.279380e-01,2.734580e+00
3.568000e+03,7.759084e+01,1.832137e+01,-1.197335e-01,1.275846e-01,3.825125e-01,1.456502e-01,-5.804276e-03,-2.000000e-02,1.879409e-02,7.760000e+01,1.830000e+01,-1.096096e-01,9.160599e-03,-2.136865e-02,1.012392e-02,9.187953e+01,4.272072e+02,3.337900e+01,6.254724e+01,1.021731e+02,4.280405e-01,2.735367e+00
3.569000e+03,7.759178e+01,1.808304e+01,-1.286472e-01,1.272887e-01,4.025125e-01,1.642607e-01,-2.958835e-04,2.000000e-02,1.861042e-02,7.760000e+01,1.830000e+01,-1.096096e-01,8.217379e-03,2.169552e-01,1.903759e-02,9.188774e+01,4.274241e+02,3.339803e+01,6.254730e+01,1.022202e+02,4.284029e-01,2.736113e+00
3.570000e+03,7.758485e+01,1.806374e+01,-1.213978e-01,1.342887e-01,4.225125e-01,1.432967e-01,7.000000e-03,2.000000e-02,-2.096398e-02,7.760000e+01,1.830000e+01,-1.096096e-01,1.514549e-02,2.362627e-01,1.178821e-02,9.190289e+01,4.276604e+02,3.340982e+01,6.254753e+01,1.022760e+02,4.285419e-01,2.737002e+00
3.571000e+03,7.758257e+01,1.824132e+01,-1.120524e-01,1.371481e-01,4.025125e-01,1.237675e-01,2.859384e-03,-2.000000e-02,-1.952921e-02,7.760000e+01,1.830000e+01,-1.096096e-01,1.743102e-02,5.867670e-02,2.442813e-03,9.192032e+01,4.277190e+02,3.341226e+01,6.254784e+01,1.022795e+02,4.285479e-01,2.737791e+00
3.572000e+03,7.759060e+01,1.820595e+01,-1.185413e-01,1.301481e-01,4.225125e-01,1.430788e-01,-7.000000e-03,2.000000e-02,1.931138e-02,7.760000e+01,1.830000e+01,-1.096096e-01,9.398767e-03,9.405107e-02,8.931656e-03,9.192972e+01,4.278131e+02,3.342120e+01,6.254792e+01,1.022883e+02,4.286276e-01,2.738613e+00
3.573000e+03,7.758461e+01,1.836948e+01,-1.133167e-01,1.358442e-01,4.025125e-01,1.279444e-01,5.696095e-03,-2.000000e-02,-1.513450e-02,7.760000e+01,1.830000e+01,-1.096096e-01,1.538664e-02,-6.947913e-02,3.707090e-03,9.194511e+01,4.278826e+02,3.342490e+01,6.254816e+01,1.022931e+02,4.286414e-01,2.739275e+00
3.574000e+03,7.759084e+01,1.832134e+01,-1.191137e-01,1.288442e-01,3.825125e-01,1.439470e-01,-7.000000e-03,-2.000000e-02,1.600268e-02,7.760000e+01,1.830000e+01,-1.096096e-01,9.157310e-03,-2.134220e-02,9.504112e-03,9.195426e+01,4.279039e+02,3.343441e+01,6.254825e+01,1.022936e+02,4.287317e-01,2.739980e+00
3.575000e+03,7.759318e+01,1.808302e+01,-1.283038e-01,1.256185e-01,4.025125e-01,1.636844e-01,-3.225702e-03,2.000000e-02,1.973738e-02,7.760000e+01,1.830000e+01,-1.096096e-01,6.824978e-03,2.169789e-01,1.869419e-02,9.196109e+01,4.281209e+02,3.345310e+01,6.254829e+01,1.023407e+02,4.290812e-01,2.740780e+00
3.576000e+03,7.758483e+01,1.806375e+01,-1.218216e-01,1.326185e-01,4.225125e-01,1.444512e-01,7.000000e-03,2.000000e-02,-1.923323e-02,7.760000e+01,1.830000e+01,-1.096096e-01,1.517181e-02,2.362480e-01,1.221202e-02,9.197626e+01,4.283571e+02,3.346531e+01,6.254852e+01,1.023965e+02,4.292303e-01,2.741599e+00
3.577000e+03,7.758087e+01,1.824134e+01,-1.124942e-01,1.391860e-01,4.025125e-01,1.246583e-01,6.567532e-03,-2.000000e-02,-1.979291e-02,7.760000e+01,1.830000e+01,-1.096096e-01,1.913367e-02,5.866416e-02,2.884615e-03,9.199539e+01,4.284158e+02,3.346820e+01,6.254889e+01,1.023999e+02,4.292386e-01,2.742434e+00
3.578000e+03,7.759060e+01,1.820592e+01,-1.180267e-01,1.321860e-01,4.225125e-01,1.416671e-01,-7.000000e-03,2.000000e-02,1.700883e-02,7.760000e+01,1.830000e+01,-1.096096e-01,9.398521e-03,9.408395e-02,8.417059e-03,9.200479e+01,4.285099e+02,3.347662e+01,6.254898e+01,1.024088e+02,4.293095e-01,2.743172e+00
3.579000e+03,7.758666e+01,1.836945e+01,-1.127775e-01,1.333889e-01,4.025125e-01,1.268561e-01,1.202851e-03,-2.000000e-02,-1.481095e-02,7.760000e+01,1.830000e+01,-1.096096e-01,1.334050e-02,-6.944954e-02,3.167903e-03,9.201813e+01,4.285793e+02,3.347978e+01,6.254915e+01,1.024136e+02,4.293195e-01,2.743793e+00
3.580000e+03,7.759084e+01,1.832137e+01,-1.197335e-01,1.275846e-01,3.825125e-01,1.456502e-01,-5.804276e-03,-2.000000e-02,1.879409e-02,7.760000e+01,1.830000e+01,-1.096096e-01,9.160599e-03,-2.136865e-02,1.012392e-02,9.202729e+01,4.286007e+02,3.348991e+01,6.254924e+01,1.024140e+02,4.294220e-01,2.744580e+00
3.581000e+03,7.759178e+01,1.808304e+01,-1.286472e-01,1.272887e-01,4.025125e-01,1.642607e-01,-2.958835e-04,2.000000e-02,1.861042e-02,7.760000e+01,1.830000e+01,-1.096096e-01,8.217379e-03,2.169552e-01,1.903759e-02,9.203551e+01,4.288177e+02,3.350894e+01,6.254931e+01,1.024611e+02,4.297844e-01,2.745326e+00
3.582000e+03,7.758485e+01,1.806374e+01,-1.213978e-01,1.342887e-01,4.225125e-01,1.432967e-01,7.000000e-03,2.000000e-02,-2.096398e-02,7.760000e+01,1.830000e+01,-1.096096e-01,1.514549e-02,2.362627e-01,1.178821e-02,9.205066e+01,4.290539e+02,3.352073e+01,6.254954e+01,1.025169e+02,4.299234e-01,2.746215e+00
3.583000e+03,7.758257e+01,1.824132e+01,-1.120524e-01,1.371481e-01,4.025125e-01,1.237675e-01,2.859384e-03,-2.000000e-02,-1.952921e-02,7.760000e+01,1.830000e+01,-1.096096e-01,1.743102e-02,5.867670e-02,2.442813e-03,9.206809e+01,4.291126e+02,3.352318e+01,6.254984e+01,1.025204e+02,4.299294e-01,2.747004e+00
3.584000e+03,7.759060e+01,1.820595e+01,-1.185413e-01,1.301481e-01,4.225125e-01,1.430788e-01,-7.000000e-03,2.000000e-02,1.931138e-02,7.760000e+01,1.830000e+01,-1.096096e-01,9.398767e-03,9.405107e-02,8.931656e-03,9.207749e+01,4.292067e+02,3.353211e+01,6.254993e+01,1.025292e+02,4.300092e-01,2.747826e+00
3.585000e+03,7.758461e+01,1.836948e+01,-1.133167e-01,1.358442e-01,4.025125e-01,1.279444e-01,5.696095e-03,-2.000000e-02,-1.513450e-02,7.760000e+01,1.830000e+01,-1.096096e-01,1.538664e-02,-6.947913e-02,3.707090e-03,9.209287e+01,4.292761e+02,3.353581e+01,6.255016e+01,1.025341e+02,4.300229e-01,2.748488e+00
3.586000e+03,7.759084e+01,1.832134e+01,-1.191137e-01,1.288442e-01,3.825125e-01,1.439470e-01,-7.000000e-03,-2.000000e-02,1.600268e-02,7.760000e+01,1.830000e+01,-1.096096e-01,9.157310e-03,-2.134220e-02,9.504112e-03,9.210203e+01,4.292975e+02,3.354532e+01,6.255025e+01,1.025345e+02,4.301132e-01,2.749193e+00
3.587000e+03,7.759318e+01,1.808302e+01,-1.283038e-01,1.256185e-01,4.025125e-01,1.636844e-01,-3.225702e-03,2.000000e-02,1.973738e-02,7.760000e+01,1.830000e+01,-1.096096e-01,6.824978e-03,2.169789e-01,1.869419e-02,9.210886e+01,4.295145e+02,3.356401e+01,6.255029e+01,1.025816e+02,4.304627e-01,2.749993e+00
3.588000e+03,7.758483e+01,1.806375e+01,-1.218216e-01,1.326185e-01,4.225125e-01,1.444512e-01,7.000000e-03,2.000000e-02,-1.923323e-02,7.760000e+01,1.830000e+01,-1.096096e-01,1.517181e-02,2.362480e-01,1.221202e-02,9.212403e+01,4.297507e+02,3.357623e+01,6.255052e+01,1.026374e+02,4.306118e-01,2.750812e+00
3.589000e+03,7.758087e+01,1.824134e+01,-1.124942e-01,1.391860e-01,4.025125e-01,1.246583e-01,6.567532e-03,-2.000000e-02,-1.979291e-02,7.760000e+01,1.830000e+01,-1.096096e-01,1.913367e-02,5.866416e-02,2.884615e-03,9.214316e+01,4.298094e+02,3.357911e+01,6.255089e+01,1.026408e+02,4.306202e-01,2.751646e+00
3.590000e+03,7.759060e+01,1.820592e+01,-1.180267e-01,1.321860e-01,4.225125e-01,1.416671e-01,-7.000000e-03,2.000000e-02,1.700883e-02,7.760000e+01,1.830000e+01,-1.096096e-01,9.398521e-03,9.408395e-02,8.417059e-03,9.215256e+01,4.299035e+02,3.358753e+01,6.255098e+01,1.026497e+02,4.306910e-01,2.752385e+00
3.591000e+03,7.758666e+01,1.836945e+01,-1.127775e-01,1.333889e-01,4.025125e-01,1.268561e-01,1.202851e-03,-2.000000e-02,-1.481095e-02,7.760000e+01,1.830000e+01,-1.096096e-01,1.334050e-02,-6.944954e-02,3.167903e-03,9.216590e+01,4.299729e+02,3.359069e+01,6.255116e+01,1.026545e+02,4.307010e-01,2.753006e+00
3.592000e+03,7.759084e+01,1.832137e+01,-1.197335e-01,1.275846e-01,3.825125e-01,1.456502e-01,-5.804276e-03,-2.000000e-02,1.879409e-02,7.760000e+01,1.830000e+01,-1.096096e-01,9.160599e-03,-2.136865e-02,1.012392e-02,9.217506e+01,4.299943e+02,3.360082e+01,6.255124e+01,1.026550e+02,4.308035e-01,2.753793e+00
3.593000e+03,7.759178e+01,1.808304e+01,-1.286472e-01,1.272887e-01,4.025125e-01,1.642607e-01,-2.958835e-04,2.000000e-02,1.861042e-02,7.760000e+01,1.830000e+01,-1.096096e-01,8.217379e-03,2.169552e-01,1.903759e-02,9.218328e+01,4.302112e+02,3.361986e+01,6.255131e+01,1.027020e+02,4.311660e-01,2.754539e+00
3.594000e+03,7.758485e+01,1.806374e+01,-1.213978e-01,1.342887e-01,4.225125e-01,1.432967e-01,7.000000e-03,2.000000e-02,-2.096398e-02,7.760000e+01,1.830000e+01,-1.096096e-01,1.514549e-02,2.362627e-01,1.178821e-02,9.219842e+01,4.304475e+02,3.363164e+01,6.255154e+01,1.027579e+02,4.313049e-01,2.755427e+00
3.595000e+03,7.758257e+01,1.824132e+01,-1.120524e-01,1.371481e-01,4.025125e-01,1.237675e-01,2.859384e-03,-2.000000e-02,-1.952921e-02,7.760000e+01,1.830000e+01,-1.096096e-01,1.743102e-02,5.867670e-02,2.442813e-03,9.221585e+01,4.305062e+02,3.363409e+01,6.255184e+01,1.027613e+02,4.313109e-01,2.756217e+00
3.596000e+03,7.759060e+01,1.820595e+01,-1.185413e-01,1.301481e-01,4.225125e-01,1.430788e-01,-7.000000e-03,2.000000e-02,1.931138e-02,7.760000e+01,1.830000e+01,-1.096096e-01,9.398767e-03,9.405107e-02,8.931656e-03,9.222525e+01,4.306002e+02,3.364302e+01,6.255193e+01,1.027702e+02,4.313907e-01,2.757039e+00
3.597000e+03,7.758461e+01,1.836948e+01,-1.133167e-01,1.358442e-01,4.025125e-01,1.279444e-01,5.696095e-03,-2.000000e-02,-1.513450e-02,7.760000e+01,1.830000e+01,-1.096096e-01,1.538664e-02,-6.947913e-02,3.707090e-03,9.224064e+01,4.306697e+02,3.364673e+01,6.255217e+01,1.027750e+02,4.314044e-01,2.757700e+00
3.598000e+03,7.759084e+01,1.832134e+01,-1.191137e-01,1.288442e-01,3.825125e-01,1.439470e-01,-7.000000e-03,-2.000000e-02,1.600268e-02,7.760000e+01,1.830000e+01,-1.096096e-01,9.157310e-03,-2.134220e-02,9.504112e-03,9.224980e+01,4.306910e+02,3.365623e+01,6.255225e+01,1.027754e+02,4.314947e-01,2.758406e+00
3.599000e+03,7.759318e+01,1.808302e+01,-1.283038e-01,1.256185e-01,4.025125e-01,1.636844e-01,-3.225702e-03,2.000000e-02,1.973738e-02,7.760000e+01,1.830000e+01,-1.096096e-01,6.824978e-03,2.169789e-01,1.869419e-02,9.225662e+01,4.309080e+02,3.367492e+01,6.255230e+01,1.028225e+02,4.318442e-01,2.759205e+00
